#labels: ptw__-4p0__-3p5_lower[1] ptw__-4p0__-3p5_center[2] ptw__-4p0__-3p5_upper[3] tot_scale01[4] tot_scale01_Err[5] tot_scale02[6] tot_scale02_Err[7] tot_scale03[8] tot_scale03_Err[9] tot_scale04[10] tot_scale04_Err[11] tot_scale05[12] tot_scale05_Err[13] tot_scale06[14] tot_scale06_Err[15] tot_scale07[16] tot_scale07_Err[17]
#neval: 244967575550
#overflow:lower center upper 2.63293277244E+02 9.29435348008E+00 2.62812215500E+02 1.09739846628E+01 2.54725977210E+02 8.79062851345E+00 2.61290143292E+02 1.00684562705E+01 2.65043730688E+02 9.63102048352E+00 2.59136104965E+02 1.10561282973E+01 2.55447027884E+02 8.46982150998E+00 
0.00000000000E+00 5.00000000000E-01 1.00000000000E+00 0.00000000000E+00 0.00000000000E+00 0.00000000000E+00 0.00000000000E+00 0.00000000000E+00 0.00000000000E+00 0.00000000000E+00 0.00000000000E+00 0.00000000000E+00 0.00000000000E+00 0.00000000000E+00 0.00000000000E+00 0.00000000000E+00 0.00000000000E+00 
1.00000000000E+00 1.50000000000E+00 2.00000000000E+00 3.71571662234E+03 1.88669557002E+03 -1.40650044201E+04 2.39272100965E+03 1.79321860085E+04 1.56673737054E+03 7.38832520684E+03 1.72827192222E+03 1.47171212873E+03 2.12388042042E+03 -9.06891637529E+03 2.17887582823E+03 1.62738831843E+04 1.76526336122E+03 
2.00000000000E+00 2.50000000000E+00 3.00000000000E+00 2.43267262598E+04 9.97313948644E+02 1.79750143603E+04 1.24423688119E+03 2.88254510294E+04 8.39113106497E+02 2.39558025632E+04 8.96403587609E+02 2.36375656494E+04 1.13081746929E+03 1.86081497798E+04 1.11949718715E+03 2.88129133432E+04 9.56557766080E+02 
3.00000000000E+00 3.50000000000E+00 4.00000000000E+00 2.33843599520E+04 6.85141543133E+02 1.99619528873E+04 8.51563336440E+02 2.56008761425E+04 5.78509471912E+02 2.30710291483E+04 6.33623502334E+02 2.33875581098E+04 7.95221758325E+02 2.03066995258E+04 7.82948245027E+02 2.62348342996E+04 6.73898239499E+02 
4.00000000000E+00 4.50000000000E+00 5.00000000000E+00 2.10341229348E+04 5.38004768822E+02 1.99042185209E+04 6.75592227643E+02 2.18129040606E+04 4.54198282047E+02 2.07710442353E+04 4.76443181518E+02 2.21493190145E+04 6.39944805293E+02 1.98729281927E+04 5.91695656765E+02 2.28265036448E+04 5.31762897009E+02 
5.00000000000E+00 5.50000000000E+00 6.00000000000E+00 1.70379039754E+04 4.62628093142E+02 1.62166709454E+04 5.70420250180E+02 1.75019483262E+04 3.92933999987E+02 1.63302574395E+04 4.33450617096E+02 1.75416463154E+04 5.11612906434E+02 1.57122802854E+04 5.33213502833E+02 1.81794708587E+04 4.31339112953E+02 
6.00000000000E+00 6.50000000000E+00 7.00000000000E+00 1.51825050956E+04 3.87639781675E+02 1.44002805754E+04 4.80316602464E+02 1.52389700580E+04 3.26377084255E+02 1.49245684394E+04 3.77074577466E+02 1.53538694581E+04 4.21937543894E+02 1.44045817677E+04 4.65405753867E+02 1.57242365428E+04 3.53883418535E+02 
7.00000000000E+00 7.50000000000E+00 8.00000000000E+00 1.31244960555E+04 3.07165068408E+02 1.28861421948E+04 3.81432927386E+02 1.31437858958E+04 2.63053446280E+02 1.31548279034E+04 2.98084974647E+02 1.32434812067E+04 3.43326878723E+02 1.33614533714E+04 3.69191365725E+02 1.32915031061E+04 2.88172398398E+02 
8.00000000000E+00 8.50000000000E+00 9.00000000000E+00 1.09837663094E+04 2.72936954961E+02 1.02285874962E+04 3.46544342934E+02 1.07272737333E+04 2.38844175557E+02 1.03751323948E+04 2.71798261777E+02 1.03452482361E+04 3.12627816997E+02 1.01115179716E+04 3.39045900506E+02 1.10550796494E+04 2.53246228428E+02 
9.00000000000E+00 9.50000000000E+00 1.00000000000E+01 1.07762014170E+04 2.51360203047E+02 1.08693675253E+04 3.16786297937E+02 1.05705762305E+04 2.12182701166E+02 1.03355269748E+04 2.41111578650E+02 1.12248275658E+04 2.80244649174E+02 1.04479091087E+04 3.01020122287E+02 1.09371939598E+04 2.32134798785E+02 
1.00000000000E+01 1.05000000000E+01 1.10000000000E+01 8.95858339506E+03 2.09879575920E+02 9.08621636826E+03 2.65632252588E+02 8.73123182177E+03 1.78992831645E+02 8.76029472233E+03 2.05999068723E+02 9.06799803893E+03 2.32605750752E+02 9.11195519832E+03 2.55508547283E+02 8.88436934492E+03 1.94840960039E+02 
1.10000000000E+01 1.15000000000E+01 1.20000000000E+01 7.88924990165E+03 1.93379544428E+02 7.93975625979E+03 2.41794598964E+02 7.71862857149E+03 1.64919317451E+02 7.76054897416E+03 1.86143620183E+02 8.15580046245E+03 2.14588806609E+02 7.88786280635E+03 2.27739176581E+02 8.00504883249E+03 1.78728825526E+02 
1.20000000000E+01 1.25000000000E+01 1.30000000000E+01 6.88296090527E+03 2.50942433901E+02 6.89102622744E+03 3.36095813379E+02 6.75280359452E+03 2.00816064094E+02 6.75669830565E+03 2.88728529010E+02 6.80986618011E+03 2.38012200361E+02 6.68715421239E+03 3.95828751196E+02 6.77617090851E+03 1.93362492558E+02 
1.30000000000E+01 1.35000000000E+01 1.40000000000E+01 6.31344815078E+03 2.26650158230E+02 6.70093919253E+03 3.07609933103E+02 6.03500144578E+03 1.80204331328E+02 6.09081242909E+03 2.73515458995E+02 6.56382741205E+03 2.08480700876E+02 6.39707890885E+03 3.79564819394E+02 6.40326454623E+03 1.67794397546E+02 
1.40000000000E+01 1.45000000000E+01 1.50000000000E+01 6.01289276346E+03 1.53857054540E+02 6.29422800831E+03 1.93192591214E+02 5.71748958707E+03 1.30401642920E+02 5.74325512161E+03 1.51395350232E+02 6.12062476390E+03 1.65843129713E+02 6.03904171316E+03 1.88915529805E+02 5.87071838515E+03 1.38786332617E+02 
1.50000000000E+01 1.55000000000E+01 1.60000000000E+01 5.42055573098E+03 1.35443047908E+02 5.61745662892E+03 1.70130347131E+02 5.14860515029E+03 1.16520982092E+02 5.21570183472E+03 1.35035987493E+02 5.43708183055E+03 1.39781374235E+02 5.40569379484E+03 1.66092727718E+02 5.20236584655E+03 1.18392894170E+02 
1.60000000000E+01 1.65000000000E+01 1.70000000000E+01 4.29975901990E+03 1.31818163155E+02 4.34955932058E+03 1.66541441014E+02 4.19103799622E+03 1.11210962381E+02 4.18300478025E+03 1.32166843641E+02 4.31332850559E+03 1.42422867201E+02 4.28463656031E+03 1.46414182147E+02 4.26876031606E+03 1.17982354392E+02 
1.70000000000E+01 1.75000000000E+01 1.80000000000E+01 4.06386920188E+03 1.19889655368E+02 4.10978951230E+03 1.50718246798E+02 3.93076694484E+03 1.01771891096E+02 4.01908905885E+03 1.21202355019E+02 3.91962422646E+03 1.24068744927E+02 4.12813278154E+03 1.51182605008E+02 3.83650352349E+03 1.04556256142E+02 
1.80000000000E+01 1.85000000000E+01 1.90000000000E+01 3.71763292435E+03 1.05133049439E+02 3.84802594306E+03 1.31033416923E+02 3.54170540518E+03 8.75182808053E+01 3.60270611279E+03 1.00258112690E+02 3.87069617266E+03 1.17564237285E+02 3.81384927178E+03 1.20513245659E+02 3.68620073423E+03 9.78082282631E+01 
1.90000000000E+01 1.95000000000E+01 2.00000000000E+01 3.35589916953E+03 1.02331517096E+02 3.47897708894E+03 1.25424181115E+02 3.27837280885E+03 8.81405049442E+01 3.28236435410E+03 1.00590287348E+02 3.42819196575E+03 1.10650708058E+02 3.38368471013E+03 1.20533368680E+02 3.34399953469E+03 9.32730679438E+01 
2.00000000000E+01 2.05000000000E+01 2.10000000000E+01 2.77475204242E+03 9.89734026586E+01 2.71112630547E+03 1.21617854564E+02 2.70431598301E+03 8.47356392540E+01 2.79888522732E+03 1.02154093361E+02 2.82233595921E+03 1.06566505482E+02 2.70283557240E+03 1.19328828829E+02 2.80198246607E+03 8.98326843307E+01 
2.10000000000E+01 2.15000000000E+01 2.20000000000E+01 2.93112932133E+03 9.12684739669E+01 3.09110207571E+03 1.11080604521E+02 2.76916089774E+03 7.95387805169E+01 2.80649829864E+03 9.04289068581E+01 2.99330304058E+03 9.86092307816E+01 2.97340177716E+03 1.08802581366E+02 2.84583997045E+03 8.37992169536E+01 
2.20000000000E+01 2.25000000000E+01 2.30000000000E+01 2.70363581454E+03 8.59575585149E+01 2.79458635040E+03 1.07551164544E+02 2.57910652184E+03 7.40243209150E+01 2.69686528489E+03 8.73838345807E+01 2.74495025502E+03 9.23390390719E+01 2.80253229194E+03 1.06288932730E+02 2.63127779724E+03 7.69081581207E+01 
2.30000000000E+01 2.35000000000E+01 2.40000000000E+01 2.44340073383E+03 8.32631849269E+01 2.54605155985E+03 1.05036317996E+02 2.33524048285E+03 7.06147570262E+01 2.43486127377E+03 8.40504306308E+01 2.46857519532E+03 8.81585224708E+01 2.54649019796E+03 1.04374473799E+02 2.36685885146E+03 7.34953955264E+01 
2.40000000000E+01 2.45000000000E+01 2.50000000000E+01 2.34832419932E+03 7.45891208949E+01 2.42192345289E+03 9.32473530122E+01 2.27734055806E+03 6.39226804523E+01 2.31544158734E+03 7.61779820955E+01 2.33961233684E+03 7.88498119738E+01 2.38988266762E+03 9.32550680227E+01 2.28387492691E+03 6.70181585769E+01 
2.50000000000E+01 2.55000000000E+01 2.60000000000E+01 1.86264361205E+03 6.89585327321E+01 1.86584511720E+03 8.57918714704E+01 1.73969368006E+03 5.84249618203E+01 1.77639997042E+03 7.04430042760E+01 1.89049769219E+03 7.34863471048E+01 1.78001775125E+03 8.51285971534E+01 1.83879017467E+03 6.15358389203E+01 
2.60000000000E+01 2.65000000000E+01 2.70000000000E+01 1.82475703483E+03 6.78185028599E+01 1.82290528857E+03 8.53901589963E+01 1.78204101327E+03 5.92574799807E+01 1.89139473853E+03 7.69052753318E+01 1.82069658280E+03 6.92833559680E+01 1.91518049173E+03 9.15145137381E+01 1.76723684498E+03 5.83335620217E+01 
2.70000000000E+01 2.75000000000E+01 2.80000000000E+01 1.88677243767E+03 6.95435882028E+01 2.04547948400E+03 8.76777218616E+01 1.78775830054E+03 5.89499174495E+01 1.92504582450E+03 7.22582256633E+01 1.89627237796E+03 7.20226559382E+01 2.08245687778E+03 8.90510303064E+01 1.78581804929E+03 5.97338349050E+01 
2.80000000000E+01 2.85000000000E+01 2.90000000000E+01 1.62045105018E+03 6.71940453112E+01 1.69976248943E+03 8.42020199392E+01 1.54658582651E+03 5.74744961247E+01 1.57661394227E+03 7.45085229227E+01 1.62967119022E+03 6.74475387407E+01 1.65602121281E+03 9.22944927575E+01 1.55181634858E+03 5.67180447944E+01 
2.90000000000E+01 2.95000000000E+01 3.00000000000E+01 1.24375686288E+03 5.45697280131E+01 1.16467325922E+03 6.74830100601E+01 1.26090447605E+03 4.70831568291E+01 1.30434988147E+03 5.84443880886E+01 1.21657587516E+03 5.96353778882E+01 1.20028890519E+03 6.99145652944E+01 1.24973257121E+03 5.00238997223E+01 
3.00000000000E+01 3.05000000000E+01 3.10000000000E+01 1.54571185397E+03 5.40471742213E+01 1.60772447998E+03 6.72388491582E+01 1.48090068370E+03 4.73461442530E+01 1.54600875156E+03 5.60286118432E+01 1.55530399765E+03 6.03386435048E+01 1.53943978263E+03 6.99396095188E+01 1.48780920700E+03 4.98138417271E+01 
3.10000000000E+01 3.15000000000E+01 3.20000000000E+01 1.44957666757E+03 6.60542486569E+01 1.58630899280E+03 8.29021090056E+01 1.34761158618E+03 5.61652756650E+01 1.41818026139E+03 6.92119306033E+01 1.44441727306E+03 6.79265469536E+01 1.55524906442E+03 8.57466369822E+01 1.34386854396E+03 5.62727318457E+01 
3.20000000000E+01 3.25000000000E+01 3.30000000000E+01 1.21401382294E+03 6.40517866553E+01 1.30424285805E+03 8.06493733245E+01 1.16609106006E+03 5.42681528152E+01 1.15232612427E+03 6.68044518401E+01 1.24970690153E+03 6.28094643497E+01 1.19064972037E+03 8.10728984906E+01 1.19446828083E+03 5.26733501740E+01 
3.30000000000E+01 3.35000000000E+01 3.40000000000E+01 9.61939533184E+02 4.55305290535E+01 1.04082517354E+03 5.55586654437E+01 9.37205300713E+02 3.92616951533E+01 9.30339805093E+02 4.68683043444E+01 1.00601308596E+03 4.73870644838E+01 9.74584953048E+02 5.62159877247E+01 9.75240535616E+02 3.96982187471E+01 
3.40000000000E+01 3.45000000000E+01 3.50000000000E+01 9.41059395378E+02 4.38143189109E+01 9.66871946718E+02 5.09665592720E+01 9.34949082038E+02 3.76065673075E+01 9.52164173342E+02 4.46400470460E+01 9.38193235697E+02 4.62946552968E+01 9.79757598464E+02 5.18641881931E+01 9.64403146891E+02 3.72676620371E+01 
3.50000000000E+01 3.55000000000E+01 3.60000000000E+01 1.08488961685E+03 4.74913835564E+01 1.17460228942E+03 6.14509784508E+01 9.74605102180E+02 3.84278444063E+01 1.02172306533E+03 4.62322092834E+01 1.08465921276E+03 4.90432027683E+01 1.07806867140E+03 5.80944410470E+01 9.86151736996E+02 3.96022500446E+01 
3.60000000000E+01 3.65000000000E+01 3.70000000000E+01 8.37243588261E+02 4.22686376588E+01 8.38504298573E+02 5.25386473389E+01 8.15543078192E+02 3.69940577686E+01 7.96941753056E+02 4.45653651991E+01 8.19955442413E+02 4.42011518746E+01 7.97995630207E+02 5.39324009954E+01 8.12988669514E+02 3.74436517257E+01 
3.70000000000E+01 3.75000000000E+01 3.80000000000E+01 8.32412438399E+02 6.10389898387E+01 8.46581311321E+02 7.20748398323E+01 8.04106558069E+02 5.42295288133E+01 8.10951752417E+02 5.93916888656E+01 8.57452475261E+02 6.62631395334E+01 8.98760652759E+02 6.86850167410E+01 8.30841521191E+02 5.70166119092E+01 
3.80000000000E+01 3.85000000000E+01 3.90000000000E+01 8.85386452525E+02 6.27157281288E+01 9.20261155216E+02 7.45793599316E+01 8.40453332377E+02 5.49205383022E+01 9.16121215280E+02 6.15497324518E+01 8.79085784841E+02 6.61020434816E+01 9.70883655432E+02 7.07349623930E+01 8.37064616533E+02 5.70247694966E+01 
3.90000000000E+01 3.95000000000E+01 4.00000000000E+01 8.29035834200E+02 3.80315331865E+01 8.72895605404E+02 4.82474994309E+01 7.79230276005E+02 3.38462626664E+01 8.20474026199E+02 4.14652590816E+01 8.09456791956E+02 3.98081913597E+01 8.60251033559E+02 4.88542646545E+01 7.81742537812E+02 3.29860601697E+01 
4.00000000000E+01 4.05000000000E+01 4.10000000000E+01 5.97161003897E+02 3.27847214674E+01 5.61718402302E+02 4.11963785602E+01 6.02400981148E+02 2.87043516169E+01 6.03979126394E+02 3.48077024145E+01 6.22325048705E+02 3.44272337317E+01 5.70163411745E+02 4.27327072484E+01 6.07031317693E+02 2.91856233305E+01 
4.10000000000E+01 4.15000000000E+01 4.20000000000E+01 6.20966639715E+02 3.12397514986E+01 6.39578917506E+02 3.92190194217E+01 5.82555447170E+02 2.71461886447E+01 5.78688998622E+02 3.43412932345E+01 6.30683482429E+02 3.26437444177E+01 6.05315438358E+02 4.20945136728E+01 5.98785238842E+02 2.70297374011E+01 
4.20000000000E+01 4.25000000000E+01 4.30000000000E+01 5.83331571658E+02 3.04245047539E+01 5.87152817008E+02 3.67019116307E+01 5.66640029373E+02 2.67546489349E+01 6.04241898714E+02 3.20984518364E+01 5.76656696656E+02 3.10030479145E+01 6.28981843730E+02 3.91467702048E+01 5.58856030476E+02 2.62877983065E+01 
4.30000000000E+01 4.35000000000E+01 4.40000000000E+01 5.42704427873E+02 3.11951538847E+01 5.65658656141E+02 3.90314964652E+01 5.15765074102E+02 2.69178929296E+01 5.22357277611E+02 3.23566198688E+01 5.47495473636E+02 3.24833628194E+01 5.35615763436E+02 3.93978194131E+01 5.19136678891E+02 2.70007488922E+01 
4.40000000000E+01 4.45000000000E+01 4.50000000000E+01 5.00794421325E+02 3.35792922373E+01 5.04586633311E+02 4.17179386844E+01 5.09111206582E+02 2.87021559151E+01 5.09016826656E+02 3.35383744657E+01 4.93725229024E+02 3.58347217418E+01 5.14918137899E+02 4.06187109647E+01 4.82977570921E+02 3.02308490076E+01 
4.50000000000E+01 4.55000000000E+01 4.60000000000E+01 4.48046994443E+02 2.67061692018E+01 4.69153304243E+02 3.36764735665E+01 4.16440694877E+02 2.24086756826E+01 4.10794532741E+02 2.77155348733E+01 4.29639320609E+02 2.70037770529E+01 3.86963322621E+02 3.37329932350E+01 3.94100483433E+02 2.20902601626E+01 
4.60000000000E+01 4.65000000000E+01 4.70000000000E+01 4.36463750975E+02 3.13395452704E+01 4.21862581775E+02 4.22608966929E+01 4.17538322320E+02 2.60010490631E+01 4.50873679099E+02 3.16313474067E+01 4.30999826375E+02 3.42349974131E+01 4.49223510057E+02 4.17834827928E+01 4.15935050371E+02 2.75479887083E+01 
4.70000000000E+01 4.75000000000E+01 4.80000000000E+01 3.97316202377E+02 2.83852517685E+01 4.18097728526E+02 3.60139297497E+01 3.86338174373E+02 2.39310359307E+01 4.30152045851E+02 2.99986644704E+01 3.92445784925E+02 2.89693824251E+01 4.69356413697E+02 3.82002984788E+01 3.75243820841E+02 2.40597381270E+01 
4.80000000000E+01 4.85000000000E+01 4.90000000000E+01 4.31705104075E+02 2.33698131056E+01 4.63019402132E+02 2.85856377559E+01 4.04146384731E+02 2.04517795772E+01 4.60732995325E+02 2.40326393958E+01 4.02094231216E+02 2.45051116308E+01 5.00709279708E+02 2.90794691205E+01 3.73685164190E+02 2.10913044136E+01 
4.90000000000E+01 4.95000000000E+01 5.00000000000E+01 3.41217536553E+02 2.53658314424E+01 3.36587043641E+02 2.96630970390E+01 3.32493128936E+02 2.23187607559E+01 3.47210008529E+02 2.66051134010E+01 3.56692437609E+02 2.61341074288E+01 3.29757334049E+02 3.16802600437E+01 3.44931252714E+02 2.29293362778E+01 
5.00000000000E+01 5.05000000000E+01 5.10000000000E+01 3.46845891137E+02 2.16520953716E+01 3.55034179653E+02 2.61661389402E+01 3.37456706864E+02 1.89894962884E+01 3.59537917964E+02 2.33857900047E+01 3.31255833208E+02 2.31953647887E+01 3.74878718315E+02 2.88664194694E+01 3.16258759813E+02 1.92458808268E+01 
5.10000000000E+01 5.15000000000E+01 5.20000000000E+01 3.50723784891E+02 2.05991386164E+01 3.67188758748E+02 2.48113041261E+01 3.34697203679E+02 1.78370129100E+01 3.40300166451E+02 2.13336282614E+01 3.69586211024E+02 2.20454942197E+01 3.56664419309E+02 2.45297860499E+01 3.40928358069E+02 1.83484924779E+01 
5.20000000000E+01 5.25000000000E+01 5.30000000000E+01 3.80357894906E+02 1.93526801255E+01 3.90991919858E+02 2.32828185387E+01 3.51519193415E+02 1.68679056018E+01 3.67167701508E+02 2.02217864047E+01 3.82694281978E+02 1.97540594030E+01 3.90462700778E+02 2.38744726363E+01 3.54958196202E+02 1.70760416534E+01 
5.30000000000E+01 5.35000000000E+01 5.40000000000E+01 2.84275042918E+02 1.78328286333E+01 2.99672765362E+02 2.16064041763E+01 2.66563945655E+02 1.58498300858E+01 2.81207723539E+02 1.91788063989E+01 2.60196233230E+02 1.82942403039E+01 3.25157385551E+02 2.21588888378E+01 2.41053969416E+02 1.61150705995E+01 
5.40000000000E+01 5.45000000000E+01 5.50000000000E+01 2.43932351687E+02 1.69092110319E+01 2.35320120760E+02 2.04824316696E+01 2.42616747101E+02 1.53623480865E+01 2.56239869753E+02 1.81860680364E+01 2.57979460805E+02 1.80373022398E+01 2.37245272791E+02 2.16663623223E+01 2.52344723504E+02 1.55692971183E+01 
5.50000000000E+01 5.55000000000E+01 5.60000000000E+01 1.73630810745E+02 1.96482164678E+01 1.59152442186E+02 2.32000635126E+01 1.86824829064E+02 1.78467658793E+01 1.85759759737E+02 2.13056933108E+01 1.76744920780E+02 1.93371276133E+01 1.51023865673E+02 2.53347268757E+01 1.85199746634E+02 1.70986271621E+01 
5.60000000000E+01 5.65000000000E+01 5.70000000000E+01 2.99864398645E+02 2.08326537443E+01 3.40127727740E+02 2.59684880817E+01 2.73753153009E+02 1.79200798209E+01 2.93771753272E+02 2.19773156143E+01 2.78521255693E+02 2.14933162059E+01 3.31778131468E+02 2.65323822693E+01 2.71016751715E+02 1.75097824990E+01 
5.70000000000E+01 5.75000000000E+01 5.80000000000E+01 2.02145686523E+02 1.87743929820E+01 2.01354377937E+02 2.31471311173E+01 1.84083324016E+02 1.58979143820E+01 1.89483816785E+02 1.92149521051E+01 1.99420521853E+02 1.88657276332E+01 1.95343623067E+02 2.35362217486E+01 1.85410650963E+02 1.59397808363E+01 
5.80000000000E+01 5.85000000000E+01 5.90000000000E+01 1.81779015603E+02 1.31057116946E+01 1.81535239843E+02 2.07985044965E+01 1.80903194441E+02 1.46533543422E+01 1.79248259103E+02 1.73500916048E+01 1.82404495217E+02 1.74333605200E+01 1.87746830029E+02 1.65312612411E+01 1.77384121558E+02 1.17880185394E+01 
5.90000000000E+01 5.95000000000E+01 6.00000000000E+01 1.82972076066E+02 1.36355036792E+01 1.81498498950E+02 1.61849662088E+01 1.81280484234E+02 1.24323714168E+01 1.91351296758E+02 1.49251605929E+01 1.87498254839E+02 1.39547602088E+01 1.97657860344E+02 1.77934113717E+01 1.90291792722E+02 1.24986322561E+01 
6.00000000000E+01 6.05000000000E+01 6.10000000000E+01 2.16249036702E+02 1.40321204739E+01 2.27315945556E+02 1.66124201223E+01 2.08115409232E+02 1.26011991789E+01 2.15333762069E+02 1.59778762210E+01 2.11567819286E+02 1.37766509079E+01 2.23197739286E+02 1.88747658634E+01 2.01162146795E+02 1.21292929840E+01 
6.10000000000E+01 6.15000000000E+01 6.20000000000E+01 1.43597976650E+02 1.63269650131E+01 1.52080629497E+02 2.01687435778E+01 1.38711341305E+02 1.42772439772E+01 1.44798557835E+02 1.99780302591E+01 1.46233597432E+02 1.51758474132E+01 1.51620977200E+02 2.46360442238E+01 1.36748743112E+02 1.27660903958E+01 
6.20000000000E+01 6.25000000000E+01 6.30000000000E+01 1.83982260878E+02 1.65434452294E+01 2.00251722888E+02 2.15795955016E+01 1.70584346183E+02 1.43609998839E+01 1.74831398079E+02 1.71991008869E+01 1.98680531673E+02 1.72715958571E+01 1.86973363622E+02 2.12055734074E+01 1.79460815756E+02 1.40686159032E+01 
6.30000000000E+01 6.35000000000E+01 6.40000000000E+01 1.55591356668E+02 1.71240345034E+01 1.67750281332E+02 2.17828967716E+01 1.45590502996E+02 1.41572714140E+01 1.57057477879E+02 1.83702052430E+01 1.59217407746E+02 1.67961152011E+01 1.69524303992E+02 2.32678984662E+01 1.48665415292E+02 1.38392852085E+01 
6.40000000000E+01 6.45000000000E+01 6.50000000000E+01 1.03966565688E+02 1.15156836804E+01 1.06152761791E+02 1.42678278277E+01 1.02268308600E+02 1.08211832709E+01 9.68179613079E+01 1.24484046949E+01 1.05826505188E+02 1.21613507390E+01 9.45669962211E+01 1.45910843482E+01 1.04726403812E+02 1.04088125261E+01 
6.50000000000E+01 6.55000000000E+01 6.60000000000E+01 1.34193537834E+02 1.10527155080E+01 1.26567054405E+02 1.29519627691E+01 1.36073054557E+02 1.00858877404E+01 1.31377374693E+02 1.17554194365E+01 1.33467503603E+02 1.11380255163E+01 1.23828243996E+02 1.39771718730E+01 1.36368208315E+02 1.02228508956E+01 
6.60000000000E+01 6.65000000000E+01 6.70000000000E+01 1.45420465800E+02 1.17147909118E+01 1.50900482463E+02 1.41440520468E+01 1.35273608329E+02 1.05124664208E+01 1.34438682396E+02 1.28958392626E+01 1.43578001534E+02 1.23947012608E+01 1.29932352452E+02 1.56301189027E+01 1.36969797137E+02 1.10073095769E+01 
6.70000000000E+01 6.75000000000E+01 6.80000000000E+01 1.18556937854E+02 1.00847197086E+01 1.27723388389E+02 1.37179064481E+01 1.09710861855E+02 1.00066678502E+01 1.18029861965E+02 1.19767669664E+01 1.16890501767E+02 1.14971445646E+01 1.32853985042E+02 1.29652888459E+01 1.07737570457E+02 8.97621984140E+00 
6.80000000000E+01 6.85000000000E+01 6.90000000000E+01 1.23643710692E+02 9.49604470323E+00 1.25022496997E+02 1.12693100536E+01 1.14392996265E+02 8.51911696225E+00 1.26887646818E+02 1.06544075888E+01 1.16140248776E+02 9.45947155654E+00 1.30805383011E+02 1.31041891165E+01 1.11821498138E+02 8.05808862841E+00 
6.90000000000E+01 6.95000000000E+01 7.00000000000E+01 9.97105608516E+01 8.53305608949E+00 9.13403844026E+01 1.03946335762E+01 9.84616944475E+01 7.77708016776E+00 9.96877581775E+01 9.28514056809E+00 1.05732631959E+02 8.83081990173E+00 9.20602834062E+01 1.09853398855E+01 1.03682916172E+02 7.81510984725E+00 
7.00000000000E+01 7.05000000000E+01 7.10000000000E+01 1.12182069536E+02 1.08520098194E+01 1.14963560902E+02 1.25439999842E+01 1.08406314688E+02 9.88933185541E+00 1.23256675140E+02 1.41312553581E+01 9.85814564347E+01 9.10841727367E+00 1.27331881301E+02 1.65136619201E+01 1.04158820045E+02 8.50977184449E+00 
7.10000000000E+01 7.15000000000E+01 7.20000000000E+01 3.45656602474E+01 7.99112150579E+00 1.80319975333E-01 1.13642672431E+01 4.52795632256E+01 6.99916899659E+00 2.96980237345E+01 8.30446699039E+00 4.07249603044E+01 8.09177027056E+00 8.81453683090E+00 1.06665122689E+01 5.00042886583E+01 7.14578067524E+00 
7.20000000000E+01 7.25000000000E+01 7.30000000000E+01 8.92968705071E+01 7.29251858225E+00 9.91790335005E+01 9.38820083074E+00 8.59690099738E+01 6.92280908501E+00 9.48099494250E+01 7.97569512955E+00 9.35868200721E+01 7.62686805670E+00 1.02480187146E+02 9.15298513003E+00 9.15773732919E+01 6.90863381381E+00 
7.30000000000E+01 7.35000000000E+01 7.40000000000E+01 9.86863706653E+01 1.04905820934E+01 1.11401354635E+02 1.27865903341E+01 9.15660937372E+01 9.26988169640E+00 1.07306040531E+02 1.33693154521E+01 1.01577499189E+02 9.34366344971E+00 1.11046971604E+02 1.55957930312E+01 9.26792978975E+01 7.93992654611E+00 
7.40000000000E+01 7.45000000000E+01 7.50000000000E+01 5.29709854386E+01 1.16261611276E+01 4.08589602500E+01 1.29745563426E+01 6.12367062421E+01 1.07882145876E+01 5.81700858471E+01 1.67307846368E+01 5.34769363159E+01 8.69833618497E+00 4.27724574914E+01 1.93389187599E+01 5.75326300498E+01 8.03754225133E+00 
7.50000000000E+01 7.55000000000E+01 7.60000000000E+01 9.70536548298E+01 7.35396207262E+00 1.08260524498E+02 8.58425098900E+00 9.01603594750E+01 6.67941901638E+00 1.00332370852E+02 7.39480104892E+00 9.70398088540E+01 7.61781753768E+00 1.09744817236E+02 8.69540245446E+00 8.85618901910E+01 6.87266769524E+00 
7.60000000000E+01 7.65000000000E+01 7.70000000000E+01 5.96883025217E+01 6.13423718855E+00 5.76170776021E+01 7.21187830667E+00 5.59942451619E+01 5.48540183404E+00 5.34003750371E+01 6.10731804712E+00 6.28230905180E+01 6.38143922944E+00 5.36350563709E+01 7.34594766938E+00 6.06156688995E+01 5.66389311814E+00 
7.70000000000E+01 7.75000000000E+01 7.80000000000E+01 4.18743999306E+01 4.98041096475E+00 4.44006811958E+01 6.34842817154E+00 4.61287212499E+01 4.54835538202E+00 5.21393924358E+01 5.40751862637E+00 3.89025452319E+01 5.46183333602E+00 5.20322949142E+01 6.40629243189E+00 3.97348070457E+01 4.55914403775E+00 
7.80000000000E+01 7.85000000000E+01 7.90000000000E+01 5.86027543673E+01 5.09576462744E+00 6.66450475113E+01 7.30449200500E+00 5.23932283850E+01 5.11033063685E+00 5.09446304135E+01 6.17989680648E+00 5.97054273223E+01 6.18958442148E+00 5.64966272342E+01 6.63960001741E+00 5.62106092959E+01 4.46570017500E+00 
7.90000000000E+01 7.95000000000E+01 8.00000000000E+01 4.48881076767E+01 5.33536617792E+00 4.65730640686E+01 6.95345154059E+00 4.36311678674E+01 4.86660503729E+00 4.56254662685E+01 5.86911033629E+00 4.64317855979E+01 5.73422727221E+00 3.65426420098E+01 7.43695328892E+00 4.49237471791E+01 4.63844434822E+00 
8.00000000000E+01 8.05000000000E+01 8.10000000000E+01 5.17590987732E+01 5.90072238718E+00 5.49689917530E+01 8.55637140048E+00 4.81028684746E+01 6.14398771509E+00 4.87530499069E+01 7.61460144725E+00 5.58918535725E+01 7.05978748084E+00 5.17333443122E+01 7.80828901973E+00 4.82067886269E+01 5.10173665898E+00 
8.10000000000E+01 8.15000000000E+01 8.20000000000E+01 3.65185114303E+01 6.72436869208E+00 3.80034725433E+01 8.27855108200E+00 3.79088235091E+01 6.06107886939E+00 4.02306016204E+01 8.67135310674E+00 3.61484528862E+01 5.92480105167E+00 3.66822165256E+01 1.03555575502E+01 3.56079681585E+01 5.00226098612E+00 
8.20000000000E+01 8.25000000000E+01 8.30000000000E+01 6.08474147053E+01 5.20735781329E+00 6.57632745378E+01 6.47176728209E+00 5.34082549704E+01 4.47504631264E+00 6.14167893029E+01 5.45178614022E+00 5.97709722822E+01 5.18121544109E+00 7.08709525256E+01 6.87254957358E+00 5.38233251038E+01 4.51776527437E+00 
8.30000000000E+01 8.35000000000E+01 8.40000000000E+01 4.07001852218E+01 4.94523611798E+00 4.08269712404E+01 5.96811740300E+00 4.13068008790E+01 4.38538419707E+00 3.96600956980E+01 5.25157568508E+00 4.47960073008E+01 4.96249346541E+00 3.88952002232E+01 6.20534728953E+00 4.25102030172E+01 4.30270624330E+00 
8.40000000000E+01 8.45000000000E+01 8.50000000000E+01 3.92089659628E+01 3.99329880934E+00 4.07656534965E+01 4.70649800755E+00 3.73259617911E+01 3.77073820347E+00 3.66840138229E+01 4.12430907267E+00 4.01828867102E+01 4.13259097401E+00 3.68838548329E+01 4.72584660589E+00 3.82810583551E+01 3.78056136541E+00 
8.50000000000E+01 8.55000000000E+01 8.60000000000E+01 3.02126368726E+01 4.43976915035E+00 3.11789701387E+01 5.80732873235E+00 2.52726590049E+01 4.20837233670E+00 2.67714193245E+01 5.37639123236E+00 3.27059417459E+01 4.54258692523E+00 2.42311760238E+01 6.45150830250E+00 3.09087811581E+01 3.66434837127E+00 
8.60000000000E+01 8.65000000000E+01 8.70000000000E+01 4.95492136044E+01 4.82432715783E+00 5.00153259741E+01 6.04353636682E+00 4.66560618064E+01 4.17431355992E+00 5.11166771315E+01 5.96590785542E+00 4.49520419964E+01 4.39671042723E+00 5.45057656969E+01 7.67430617831E+00 4.31616082758E+01 3.81587929037E+00 
8.70000000000E+01 8.75000000000E+01 8.80000000000E+01 2.68282627356E+01 4.31449431105E+00 2.43418500118E+01 5.13616009115E+00 2.91094380710E+01 3.85964301923E+00 2.75715796167E+01 4.66709918849E+00 2.83387164739E+01 4.26249422717E+00 2.51093902914E+01 5.62173635932E+00 2.90529539209E+01 3.77911215902E+00 
8.80000000000E+01 8.85000000000E+01 8.90000000000E+01 2.57498056655E+01 3.82377261363E+00 2.24732878104E+01 4.69472902549E+00 2.60036873801E+01 3.39584115097E+00 2.67239459133E+01 4.03117890072E+00 2.48137905361E+01 3.88062548137E+00 2.43909074818E+01 4.91249582028E+00 2.47490555401E+01 3.40174837466E+00 
8.90000000000E+01 8.95000000000E+01 9.00000000000E+01 4.02687962284E+01 4.62248164762E+00 4.45803497670E+01 6.34228940845E+00 3.65497087275E+01 4.77709857365E+00 3.92225650370E+01 5.60183573613E+00 4.25696597511E+01 5.51032213322E+00 4.35634648880E+01 5.50929073930E+00 3.93446117802E+01 4.41759747903E+00 
9.00000000000E+01 9.05000000000E+01 9.10000000000E+01 2.48967409552E+01 3.47866363848E+00 2.31150113412E+01 4.23632166712E+00 2.54845277549E+01 3.19131982724E+00 2.56356232713E+01 3.79166597892E+00 2.65866236538E+01 3.73030260304E+00 2.33579965293E+01 4.47932080088E+00 2.65170305412E+01 3.22871812317E+00 
9.10000000000E+01 9.15000000000E+01 9.20000000000E+01 2.69553279792E+01 3.73539671326E+00 3.28231717285E+01 8.10217753834E+00 2.11546864827E+01 5.42248426905E+00 2.16305643397E+01 6.80220943038E+00 2.97022063301E+01 6.29859125734E+00 2.80018563017E+01 5.10822539733E+00 2.27152074876E+01 3.00716206049E+00 
9.20000000000E+01 9.25000000000E+01 9.30000000000E+01 3.43605829255E+01 3.30912790201E+00 3.28793207906E+01 3.87148567314E+00 3.40545168669E+01 2.97682350526E+00 2.94957899979E+01 3.33444921920E+00 3.20273988431E+01 3.24011246322E+00 3.18990925504E+01 4.08048426130E+00 3.15623390519E+01 2.90666046840E+00 
9.30000000000E+01 9.35000000000E+01 9.40000000000E+01 8.62181203527E+00 3.31367135387E+00 5.21771357083E+00 3.72123471310E+00 1.09910823449E+01 2.97843941012E+00 9.54806215374E+00 3.76824608085E+00 8.43523586479E+00 3.22365538503E+00 3.50880051470E+00 4.41029289463E+00 1.09385803005E+01 2.84485226121E+00 
9.40000000000E+01 9.45000000000E+01 9.50000000000E+01 1.37909645197E+01 2.67290770832E+00 1.35702722230E+01 3.25126355938E+00 1.53569005840E+01 2.38760738041E+00 1.28316223743E+01 2.89809337318E+00 1.59118284931E+01 2.72187961839E+00 1.30502658328E+01 3.46025114077E+00 1.61431393799E+01 2.39312010635E+00 
9.50000000000E+01 9.55000000000E+01 9.60000000000E+01 2.62768793056E+01 2.79443192237E+00 2.90066669869E+01 3.36335769673E+00 2.40138298907E+01 2.45301331370E+00 2.81914339468E+01 3.00856711951E+00 2.54337571344E+01 2.78321568579E+00 2.95950450917E+01 3.73907366589E+00 2.24843481948E+01 2.46869903276E+00 
9.60000000000E+01 9.65000000000E+01 9.70000000000E+01 2.44239881431E+01 3.14309032253E+00 2.43160368329E+01 3.73296697328E+00 2.41757259873E+01 2.71587328550E+00 2.17511144812E+01 3.15745996501E+00 2.51445269396E+01 3.21501824908E+00 2.14537243936E+01 3.97932749176E+00 2.45471868738E+01 2.75752898179E+00 
9.70000000000E+01 9.75000000000E+01 9.80000000000E+01 6.75219609138E+00 2.75439518792E+00 6.07034545175E+00 3.37470433601E+00 8.20227337003E+00 2.38908538165E+00 8.45831285052E+00 2.97434921852E+00 4.99528991859E+00 2.69862264539E+00 8.34950218926E+00 3.61796614410E+00 7.02043296435E+00 2.35601967228E+00 
9.80000000000E+01 9.85000000000E+01 9.90000000000E+01 1.58835105882E+01 2.52065033430E+00 1.69350312384E+01 2.95672845054E+00 1.53216573641E+01 2.28135833447E+00 1.65540618029E+01 2.46221028584E+00 1.48081502352E+01 2.71140106806E+00 1.92213987600E+01 3.01585614630E+00 1.43075881761E+01 2.44962881877E+00 
9.90000000000E+01 9.95000000000E+01 1.00000000000E+02 1.32108966029E+01 2.65246956660E+00 1.41853258933E+01 3.14316953178E+00 1.37705732744E+01 2.35552697936E+00 1.26865361147E+01 2.84765127897E+00 1.37665382929E+01 2.57516752813E+00 1.36726537647E+01 3.39911041276E+00 1.16963867565E+01 2.22372959104E+00 
#nx: 3
