#labels: ptw__-5p0__-4p0_lower[1] ptw__-5p0__-4p0_center[2] ptw__-5p0__-4p0_upper[3] tot_scale01[4] tot_scale01_Err[5] tot_scale02[6] tot_scale02_Err[7] tot_scale03[8] tot_scale03_Err[9] tot_scale04[10] tot_scale04_Err[11] tot_scale05[12] tot_scale05_Err[13] tot_scale06[14] tot_scale06_Err[15] tot_scale07[16] tot_scale07_Err[17]
#neval: 244967575550
#overflow:lower center upper 5.24058579924E+00 5.56687723517E-01 5.44826359041E+00 6.78494176596E-01 4.87118141152E+00 5.41778875064E-01 5.12275747804E+00 6.36711878494E-01 5.29739569631E+00 5.72028503382E-01 5.42339263678E+00 6.82206692131E-01 4.95270452961E+00 4.94035135457E-01 
0.00000000000E+00 5.00000000000E-01 1.00000000000E+00 0.00000000000E+00 0.00000000000E+00 0.00000000000E+00 0.00000000000E+00 0.00000000000E+00 0.00000000000E+00 0.00000000000E+00 0.00000000000E+00 0.00000000000E+00 0.00000000000E+00 0.00000000000E+00 0.00000000000E+00 0.00000000000E+00 0.00000000000E+00 
1.00000000000E+00 1.50000000000E+00 2.00000000000E+00 1.16925821368E+04 1.07624115260E+03 6.37544802413E+03 1.33388570999E+03 1.52005227467E+04 9.10999717385E+02 1.22319868563E+04 9.35432150132E+02 1.13973982055E+04 1.28065123180E+03 8.25301782244E+03 1.14950825429E+03 1.55413118140E+04 1.07888206291E+03 
2.00000000000E+00 2.50000000000E+00 3.00000000000E+00 1.10720431856E+04 5.65955229431E+02 8.72842833235E+03 6.95147125360E+02 1.23739719369E+04 4.79692939557E+02 1.08380605541E+04 4.96934999192E+02 1.13660972469E+04 6.61906763768E+02 8.65383040797E+03 5.99524444238E+02 1.30887842412E+04 5.59366162424E+02 
3.00000000000E+00 3.50000000000E+00 4.00000000000E+00 1.18109129675E+04 3.95623443021E+02 1.12949768423E+04 4.93169959311E+02 1.20585700804E+04 3.37540515150E+02 1.13046793034E+04 3.66256449231E+02 1.21528373817E+04 4.65841238443E+02 1.09503557709E+04 4.39751655230E+02 1.25129343459E+04 3.90872723314E+02 
4.00000000000E+00 4.50000000000E+00 5.00000000000E+00 7.88121532315E+03 2.98979822253E+02 7.22650563690E+03 3.71507732630E+02 8.24965230849E+03 2.53594999396E+02 7.71301581615E+03 2.73921972398E+02 8.24499948877E+03 3.44761703297E+02 7.03929194965E+03 3.36392452622E+02 8.58084237259E+03 2.89268674632E+02 
5.00000000000E+00 5.50000000000E+00 6.00000000000E+00 6.98469036063E+03 2.43518255037E+02 6.98976595711E+03 3.06764010208E+02 6.89281317763E+03 2.05365106239E+02 6.53139875304E+03 2.24618862922E+02 7.33427746265E+03 2.77186258155E+02 6.63267327305E+03 2.77529785433E+02 7.27618515116E+03 2.31091357660E+02 
6.00000000000E+00 6.50000000000E+00 7.00000000000E+00 5.87524401106E+03 1.88963954186E+02 5.77988305190E+03 2.34842875175E+02 5.59116446561E+03 1.59492478497E+02 5.63625397764E+03 1.79697091478E+02 5.83416625761E+03 2.13072870949E+02 5.90201910444E+03 2.13982970725E+02 5.84311812493E+03 1.83186851201E+02 
7.00000000000E+00 7.50000000000E+00 8.00000000000E+00 4.58382056773E+03 1.65324264998E+02 4.50823633842E+03 2.06108952568E+02 4.50251010137E+03 1.41887714782E+02 4.63926234574E+03 1.61079620123E+02 4.59431484691E+03 1.85483655270E+02 4.69521691175E+03 1.99389992903E+02 4.67113097328E+03 1.55597425666E+02 
8.00000000000E+00 8.50000000000E+00 9.00000000000E+00 4.22382261983E+03 1.38388136006E+02 4.26636954113E+03 1.71746789597E+02 4.09878572748E+03 1.20879810705E+02 4.19909888779E+03 1.33593965698E+02 4.26505848616E+03 1.55995380365E+02 4.34190679446E+03 1.60582549526E+02 4.21937337024E+03 1.32896887717E+02 
9.00000000000E+00 9.50000000000E+00 1.00000000000E+01 3.41251098128E+03 1.24024962921E+02 3.44410328560E+03 1.49807879987E+02 3.39204155787E+03 1.06009490505E+02 3.26548621652E+03 1.18930928294E+02 3.56762462616E+03 1.37721028711E+02 3.24624304220E+03 1.45024322623E+02 3.48436596781E+03 1.16591423709E+02 
1.00000000000E+01 1.05000000000E+01 1.10000000000E+01 3.08675305326E+03 1.02495316771E+02 3.11309110909E+03 1.22993552751E+02 3.02507342770E+03 9.10451175158E+01 2.96774691538E+03 1.04559682618E+02 3.24623665823E+03 1.17979893405E+02 3.01588189043E+03 1.26435358684E+02 3.14553840389E+03 1.01012438693E+02 
1.10000000000E+01 1.15000000000E+01 1.20000000000E+01 2.69772489331E+03 9.29094712276E+01 2.77315809594E+03 1.12716366225E+02 2.60616945308E+03 8.23302567751E+01 2.66730597251E+03 8.93463858352E+01 2.79093926098E+03 1.06962500106E+02 2.71014025891E+03 1.04988933758E+02 2.70011391078E+03 8.98285198354E+01 
1.20000000000E+01 1.25000000000E+01 1.30000000000E+01 2.38302327394E+03 8.79486586865E+01 2.47399465661E+03 1.09812553320E+02 2.28909161463E+03 7.50715848164E+01 2.41075448777E+03 8.93653677286E+01 2.40000229839E+03 9.50072062643E+01 2.61702937017E+03 1.11907686644E+02 2.30410606957E+03 7.93363554896E+01 
1.30000000000E+01 1.35000000000E+01 1.40000000000E+01 2.03360147652E+03 7.96204512860E+01 2.10177987677E+03 9.78239359141E+01 1.93665625573E+03 6.87201275130E+01 1.93425978981E+03 8.57859547613E+01 2.11418154772E+03 8.41751294123E+01 1.97472197215E+03 1.06420060121E+02 2.01461673557E+03 7.13639356251E+01 
1.40000000000E+01 1.45000000000E+01 1.50000000000E+01 1.66347351421E+03 7.45228338718E+01 1.66614506144E+03 9.24509739010E+01 1.61737757811E+03 6.39318698580E+01 1.67786757491E+03 7.87427096927E+01 1.67166499040E+03 7.98151571910E+01 1.69402284899E+03 9.86188507326E+01 1.66326230676E+03 6.75754836481E+01 
1.50000000000E+01 1.55000000000E+01 1.60000000000E+01 1.63162940844E+03 6.87323332663E+01 1.70982564177E+03 8.40046955668E+01 1.54304784520E+03 5.97226061222E+01 1.52265783391E+03 6.97543705940E+01 1.72008014281E+03 7.39274191361E+01 1.60499492228E+03 8.40711247419E+01 1.62092055511E+03 6.24345363241E+01 
1.60000000000E+01 1.65000000000E+01 1.70000000000E+01 1.28012132842E+03 6.32810453728E+01 1.33654496745E+03 7.78237270944E+01 1.22212178448E+03 5.44011637391E+01 1.29545108568E+03 6.49451113402E+01 1.29691941496E+03 6.67841927491E+01 1.34699457296E+03 7.95243946887E+01 1.23834800497E+03 5.62397320018E+01 
1.70000000000E+01 1.75000000000E+01 1.80000000000E+01 1.37623825662E+03 5.90854369947E+01 1.43832894948E+03 7.43347740818E+01 1.33872877492E+03 5.14153828834E+01 1.35919173037E+03 6.08803782841E+01 1.46524526899E+03 6.34642427879E+01 1.41000441350E+03 7.20361701669E+01 1.39360994365E+03 5.36930048195E+01 
1.80000000000E+01 1.85000000000E+01 1.90000000000E+01 9.96699289823E+02 5.51332868154E+01 1.00490407762E+03 6.74123477761E+01 9.90653739023E+02 4.74602996922E+01 9.99027307774E+02 5.71522080454E+01 1.06911119995E+03 5.63426901543E+01 1.00231236460E+03 6.82155933431E+01 1.06138534140E+03 4.81391327689E+01 
1.90000000000E+01 1.95000000000E+01 2.00000000000E+01 1.07752604573E+03 1.58590675584E+02 1.15833242638E+03 2.10491504873E+02 1.01534219443E+03 1.24316509608E+02 1.06465940326E+03 1.50709117753E+02 1.13566860347E+03 1.65927085202E+02 1.13284018173E+03 1.99099062292E+02 1.06216051532E+03 1.29366895789E+02 
2.00000000000E+01 2.05000000000E+01 2.10000000000E+01 8.59499588158E+02 1.56390985562E+02 9.01827302364E+02 2.07939354407E+02 8.35007669865E+02 1.22351451553E+02 8.59496731610E+02 1.48279950463E+02 8.70170385681E+02 1.63743195779E+02 9.03743969353E+02 1.95952135536E+02 8.33957840058E+02 1.27362282678E+02 
2.10000000000E+01 2.15000000000E+01 2.20000000000E+01 8.55928838289E+02 3.69834066602E+01 9.81628203864E+02 4.69495606925E+01 8.08180228214E+02 3.32587319908E+01 8.70938123154E+02 4.12687501859E+01 8.59968860818E+02 3.94483974692E+01 9.48136826355E+02 4.90964172087E+01 8.54347896207E+02 3.48915164379E+01 
2.20000000000E+01 2.25000000000E+01 2.30000000000E+01 7.13986117678E+02 3.43363089373E+01 7.46439932591E+02 4.17113942114E+01 6.74170676165E+02 3.06532427348E+01 6.75628256493E+02 3.61088824799E+01 7.45426714547E+02 3.72514571476E+01 7.13868147618E+02 4.25522385884E+01 7.13443729744E+02 3.21541041673E+01 
2.30000000000E+01 2.35000000000E+01 2.40000000000E+01 5.25857123719E+02 3.32397629436E+01 5.33184737772E+02 4.02060774355E+01 5.29897146603E+02 2.96513068021E+01 5.26991673739E+02 3.45291714783E+01 5.35876194828E+02 3.53360606470E+01 5.24586293372E+02 4.04599283681E+01 5.31967977222E+02 3.03456913261E+01 
2.40000000000E+01 2.45000000000E+01 2.50000000000E+01 6.24135050559E+02 4.67870310625E+01 6.78293408146E+02 5.84185162230E+01 5.80339884517E+02 4.02088967690E+01 6.08642108216E+02 5.24875905822E+01 6.67153786075E+02 4.57233385115E+01 6.61853565744E+02 6.39604678120E+01 6.19102890962E+02 3.79639249694E+01 
2.50000000000E+01 2.55000000000E+01 2.60000000000E+01 4.78074498019E+02 4.46455192778E+01 5.35367707971E+02 5.36914180038E+01 4.65887070765E+02 3.78134103984E+01 4.84683621010E+02 4.98844462225E+01 4.91927620513E+02 4.24298384736E+01 4.84629405546E+02 6.16775895800E+01 4.82049996221E+02 3.57247695292E+01 
2.60000000000E+01 2.65000000000E+01 2.70000000000E+01 4.40611196612E+02 2.50078268355E+01 4.86252993108E+02 3.28041200494E+01 4.54852595695E+02 2.26661305064E+01 4.66077465997E+02 2.74207497052E+01 4.39149567112E+02 2.68213756843E+01 4.73684477307E+02 3.42907653832E+01 4.30598208118E+02 2.28922740003E+01 
2.70000000000E+01 2.75000000000E+01 2.80000000000E+01 3.67605227466E+02 2.45928639871E+01 3.61568995709E+02 3.06467592780E+01 3.55255464521E+02 2.21475127218E+01 3.58050768989E+02 2.59173118978E+01 3.72556472142E+02 2.67709114170E+01 3.67195155969E+02 3.15909359961E+01 3.64085215662E+02 2.29806578087E+01 
2.80000000000E+01 2.85000000000E+01 2.90000000000E+01 4.77075287258E+02 2.36007062651E+01 4.96975321375E+02 2.75919706808E+01 4.51805367040E+02 2.12104620102E+01 4.52750778422E+02 2.43321639473E+01 5.04379199109E+02 2.47920794964E+01 4.73300461676E+02 2.83431714059E+01 4.72982884824E+02 2.19363263384E+01 
2.90000000000E+01 2.95000000000E+01 3.00000000000E+01 3.36965121929E+02 2.01563106800E+01 3.63417482765E+02 2.55155495887E+01 3.13961653283E+02 1.88060688159E+01 3.50276288768E+02 2.19312765763E+01 3.44545970219E+02 2.24797985241E+01 3.84477001871E+02 2.50929703485E+01 3.24533253290E+02 1.86928124018E+01 
3.00000000000E+01 3.05000000000E+01 3.10000000000E+01 3.08323673627E+02 2.34564285906E+01 2.99375424922E+02 2.94139031739E+01 3.11216530871E+02 2.01609631942E+01 3.15268219387E+02 2.75373687985E+01 3.09613913583E+02 2.23279180202E+01 3.18031634158E+02 3.45232360443E+01 3.14839748654E+02 1.93683859316E+01 
3.10000000000E+01 3.15000000000E+01 3.20000000000E+01 3.86042977351E+02 2.00459174608E+01 4.25726458449E+02 2.59704488911E+01 3.44643158040E+02 1.75721320990E+01 3.95458991187E+02 2.27324634846E+01 3.66405860070E+02 2.02701477232E+01 4.32318105699E+02 2.87773255197E+01 3.46149382852E+02 1.71190118603E+01 
3.20000000000E+01 3.25000000000E+01 3.30000000000E+01 2.70798030874E+02 1.68173709482E+01 2.64846792221E+02 2.03724797488E+01 2.61634959859E+02 1.63451278602E+01 2.67759611188E+02 1.81753695365E+01 2.65100374939E+02 1.94243351743E+01 2.75273420857E+02 1.96946698047E+01 2.58521958298E+02 1.62354729099E+01 
3.30000000000E+01 3.35000000000E+01 3.40000000000E+01 2.35440708880E+02 1.52644628528E+01 2.44714124700E+02 1.82118818727E+01 2.28552744036E+02 1.37928251779E+01 2.25382944734E+02 1.57465399632E+01 2.40950681454E+02 1.64776322325E+01 2.25815313385E+02 1.82695267807E+01 2.37474488555E+02 1.44183549624E+01 
3.40000000000E+01 3.45000000000E+01 3.50000000000E+01 2.10325500296E+02 1.45420553809E+01 2.07650405302E+02 1.76988897734E+01 2.13301364704E+02 1.33898399900E+01 2.15196277715E+02 1.50630201042E+01 1.92507098271E+02 1.65055282662E+01 2.11847051132E+02 1.65450546278E+01 1.96237938360E+02 1.38472803677E+01 
3.50000000000E+01 3.55000000000E+01 3.60000000000E+01 2.33688556172E+02 1.32978425367E+01 2.47777066090E+02 1.59109343325E+01 2.19142626664E+02 1.24018475818E+01 2.22558619030E+02 1.44500594275E+01 2.41386413394E+02 1.41675155968E+01 2.32337333072E+02 1.62768383238E+01 2.25597155375E+02 1.23417449008E+01 
3.60000000000E+01 3.65000000000E+01 3.70000000000E+01 1.97661211368E+02 1.28038613595E+01 2.11793996797E+02 1.51352996545E+01 1.84075655043E+02 1.22538982358E+01 1.85578443251E+02 1.37112982328E+01 2.13911173349E+02 1.39167364136E+01 2.09270031548E+02 1.54079425504E+01 1.96636941222E+02 1.23473785499E+01 
3.70000000000E+01 3.75000000000E+01 3.80000000000E+01 1.71054897075E+02 1.29875447199E+01 1.69059099465E+02 1.57926427088E+01 1.62602043880E+02 1.15834258075E+01 1.76801428494E+02 1.30757519790E+01 1.57249817214E+02 1.35634406734E+01 1.91897097666E+02 1.49555512602E+01 1.67433336901E+02 1.16989807431E+01 
3.80000000000E+01 3.85000000000E+01 3.90000000000E+01 1.45979503906E+02 1.37627569804E+01 1.36316751350E+02 1.67804497602E+01 1.41476278271E+02 1.20008689587E+01 1.42640087015E+02 1.42976107059E+01 1.47186683775E+02 1.42034463471E+01 1.44833353228E+02 1.72501466062E+01 1.46436289432E+02 1.19055258049E+01 
3.90000000000E+01 3.95000000000E+01 4.00000000000E+01 1.51064047928E+02 1.06221510070E+01 1.51221514545E+02 1.22141729148E+01 1.45060762276E+02 9.78747266829E+00 1.47488286024E+02 1.11137098702E+01 1.64646498535E+02 1.13209071800E+01 1.47794031336E+02 1.28965837595E+01 1.54897959078E+02 1.01949486094E+01 
4.00000000000E+01 4.05000000000E+01 4.10000000000E+01 1.37580543919E+02 1.45299150183E+01 1.58560624019E+02 1.86064007585E+01 1.25301026342E+02 1.20447403870E+01 1.43386087527E+02 2.07370047757E+01 1.28519287767E+02 1.15301118072E+01 1.60329298534E+02 2.77752415758E+01 1.18681137821E+02 1.01044609126E+01 
4.10000000000E+01 4.15000000000E+01 4.20000000000E+01 1.25581749827E+02 1.61025421348E+01 1.16473042574E+02 1.99587500567E+01 1.21750344232E+02 1.37176332166E+01 1.22728916557E+02 2.23709378754E+01 1.20705851185E+02 1.38150475314E+01 1.19272426687E+02 2.93667127595E+01 1.23810054675E+02 1.24075027307E+01 
4.20000000000E+01 4.25000000000E+01 4.30000000000E+01 1.02735093603E+02 9.70249933230E+00 1.10465865021E+02 1.17778509523E+01 9.42621908058E+01 8.52935371548E+00 9.84924199566E+01 1.09631295621E+01 1.08347568877E+02 9.75900280805E+00 1.04527282747E+02 1.31718733043E+01 9.77206261866E+01 8.42056614093E+00 
4.30000000000E+01 4.35000000000E+01 4.40000000000E+01 1.00773723752E+02 9.02624467152E+00 1.06818938323E+02 1.10294631134E+01 9.46147019475E+01 8.25428882416E+00 8.73000607227E+01 9.79088469325E+00 1.06437952181E+02 9.87293955092E+00 8.71118680310E+01 1.11394082157E+01 1.00407735446E+02 8.42025078484E+00 
4.40000000000E+01 4.45000000000E+01 4.50000000000E+01 1.05449909105E+02 9.54294953825E+00 1.15443118294E+02 1.16679347375E+01 9.73996966096E+01 8.52851116032E+00 1.15710724949E+02 1.24278174951E+01 1.07158811608E+02 9.45727556944E+00 1.27722775658E+02 1.48492593828E+01 9.82825810810E+01 8.00394484656E+00 
4.50000000000E+01 4.55000000000E+01 4.60000000000E+01 6.75528524611E+01 8.72551718450E+00 6.18938365585E+01 1.04361931853E+01 6.78476865986E+01 7.88411400327E+00 6.57699904223E+01 9.06868334299E+00 6.69412159626E+01 9.21759207522E+00 6.10627109903E+01 1.05745780272E+01 6.63619428098E+01 8.05190805968E+00 
4.60000000000E+01 4.65000000000E+01 4.70000000000E+01 7.83610003166E+01 7.41112728220E+00 7.85405485857E+01 8.69920630749E+00 7.85279854919E+01 6.77328827708E+00 8.30398253427E+01 7.83270760093E+00 8.18867435249E+01 7.84833074341E+00 8.57492900577E+01 8.91386457330E+00 7.96449334774E+01 6.83769192621E+00 
4.70000000000E+01 4.75000000000E+01 4.80000000000E+01 5.23685650692E+01 6.68917234230E+00 5.25694615480E+01 7.84256515723E+00 5.09969127122E+01 5.98471822898E+00 5.01959558767E+01 6.88091262447E+00 5.59176801095E+01 6.89251960159E+00 5.10162458500E+01 7.90580725031E+00 5.18651274122E+01 6.07081323490E+00 
4.80000000000E+01 4.85000000000E+01 4.90000000000E+01 8.38963791422E+01 9.99479919356E+00 9.39077015879E+01 1.27381425936E+01 7.52996008806E+01 8.65669020101E+00 8.18274672920E+01 1.13258864110E+01 8.24679448812E+01 9.66804922158E+00 9.32135321435E+01 1.37013422643E+01 7.58164329945E+01 7.86560737283E+00 
4.90000000000E+01 4.95000000000E+01 5.00000000000E+01 5.25668113014E+01 9.10741881714E+00 4.77871273888E+01 1.10850452951E+01 5.42153306412E+01 7.81422818328E+00 5.53985424380E+01 1.02685014371E+01 5.51276365969E+01 8.48095689147E+00 5.13588306847E+01 1.25445477911E+01 5.65992411122E+01 7.29547717889E+00 
5.00000000000E+01 5.05000000000E+01 5.10000000000E+01 4.62599409358E+01 6.37118712566E+00 4.64519531647E+01 7.71396791922E+00 4.85079388731E+01 5.54650719723E+00 4.89020776238E+01 6.61714930568E+00 4.47668786879E+01 6.56410993168E+00 4.88666881741E+01 8.02047026283E+00 4.53543936446E+01 5.60875462230E+00 
5.10000000000E+01 5.15000000000E+01 5.20000000000E+01 3.45522599813E+01 5.64880131382E+00 2.87891737750E+01 6.51474913376E+00 3.47226418605E+01 5.10792315853E+00 3.61881006287E+01 6.10884426450E+00 3.28103284861E+01 5.59824369322E+00 3.11938401227E+01 7.06474520040E+00 3.64189536282E+01 5.00741665671E+00 
5.20000000000E+01 5.25000000000E+01 5.30000000000E+01 4.83357304432E+01 6.38464721442E+00 5.65450893234E+01 7.75165046438E+00 5.04654807731E+01 5.62974341686E+00 5.47859107551E+01 7.29281181368E+00 4.91258845766E+01 6.05996810752E+00 6.14871789299E+01 8.85998488878E+00 4.85060702269E+01 5.20074790170E+00 
5.30000000000E+01 5.35000000000E+01 5.40000000000E+01 5.70841570943E+01 6.11012720948E+00 6.23824397598E+01 7.05760954471E+00 5.73129786315E+01 5.47420786189E+00 6.55714404869E+01 8.54953475086E+00 5.44752354428E+01 5.14319544342E+00 6.77479490025E+01 1.01730952676E+01 5.15191350152E+01 4.66257384769E+00 
5.40000000000E+01 5.45000000000E+01 5.50000000000E+01 3.41854674348E+01 4.69982662588E+00 3.08273841044E+01 5.52168952776E+00 3.51771008572E+01 4.24901622761E+00 3.04332912869E+01 4.93026312568E+00 3.13352742391E+01 4.70724388275E+00 2.74109070500E+01 5.71465998574E+00 3.23711215050E+01 4.22723340170E+00 
5.50000000000E+01 5.55000000000E+01 5.60000000000E+01 3.85917969286E+01 4.37641655629E+00 4.05558108312E+01 5.23949213224E+00 3.39649216597E+01 3.80987056276E+00 4.24864399528E+01 4.92750071313E+00 3.40467737624E+01 4.27494964934E+00 4.56127418373E+01 5.89004275773E+00 3.24311861961E+01 3.67282748786E+00 
5.60000000000E+01 5.65000000000E+01 5.70000000000E+01 2.93216811591E+01 3.87384454371E+00 2.63926645724E+01 4.60999947736E+00 2.92390025968E+01 3.47290532119E+00 2.72193477555E+01 3.88237808349E+00 2.99812922907E+01 4.03203510175E+00 2.18330257293E+01 4.59894446012E+00 3.02866978844E+01 3.54410288340E+00 
5.70000000000E+01 5.75000000000E+01 5.80000000000E+01 1.41347950308E+01 3.15102784816E+00 1.27914082547E+01 3.80134984743E+00 1.69649845193E+01 2.84959308726E+00 1.33125707611E+01 3.25223592686E+00 1.84856402582E+01 3.36138014926E+00 1.11544413319E+01 3.61792743705E+00 1.82918294233E+01 2.91120601484E+00 
5.80000000000E+01 5.85000000000E+01 5.90000000000E+01 3.60717294423E+01 3.73486625951E+00 4.15957347654E+01 4.18959071818E+00 3.42472305054E+01 3.39261990002E+00 3.79538340471E+01 3.84509877003E+00 3.44664590585E+01 3.72950158041E+00 4.03958230826E+01 4.45228256498E+00 3.00517947832E+01 3.29312501903E+00 
5.90000000000E+01 5.95000000000E+01 6.00000000000E+01 1.97246711384E+01 3.11548937657E+00 1.87627520058E+01 3.45598861187E+00 2.01286132304E+01 2.98378710796E+00 1.85917588134E+01 2.91990426609E+00 2.07114204722E+01 3.59501806057E+00 1.78167180976E+01 3.44308873940E+00 2.15173535971E+01 3.32897467231E+00 
6.00000000000E+01 6.05000000000E+01 6.10000000000E+01 1.74058856806E+01 3.41812746432E+00 2.08872968319E+01 4.11000677835E+00 1.49959292530E+01 3.09462404124E+00 1.57298561444E+01 3.80612506427E+00 1.59657295602E+01 3.37885882122E+00 1.66734936846E+01 4.37662355981E+00 1.34118978569E+01 2.93931733814E+00 
6.10000000000E+01 6.15000000000E+01 6.20000000000E+01 1.98378933840E+01 2.91807020334E+00 2.19396135559E+01 3.31885006117E+00 2.06786096688E+01 2.60597760838E+00 2.13414435063E+01 2.90317511157E+00 1.98962454138E+01 3.04073401637E+00 2.28045631511E+01 3.32483234814E+00 1.90447332233E+01 2.71379606828E+00 
6.20000000000E+01 6.25000000000E+01 6.30000000000E+01 1.92790869675E+01 2.63543431917E+00 1.80583275990E+01 3.13124829933E+00 2.08202055459E+01 2.37007789282E+00 1.87096703314E+01 2.61482566471E+00 1.98126650604E+01 2.72167636669E+00 1.87761951650E+01 3.10154334562E+00 1.89771652313E+01 2.39112817507E+00 
6.30000000000E+01 6.35000000000E+01 6.40000000000E+01 8.99352143923E+00 2.05968978837E+00 1.00965826561E+01 2.57588430722E+00 1.16104160770E+01 1.90882072100E+00 1.10079914359E+01 2.20472996462E+00 1.07201073161E+01 2.19700091612E+00 1.01013383458E+01 2.65887276694E+00 1.09288396006E+01 1.92283236065E+00 
6.40000000000E+01 6.45000000000E+01 6.50000000000E+01 1.41872214925E+01 3.04371033476E+00 1.37967382981E+01 3.60670956040E+00 1.53378791470E+01 2.63695189257E+00 1.56617403562E+01 3.36609667817E+00 1.39159833163E+01 2.95008307397E+00 1.63415896488E+01 4.05835896164E+00 1.37511635012E+01 2.58993206304E+00 
6.50000000000E+01 6.55000000000E+01 6.60000000000E+01 1.81033408667E+01 2.23414791361E+00 1.79651394571E+01 2.56011288256E+00 1.69715359262E+01 2.02592750549E+00 1.73310536489E+01 2.70883464392E+00 1.78488743117E+01 2.27580749208E+00 1.54654705775E+01 3.11160520054E+00 1.64993844510E+01 2.03350414966E+00 
6.60000000000E+01 6.65000000000E+01 6.70000000000E+01 1.58207851593E+01 2.17477472635E+00 1.71422735956E+01 2.53132216092E+00 1.46278515168E+01 1.98904526745E+00 1.50682189357E+01 2.36561427932E+00 1.58033321591E+01 2.27592740803E+00 1.56476589130E+01 2.68646193966E+00 1.47036934677E+01 2.00756367341E+00 
6.70000000000E+01 6.75000000000E+01 6.80000000000E+01 1.19687042739E+01 2.42652621852E+00 1.31678177732E+01 2.96508214007E+00 1.08650505587E+01 2.25390688997E+00 1.22234313697E+01 2.90929569669E+00 1.19835088598E+01 2.34371628350E+00 1.39614657125E+01 3.34003362634E+00 1.08264176652E+01 2.02196037397E+00 
6.80000000000E+01 6.85000000000E+01 6.90000000000E+01 1.32327807190E+01 1.57393839269E+00 1.44606999585E+01 1.85124318563E+00 1.22570767652E+01 1.41220854859E+00 1.20072163657E+01 1.56508574446E+00 1.39910338498E+01 1.70516910372E+00 1.17611953455E+01 1.85042638370E+00 1.26983003893E+01 1.51745568085E+00 
6.90000000000E+01 6.95000000000E+01 7.00000000000E+01 1.04252119983E+01 1.65781624927E+00 9.98796794370E+00 1.89307666765E+00 1.02257611836E+01 1.51113319568E+00 9.48448761091E+00 1.64116392713E+00 1.02367392320E+01 1.76920308325E+00 8.84068811271E+00 1.91463081771E+00 9.88074887048E+00 1.56573461715E+00 
7.00000000000E+01 7.05000000000E+01 7.10000000000E+01 6.04049308430E+00 1.48795126467E+00 6.04800817165E+00 1.76509464851E+00 6.00021995947E+00 1.39152634808E+00 5.93129499709E+00 1.50932028798E+00 7.56160126179E+00 1.61209396200E+00 5.51114686929E+00 1.69964980654E+00 7.15289338742E+00 1.42523855203E+00 
7.10000000000E+01 7.15000000000E+01 7.20000000000E+01 9.98875213259E+00 1.92996073941E+00 1.09859752105E+01 2.24391249097E+00 9.21605703333E+00 1.71952307324E+00 1.01766470178E+01 2.15522344131E+00 1.02711953380E+01 1.79534029630E+00 1.07289241195E+01 2.53343346539E+00 9.57095349588E+00 1.61272950521E+00 
7.20000000000E+01 7.25000000000E+01 7.30000000000E+01 3.43349575753E+00 1.89269029717E+00 2.05868608601E+00 2.22750421863E+00 4.27007383771E+00 1.67416370533E+00 2.83634350326E+00 2.08873785857E+00 3.49663361331E+00 1.76838648375E+00 2.35136108034E+00 2.46455056191E+00 4.09531464687E+00 1.56755996793E+00 
7.30000000000E+01 7.35000000000E+01 7.40000000000E+01 7.12657506823E+00 1.32480814950E+00 7.75020515782E+00 1.59994344759E+00 6.34852198842E+00 1.14515228700E+00 6.41992217892E+00 1.50983633197E+00 5.98786990366E+00 1.23547013041E+00 7.15158651715E+00 1.84323528487E+00 6.62015570966E+00 1.09121415040E+00 
7.40000000000E+01 7.45000000000E+01 7.50000000000E+01 6.48917773007E+00 1.28454466794E+00 7.22944468550E+00 1.48303208829E+00 6.17931963655E+00 1.16138243683E+00 6.22258284362E+00 1.32861987941E+00 6.61603011554E+00 1.26281187711E+00 6.21892774614E+00 1.51720725274E+00 6.01892386827E+00 1.13336324529E+00 
7.50000000000E+01 7.55000000000E+01 7.60000000000E+01 7.93824636176E+00 1.30135851166E+00 7.09122380655E+00 1.35864613870E+00 8.12105956107E+00 1.31123882237E+00 7.63506369654E+00 1.26815127951E+00 8.19046748250E+00 1.42325316386E+00 6.07465477700E+00 1.39771060862E+00 8.18915952744E+00 1.41103509102E+00 
7.60000000000E+01 7.65000000000E+01 7.70000000000E+01 4.38086408533E+00 9.12556106411E-01 3.73172560146E+00 1.06249235411E+00 3.80848598531E+00 8.55985509070E-01 3.84730014803E+00 1.03715048544E+00 4.21381423748E+00 8.94046557879E-01 3.25280635234E+00 1.22280241652E+00 4.37102301469E+00 8.29667324739E-01 
7.70000000000E+01 7.75000000000E+01 7.80000000000E+01 3.21835041799E+00 8.78665267496E-01 2.56836584294E+00 1.06631963848E+00 3.48966573803E+00 8.18904594786E-01 3.14693099808E+00 9.95350272513E-01 3.00435308034E+00 8.82650808244E-01 2.37284641039E+00 1.18848416727E+00 3.32376086918E+00 7.81008179708E-01 
7.80000000000E+01 7.85000000000E+01 7.90000000000E+01 2.88438596257E+00 1.49854782447E+00 2.51193858181E+00 1.93632298427E+00 3.38801540361E+00 1.28630251094E+00 8.66089027819E-01 1.52148791247E+00 3.91113543543E+00 1.52885692472E+00 1.11983795606E+00 1.93439567682E+00 4.14908383741E+00 1.27958925033E+00 
7.90000000000E+01 7.95000000000E+01 8.00000000000E+01 4.95777568689E+00 1.46852152273E+00 5.67160836622E+00 1.91309933015E+00 4.42387347434E+00 1.18050170514E+00 4.95029458260E+00 1.55763224213E+00 5.39910757997E+00 1.41576900976E+00 5.52633213706E+00 2.02808737990E+00 4.79643223573E+00 1.13497826206E+00 
8.00000000000E+01 8.05000000000E+01 8.10000000000E+01 4.67814712773E+00 7.12608397634E-01 5.15718410940E+00 8.58027411675E-01 4.06028669003E+00 6.15103727630E-01 5.13223821093E+00 9.20584115600E-01 4.16556183404E+00 7.22082656533E-01 5.14651123397E+00 1.17466339832E+00 3.86504229567E+00 6.33180068625E-01 
8.10000000000E+01 8.15000000000E+01 8.20000000000E+01 3.01718035713E+00 1.05355723977E+00 2.54702608392E+00 1.23799130133E+00 2.97270688510E+00 9.39135625677E-01 2.42965106785E+00 1.05156233753E+00 3.21389932520E+00 1.12032033053E+00 2.54234737707E+00 1.20631283620E+00 2.98678146196E+00 9.75500842323E-01 
8.20000000000E+01 8.25000000000E+01 8.30000000000E+01 4.09176362067E+00 1.20360871792E+00 3.76596721803E+00 1.32581549044E+00 4.07357423012E+00 1.11734317982E+00 3.62432385911E+00 1.17602032692E+00 4.33290785255E+00 1.26048634504E+00 3.50019452773E+00 1.30426200835E+00 4.28816800058E+00 1.16438928847E+00 
8.30000000000E+01 8.35000000000E+01 8.40000000000E+01 6.12744053764E+00 1.02244927826E+00 6.56264512976E+00 1.11944138026E+00 5.73859067483E+00 9.73083385609E-01 6.77565683850E+00 1.07591761177E+00 5.78246457077E+00 1.00482026084E+00 7.41123402553E+00 1.18487787394E+00 5.67164952610E+00 9.49353144602E-01 
8.40000000000E+01 8.45000000000E+01 8.50000000000E+01 3.29882193924E+00 1.07564870453E+00 3.45039688715E+00 1.25345486667E+00 3.23482966301E+00 9.62893853167E-01 3.85273638218E+00 1.18469866278E+00 3.18495660688E+00 1.00082427753E+00 3.63389700400E+00 1.36429252425E+00 3.15097435129E+00 8.93337565147E-01 
8.50000000000E+01 8.55000000000E+01 8.60000000000E+01 9.52460515232E-01 9.78379831468E-01 1.16702849992E+00 1.16689318355E+00 1.11738075484E+00 8.50045570278E-01 1.27528682912E+00 1.08600184337E+00 1.03884657700E+00 9.22055386937E-01 8.65839109161E-01 1.30367628848E+00 1.15884725246E+00 8.03213318296E-01 
8.60000000000E+01 8.65000000000E+01 8.70000000000E+01 3.00669749745E+00 7.01901804187E-01 2.84689068471E+00 7.81629311948E-01 2.94587604898E+00 6.44040801394E-01 2.75829973594E+00 7.19991628786E-01 3.12728381320E+00 6.87041877557E-01 2.71914244404E+00 8.09169902949E-01 3.07922281400E+00 6.31446198533E-01 
8.70000000000E+01 8.75000000000E+01 8.80000000000E+01 1.76528283936E+00 4.39543797590E-01 1.87099452309E+00 4.97560363566E-01 1.88003746880E+00 4.01055516322E-01 1.84508545861E+00 4.69674379658E-01 1.69306409935E+00 4.40707815124E-01 2.11754192390E+00 5.51013305224E-01 1.78286804969E+00 3.97220631891E-01 
8.80000000000E+01 8.85000000000E+01 8.90000000000E+01 2.66440667211E+00 4.71866777396E-01 3.02329379282E+00 5.37525657094E-01 2.34323620871E+00 4.29380975104E-01 3.04533956235E+00 4.94979017977E-01 2.39694507461E+00 4.59020573273E-01 3.63081086834E+00 5.70388052615E-01 2.13520846081E+00 4.20203076597E-01 
8.90000000000E+01 8.95000000000E+01 9.00000000000E+01 2.26054170338E+00 6.16783354099E-01 2.10853289479E+00 6.99268072303E-01 1.97931920676E+00 5.57994325234E-01 2.70135715450E+00 6.73574641176E-01 1.94564159292E+00 5.88011093372E-01 2.67060266917E+00 7.63629891913E-01 1.73889570438E+00 5.29286823599E-01 
9.00000000000E+01 9.05000000000E+01 9.10000000000E+01 2.71727949643E-01 4.11726539484E-01 7.14566207896E-01 7.12595139699E-01 1.17249267943E-01 5.19975567188E-01 1.58061397637E-01 6.32554066408E-01 1.92307602036E-01 6.31866950797E-01 3.27779201610E-01 4.86884874563E-01 1.02840278375E-01 4.25210712798E-01 
9.10000000000E+01 9.15000000000E+01 9.20000000000E+01 1.76383122865E+00 4.59567261290E-01 1.77040187290E+00 5.23185383974E-01 1.71315764858E+00 4.19319899765E-01 1.90489597170E+00 4.86431290015E-01 1.64576915556E+00 4.48771085002E-01 2.00395843823E+00 5.66099855151E-01 1.53338834232E+00 4.10569166404E-01 
9.20000000000E+01 9.25000000000E+01 9.30000000000E+01 1.57526038593E+00 3.53670954876E-01 1.65513382927E+00 4.09006714012E-01 1.26568733373E+00 3.22656865079E-01 1.72098813602E+00 4.73992804581E-01 1.03311502814E+00 3.14961409332E-01 1.87119365993E+00 5.63362411748E-01 1.24565446879E+00 2.69492838887E-01 
9.30000000000E+01 9.35000000000E+01 9.40000000000E+01 6.39936981001E-01 3.15760876014E-01 8.61538420035E-01 3.48420116603E-01 7.39866497392E-01 2.76361419898E-01 8.45942497885E-01 3.26504194333E-01 5.94412234552E-01 3.02079138427E-01 9.09712128023E-01 3.71354829996E-01 5.82199976344E-01 2.71006942490E-01 
9.40000000000E+01 9.45000000000E+01 9.50000000000E+01 7.62710274799E-01 1.64502082581E-01 1.02240260551E+00 2.22681081442E-01 6.83503562273E-01 1.61760030351E-01 7.02088332661E-01 1.93915154979E-01 8.61394441306E-01 1.85502988444E-01 9.66332012632E-01 2.06963659164E-01 7.10261723525E-01 1.50267847258E-01 
9.50000000000E+01 9.55000000000E+01 9.60000000000E+01 6.51781901014E-01 2.19388787983E-01 4.13546938017E-01 2.53586122850E-01 7.03659377478E-01 2.01875075813E-01 6.99538958669E-01 2.27108740144E-01 6.02712252682E-01 2.31631069017E-01 4.08809206067E-01 2.77372938441E-01 6.56613892223E-01 2.14424427256E-01 
9.60000000000E+01 9.65000000000E+01 9.70000000000E+01 1.11873094732E+00 3.59552189098E-01 1.29213120390E+00 4.23292704876E-01 1.04996616262E+00 3.16725087911E-01 1.27506979393E+00 4.09283942571E-01 1.10226155601E+00 3.27626177153E-01 1.35014615109E+00 4.88041944417E-01 1.02564461431E+00 2.91528006058E-01 
9.70000000000E+01 9.75000000000E+01 9.80000000000E+01 4.67023573763E-01 1.63040143319E-01 5.02440886205E-01 1.98482633420E-01 3.84760517048E-01 1.38190484864E-01 6.10764346202E-01 1.92545897903E-01 4.74769279239E-01 1.48699494240E-01 7.32725509360E-01 2.37830317596E-01 4.22074074785E-01 1.25683125519E-01 
9.80000000000E+01 9.85000000000E+01 9.90000000000E+01 3.79130649972E-01 1.78640930817E-01 3.31235551350E-01 1.95941334625E-01 3.96483294361E-01 1.69586506069E-01 3.66641923687E-01 1.78625917060E-01 3.78674920726E-01 1.92348835678E-01 4.97138884419E-01 2.06044268906E-01 4.41084672093E-01 1.81384491879E-01 
9.90000000000E+01 9.95000000000E+01 1.00000000000E+02 2.96320359107E-01 1.67808130291E-01 2.79637201829E-01 2.08541056605E-01 3.31468735879E-01 1.50037076815E-01 2.13884200756E-01 1.82170200811E-01 3.01088184959E-01 1.62243969332E-01 1.79164366476E-01 2.34989702488E-01 3.22544340151E-01 1.36207028588E-01 
#nx: 3
