#labels: ptw__-0p5__-0p25_lower[1] ptw__-0p5__-0p25_center[2] ptw__-0p5__-0p25_upper[3] tot_scale01[4] tot_scale01_Err[5] tot_scale02[6] tot_scale02_Err[7] tot_scale03[8] tot_scale03_Err[9] tot_scale04[10] tot_scale04_Err[11] tot_scale05[12] tot_scale05_Err[13] tot_scale06[14] tot_scale06_Err[15] tot_scale07[16] tot_scale07_Err[17]
#neval: 244967575550
#overflow:lower center upper 5.56610999629E+03 5.03076390784E+01 5.47963966567E+03 6.04515869727E+01 5.52370266592E+03 4.64967759519E+01 5.57521818872E+03 5.13111554433E+01 5.53990385523E+03 5.36413203314E+01 5.49406930101E+03 5.99007837656E+01 5.50218350260E+03 4.75246155256E+01 
0.00000000000E+00 5.00000000000E-01 1.00000000000E+00 0.00000000000E+00 0.00000000000E+00 0.00000000000E+00 0.00000000000E+00 0.00000000000E+00 0.00000000000E+00 0.00000000000E+00 0.00000000000E+00 0.00000000000E+00 0.00000000000E+00 0.00000000000E+00 0.00000000000E+00 0.00000000000E+00 0.00000000000E+00 
1.00000000000E+00 1.50000000000E+00 2.00000000000E+00 -4.83720074710E+04 2.38329961839E+03 -7.55286680330E+04 3.06887428525E+03 -2.48940811830E+04 1.93738577085E+03 -3.57461173390E+04 2.21988842221E+03 -6.26702862317E+04 2.67873034044E+03 -5.79127701253E+04 2.90053170083E+03 -3.62655020512E+04 2.18431291287E+03 
2.00000000000E+00 2.50000000000E+00 3.00000000000E+00 1.33438985442E+04 1.65937543751E+03 2.33014317729E+03 2.18303746933E+03 2.21921091790E+04 1.31792292929E+03 1.77262267637E+04 1.49535219593E+03 9.20116174927E+03 1.85833106394E+03 8.14233817957E+03 1.96858342770E+03 1.93153194617E+04 1.48075445550E+03 
3.00000000000E+00 3.50000000000E+00 4.00000000000E+00 1.89178771565E+04 1.27374177983E+03 1.15053380962E+04 1.67088702270E+03 2.46713957227E+04 1.01999149946E+03 1.97973318332E+04 1.18182445234E+03 1.72702458252E+04 1.39952932705E+03 1.29137067261E+04 1.54659985746E+03 2.39237073183E+04 1.11959400325E+03 
4.00000000000E+00 4.50000000000E+00 5.00000000000E+00 2.59972774955E+04 1.72928522417E+03 2.33299399817E+04 2.38757096650E+03 2.78470587186E+04 1.30786819330E+03 2.61980525522E+04 1.77225901114E+03 2.55436295534E+04 1.70450908455E+03 2.45721400661E+04 2.45410825644E+03 2.80369356594E+04 1.29684720535E+03 
5.00000000000E+00 5.50000000000E+00 6.00000000000E+00 2.00813770896E+04 7.18377458250E+02 1.65437193875E+04 9.41264890507E+02 2.19073403993E+04 5.83759430226E+02 2.00189950808E+04 6.86061966372E+02 1.91544611555E+04 7.83750449708E+02 1.71725510484E+04 8.95783194028E+02 2.16450392147E+04 6.30962937743E+02 
6.00000000000E+00 6.50000000000E+00 7.00000000000E+00 2.08073725439E+04 5.84645448986E+02 2.11837708741E+04 7.64926289708E+02 2.17303613093E+04 4.78155793654E+02 2.07249772362E+04 5.43544511077E+02 2.16238358641E+04 6.55413123713E+02 2.11716072164E+04 7.09167776647E+02 2.24702834583E+04 5.32193074531E+02 
7.00000000000E+00 7.50000000000E+00 8.00000000000E+00 1.65321092817E+04 5.04842684474E+02 1.54628437496E+04 6.54936045805E+02 1.70991257957E+04 4.12079762508E+02 1.63731096930E+04 4.75725999440E+02 1.64788617523E+04 5.55820983430E+02 1.56283817812E+04 6.14373723300E+02 1.74377054154E+04 4.51515965278E+02 
8.00000000000E+00 8.50000000000E+00 9.00000000000E+00 1.46258830460E+04 5.00466389245E+02 1.34294309137E+04 6.51458313690E+02 1.52707390866E+04 4.06267718316E+02 1.45396583649E+04 4.76836246667E+02 1.44048678461E+04 5.35629379285E+02 1.36281211386E+04 6.20418297264E+02 1.53844634599E+04 4.33510764642E+02 
9.00000000000E+00 9.50000000000E+00 1.00000000000E+01 1.38128918170E+04 4.36216591937E+02 1.28792514489E+04 5.61622200741E+02 1.42391519029E+04 3.57025901998E+02 1.37653471851E+04 4.29387248330E+02 1.36092801014E+04 4.58435815305E+02 1.31633854475E+04 5.55180074394E+02 1.42176340014E+04 3.75319356460E+02 
1.00000000000E+01 1.05000000000E+01 1.10000000000E+01 1.28513527221E+04 3.49730920484E+02 1.24829465367E+04 4.47066862910E+02 1.29061718970E+04 2.88865463711E+02 1.25718311124E+04 3.46500975684E+02 1.30636623264E+04 3.69398163291E+02 1.23123093606E+04 4.45989156759E+02 1.33139026909E+04 3.05139116141E+02 
1.10000000000E+01 1.15000000000E+01 1.20000000000E+01 1.08579616899E+04 7.57017414684E+02 1.02516255559E+04 1.05980888472E+03 1.11064014106E+04 5.66847433799E+02 1.06090381145E+04 7.45212687003E+02 1.09213394142E+04 7.66474294785E+02 1.01390318040E+04 1.04444773404E+03 1.13700799824E+04 5.75416115582E+02 
1.20000000000E+01 1.25000000000E+01 1.30000000000E+01 1.05194858203E+04 2.92927574775E+02 1.02657275606E+04 3.70398951835E+02 1.05345088493E+04 2.43697973183E+02 1.04507503599E+04 2.79948884750E+02 1.06180282851E+04 3.22297044698E+02 1.04411002707E+04 3.55190343893E+02 1.07445425314E+04 2.64701643511E+02 
1.30000000000E+01 1.35000000000E+01 1.40000000000E+01 9.92038631949E+03 2.93421410197E+02 1.01746135013E+04 3.73798717872E+02 9.72139217033E+03 2.43640295334E+02 9.56752182372E+03 2.80263986596E+02 1.00734219182E+04 3.17034662660E+02 9.85046193666E+03 3.55749500922E+02 9.92743699252E+03 2.60402152503E+02 
1.40000000000E+01 1.45000000000E+01 1.50000000000E+01 8.70098694999E+03 2.96690990277E+02 8.56847004325E+03 3.83094913090E+02 8.74450597796E+03 2.41810327809E+02 8.60220593855E+03 2.87624168115E+02 8.78110488919E+03 3.13915380472E+02 8.59714963230E+03 3.70491594974E+02 8.92378495413E+03 2.55821411382E+02 
1.50000000000E+01 1.55000000000E+01 1.60000000000E+01 9.03436338784E+03 2.51256709126E+02 9.36680599077E+03 3.22829957879E+02 8.70543837824E+03 2.06711968482E+02 8.66059988937E+03 2.44374859906E+02 9.38171579733E+03 2.69515713093E+02 9.12920839332E+03 3.14901831792E+02 8.99915659470E+03 2.20825526316E+02 
1.60000000000E+01 1.65000000000E+01 1.70000000000E+01 7.20854974249E+03 2.88966378076E+02 7.02322524434E+03 3.72018829576E+02 7.15754060178E+03 2.36454833777E+02 7.05486335883E+03 2.83590728690E+02 7.24241541287E+03 3.04273047775E+02 7.13458864358E+03 3.63935852840E+02 7.28784867686E+03 2.48360853684E+02 
1.70000000000E+01 1.75000000000E+01 1.80000000000E+01 6.38405724193E+03 2.61429576602E+02 6.21978636151E+03 3.35727473796E+02 6.39636083215E+03 2.13757886787E+02 6.29160250495E+03 2.51482302788E+02 6.53585326192E+03 2.75865576456E+02 6.19529829429E+03 3.22193303788E+02 6.58801301150E+03 2.24105446016E+02 
1.80000000000E+01 1.85000000000E+01 1.90000000000E+01 6.67749168831E+03 6.02249625039E+02 6.81186054830E+03 8.41809315920E+02 6.46956373022E+03 4.49328754902E+02 6.47308223300E+03 6.19271107311E+02 6.79951977557E+03 5.84231728086E+02 6.74092054961E+03 8.66913887061E+02 6.60581872880E+03 4.36772374008E+02 
1.90000000000E+01 1.95000000000E+01 2.00000000000E+01 5.65225218902E+03 2.02650539423E+02 5.49029523487E+03 2.55657462095E+02 5.67185570941E+03 1.69402659306E+02 5.61353970772E+03 1.95988906479E+02 5.69094919033E+03 2.17995503473E+02 5.63829020618E+03 2.45821278494E+02 5.73130639991E+03 1.80359086759E+02 
2.00000000000E+01 2.05000000000E+01 2.10000000000E+01 5.66629818273E+03 2.39495746854E+02 5.77375477590E+03 3.06299597495E+02 5.57739382988E+03 1.95458685699E+02 5.48702155819E+03 2.33050479272E+02 5.92550899171E+03 2.51258418868E+02 5.63684657191E+03 2.97146486722E+02 5.78823988553E+03 2.04473996522E+02 
2.10000000000E+01 2.15000000000E+01 2.20000000000E+01 5.63223557352E+03 2.62078316922E+02 5.78234528281E+03 3.34448402112E+02 5.47718061921E+03 2.13239529244E+02 5.70278387000E+03 2.52837928663E+02 5.69335838238E+03 2.74041656981E+02 6.03055327097E+03 3.23194084643E+02 5.57957191735E+03 2.22414761516E+02 
2.20000000000E+01 2.25000000000E+01 2.30000000000E+01 4.74856107538E+03 1.99401300031E+02 4.59775129398E+03 2.56173619613E+02 4.70345128178E+03 1.64338720796E+02 4.47921486246E+03 1.92909226069E+02 4.63655501837E+03 2.17193129470E+02 4.46050594830E+03 2.45635244795E+02 4.78951825410E+03 1.74340747757E+02 
2.30000000000E+01 2.35000000000E+01 2.40000000000E+01 4.39892776186E+03 1.59161755790E+02 4.65681154011E+03 2.03745865876E+02 4.27644144967E+03 1.30491725227E+02 4.45232778089E+03 1.67626445568E+02 4.56522005847E+03 1.62889311742E+02 4.65342104866E+03 2.18410564729E+02 4.46401789996E+03 1.33549405937E+02 
2.40000000000E+01 2.45000000000E+01 2.50000000000E+01 4.09995347920E+03 1.59242637021E+02 4.14908818529E+03 2.06103660266E+02 4.03384736371E+03 1.30518169474E+02 4.05539312805E+03 1.58736437635E+02 4.32097760852E+03 1.69484215231E+02 4.09551684574E+03 2.05730888690E+02 4.17433984841E+03 1.37692600276E+02 
2.50000000000E+01 2.55000000000E+01 2.60000000000E+01 3.56655950210E+03 1.75618778527E+02 3.59205932515E+03 2.28744714053E+02 3.54370602540E+03 1.41813884583E+02 3.56873923498E+03 1.68166596592E+02 3.61889049279E+03 1.88190299504E+02 3.61913446040E+03 2.18708252525E+02 3.61621212625E+03 1.50829784931E+02 
2.60000000000E+01 2.65000000000E+01 2.70000000000E+01 3.60937534304E+03 1.29774743525E+02 3.62111981122E+03 1.62628601399E+02 3.57753420282E+03 1.09378670248E+02 3.55570821274E+03 1.23055652315E+02 3.63934099669E+03 1.40957144471E+02 3.60470281623E+03 1.53216698187E+02 3.61525142143E+03 1.17262852596E+02 
2.70000000000E+01 2.75000000000E+01 2.80000000000E+01 3.37064591125E+03 1.15270165764E+02 3.36859169050E+03 1.46159036471E+02 3.30465729058E+03 9.66602862329E+01 3.32956826482E+03 1.10688509992E+02 3.34134023706E+03 1.24712710046E+02 3.35165169841E+03 1.39243987908E+02 3.33427529530E+03 1.03319778998E+02 
2.80000000000E+01 2.85000000000E+01 2.90000000000E+01 3.15761521968E+03 1.25687802989E+02 3.16581911993E+03 1.71499300964E+02 3.09811309816E+03 1.00272417109E+02 3.07893541449E+03 1.19983131138E+02 3.14566003301E+03 1.35651094648E+02 3.10247312796E+03 1.64028372744E+02 3.13933389612E+03 1.07617874064E+02 
2.90000000000E+01 2.95000000000E+01 3.00000000000E+01 3.44301902994E+03 1.25001213336E+02 3.65695058063E+03 1.58479058594E+02 3.26087511243E+03 1.04156508972E+02 3.34136072293E+03 1.19451548686E+02 3.54311818987E+03 1.35885019662E+02 3.54831235413E+03 1.50919289276E+02 3.36374869834E+03 1.11670212018E+02 
3.00000000000E+01 3.05000000000E+01 3.10000000000E+01 2.87653678521E+03 1.28018704146E+02 2.94058876902E+03 1.60949949655E+02 2.82015340403E+03 1.06318252171E+02 2.81611564265E+03 1.23300346258E+02 2.97946466232E+03 1.35308734847E+02 2.87224499661E+03 1.56075476686E+02 2.94021349214E+03 1.11918484881E+02 
3.10000000000E+01 3.15000000000E+01 3.20000000000E+01 2.39860535897E+03 1.17593110937E+02 2.30782218554E+03 1.48152399496E+02 2.40882875228E+03 9.86587230972E+01 2.33712917199E+03 1.14869215467E+02 2.43140223629E+03 1.25319083969E+02 2.30575906928E+03 1.44642480072E+02 2.45999097257E+03 1.04008542587E+02 
3.20000000000E+01 3.25000000000E+01 3.30000000000E+01 2.66541984068E+03 1.78415572363E+02 2.72469988809E+03 2.25202646575E+02 2.60312022707E+03 1.46381854328E+02 2.60714880050E+03 1.65963784966E+02 2.73500302228E+03 1.91305112931E+02 2.72625196717E+03 2.09262366660E+02 2.67314466024E+03 1.56541937873E+02 
3.30000000000E+01 3.35000000000E+01 3.40000000000E+01 2.35378829390E+03 1.72675635274E+02 2.35539541369E+03 2.18843211934E+02 2.32003561894E+03 1.41778818288E+02 2.30728370167E+03 1.62406758707E+02 2.40978917913E+03 1.84564320446E+02 2.32752091250E+03 2.05272310657E+02 2.38467707144E+03 1.50600946397E+02 
3.40000000000E+01 3.45000000000E+01 3.50000000000E+01 2.38608180810E+03 1.15768781771E+02 2.48980674491E+03 1.46227760230E+02 2.30495649899E+03 9.61179760069E+01 2.29211874517E+03 1.12103135637E+02 2.41188254194E+03 1.22600247707E+02 2.44973614063E+03 1.41431948397E+02 2.32302301472E+03 1.01018366590E+02 
3.50000000000E+01 3.55000000000E+01 3.60000000000E+01 2.21434010901E+03 1.49783913645E+02 2.27932084569E+03 1.92640087090E+02 2.14458178788E+03 1.21735851657E+02 2.19389178654E+03 1.43955486451E+02 2.22654235556E+03 1.57642275823E+02 2.26233946912E+03 1.83996221696E+02 2.18506904464E+03 1.27101046502E+02 
3.60000000000E+01 3.65000000000E+01 3.70000000000E+01 1.90773696564E+03 9.72791260806E+01 1.91084423866E+03 1.25012007514E+02 1.88529733877E+03 8.03153967732E+01 1.90323348455E+03 9.57152048947E+01 1.93249724595E+03 1.02997301115E+02 1.87368793956E+03 1.21432004347E+02 1.92109805001E+03 8.40916880189E+01 
3.70000000000E+01 3.75000000000E+01 3.80000000000E+01 2.04041681084E+03 7.99465860375E+01 2.05045181174E+03 1.00756989755E+02 1.98796960515E+03 6.72331494325E+01 2.01119658100E+03 7.81287642203E+01 2.10860230401E+03 8.54190592910E+01 2.02037130591E+03 9.83719365740E+01 2.05991321458E+03 7.12180840418E+01 
3.80000000000E+01 3.85000000000E+01 3.90000000000E+01 1.99212597529E+03 7.51401805951E+01 2.05956509354E+03 9.55581477743E+01 1.93331310619E+03 6.33325761428E+01 1.94038492357E+03 7.45250666845E+01 2.02193050579E+03 8.04848255547E+01 2.05224005945E+03 9.39680142024E+01 1.96106776252E+03 6.66080060788E+01 
3.90000000000E+01 3.95000000000E+01 4.00000000000E+01 1.76817613725E+03 1.11497467212E+02 1.84365297737E+03 1.51769346031E+02 1.67166906441E+03 8.83283443223E+01 1.73193912634E+03 1.15775851953E+02 1.78771879254E+03 1.12033890795E+02 1.81110868349E+03 1.55234372137E+02 1.75036269264E+03 8.70930833867E+01 
4.00000000000E+01 4.05000000000E+01 4.10000000000E+01 1.78411282723E+03 2.35762938829E+02 1.81008604019E+03 3.29074759151E+02 1.74028271856E+03 1.76055433183E+02 1.80062429894E+03 2.37799300035E+02 1.76185065152E+03 2.32985405230E+02 1.81258026818E+03 3.32644203440E+02 1.72274848306E+03 1.74139450694E+02 
4.10000000000E+01 4.15000000000E+01 4.20000000000E+01 1.45385079538E+03 2.30275553982E+02 1.43014610197E+03 3.20990139019E+02 1.45354158309E+03 1.72295436641E+02 1.42502426021E+03 2.32351104933E+02 1.50642908292E+03 2.29207517651E+02 1.39318272051E+03 3.23872171935E+02 1.51158989091E+03 1.71418601463E+02 
4.20000000000E+01 4.25000000000E+01 4.30000000000E+01 1.28759779353E+03 1.88056631832E+02 1.22569359815E+03 2.60025688826E+02 1.31292981834E+03 1.41868751961E+02 1.30917483938E+03 1.77158875568E+02 1.27071355774E+03 1.96838562677E+02 1.28683723319E+03 2.44723701152E+02 1.32250253546E+03 1.48440092776E+02 
4.30000000000E+01 4.35000000000E+01 4.40000000000E+01 1.44342937163E+03 6.04335269578E+01 1.43667460181E+03 7.52380578507E+01 1.37464893090E+03 5.12765711015E+01 1.42573350797E+03 5.78981948059E+01 1.42435351604E+03 6.59334048534E+01 1.47065205847E+03 7.19555278607E+01 1.40439446843E+03 5.53184982673E+01 
4.40000000000E+01 4.45000000000E+01 4.50000000000E+01 1.36108050861E+03 8.28493568550E+01 1.34466519256E+03 1.04753042727E+02 1.35478810834E+03 6.91014072301E+01 1.31544875908E+03 7.81882719310E+01 1.36188374629E+03 8.97899201951E+01 1.31184186868E+03 9.75475442193E+01 1.35736947980E+03 7.40471138212E+01 
4.50000000000E+01 4.55000000000E+01 4.60000000000E+01 1.56114370258E+03 8.25678704283E+01 1.67137556338E+03 1.04143030179E+02 1.48075180468E+03 6.84408865738E+01 1.52431093165E+03 7.76730476330E+01 1.62136705259E+03 8.89423251297E+01 1.63385802301E+03 9.76175337481E+01 1.54562369121E+03 7.33721487548E+01 
4.60000000000E+01 4.65000000000E+01 4.70000000000E+01 1.21339921793E+03 6.36402406743E+01 1.25996862435E+03 8.24499009142E+01 1.16001305362E+03 5.37364878607E+01 1.22111918360E+03 6.21246377350E+01 1.23108166104E+03 6.88155015778E+01 1.27860742304E+03 7.80635378155E+01 1.17825699746E+03 5.61172452616E+01 
4.70000000000E+01 4.75000000000E+01 4.80000000000E+01 1.24498517071E+03 1.08718214300E+02 1.30596093362E+03 1.45734053100E+02 1.19807384407E+03 8.53758364532E+01 1.25063752001E+03 1.11205224038E+02 1.25065992691E+03 1.08411525049E+02 1.32672993500E+03 1.49867915520E+02 1.20908842342E+03 8.52205960644E+01 
4.80000000000E+01 4.85000000000E+01 4.90000000000E+01 1.08776171835E+03 7.84578549606E+01 1.03395137782E+03 9.88820333593E+01 1.10465448613E+03 6.51009803820E+01 1.09506124379E+03 7.73150727129E+01 1.14640683566E+03 8.39083684111E+01 1.09608274504E+03 9.79874735005E+01 1.15283870651E+03 6.92769025112E+01 
4.90000000000E+01 4.95000000000E+01 5.00000000000E+01 1.06347224930E+03 8.90596944280E+01 1.04171306036E+03 1.20293408065E+02 1.04870932921E+03 6.99445365095E+01 1.02458809058E+03 9.47837145485E+01 1.07522651558E+03 8.60101326806E+01 1.03050752170E+03 1.28218352951E+02 1.08181614206E+03 6.77477240828E+01 
5.00000000000E+01 5.05000000000E+01 5.10000000000E+01 1.08153921221E+03 5.51393238736E+01 1.10373657556E+03 6.96123804937E+01 1.05623212901E+03 4.61607541256E+01 1.07439655629E+03 5.38918307513E+01 1.07663716348E+03 5.82807818472E+01 1.08856348302E+03 6.80498606392E+01 1.06034769291E+03 4.88727391822E+01 
5.10000000000E+01 5.15000000000E+01 5.20000000000E+01 1.00585895119E+03 7.07145707296E+01 1.05075228302E+03 8.94808781508E+01 9.84100805403E+02 5.93263823182E+01 1.00133879013E+03 6.70339055543E+01 1.00425810147E+03 7.55685813032E+01 9.72187513181E+02 8.49039303429E+01 9.89422946150E+02 6.25066938416E+01 
5.20000000000E+01 5.25000000000E+01 5.30000000000E+01 9.94155975460E+02 6.48340798046E+01 1.05289448095E+03 8.23275361894E+01 9.59979861538E+02 5.40432585521E+01 9.94550628857E+02 6.30334731951E+01 1.05370501160E+03 7.03160156691E+01 1.01724284471E+03 7.80579496405E+01 9.95980259769E+02 5.71626877903E+01 
5.30000000000E+01 5.35000000000E+01 5.40000000000E+01 9.70821868284E+02 5.67333814961E+01 1.00364713147E+03 7.05252301189E+01 9.43245120603E+02 4.83388434304E+01 1.00225813493E+03 5.58472201718E+01 9.75262036400E+02 6.04590268051E+01 1.05163580870E+03 6.91605099414E+01 9.44587433370E+02 5.08083907920E+01 
5.40000000000E+01 5.45000000000E+01 5.50000000000E+01 8.44452689268E+02 4.65836456617E+01 8.83645825540E+02 5.89042104838E+01 8.22330469310E+02 3.95172608033E+01 8.27503095919E+02 4.57149895776E+01 8.81783583307E+02 5.06096213346E+01 8.40939045222E+02 5.77846580125E+01 8.58045447487E+02 4.23506413623E+01 
5.50000000000E+01 5.55000000000E+01 5.60000000000E+01 8.87242901519E+02 4.41122400682E+01 9.01290130025E+02 5.58374884534E+01 8.72928531073E+02 3.82390007595E+01 8.68346044414E+02 4.43335557348E+01 9.11588852549E+02 4.73200003523E+01 8.84594341786E+02 5.49491491022E+01 8.97486557759E+02 3.98411225782E+01 
5.60000000000E+01 5.65000000000E+01 5.70000000000E+01 7.42766980069E+02 1.02129862133E+02 7.25477059299E+02 1.22335813007E+02 7.42077963181E+02 8.70658716893E+01 7.38649260236E+02 9.73201661297E+01 7.48178472857E+02 1.07306440353E+02 7.25695589629E+02 1.17558510637E+02 7.49019054862E+02 9.17331816470E+01 
5.70000000000E+01 5.75000000000E+01 5.80000000000E+01 7.76197924015E+02 9.97865308675E+01 7.65226194413E+02 1.20011485621E+02 7.70757282811E+02 8.48909015811E+01 7.76738703808E+02 9.57462639884E+01 7.63746071902E+02 1.04299445661E+02 7.88605405655E+02 1.16007792114E+02 7.60253195097E+02 8.88394297273E+01 
5.80000000000E+01 5.85000000000E+01 5.90000000000E+01 8.58362328197E+02 4.09429033027E+01 9.00887503557E+02 5.22889499784E+01 8.21173951307E+02 3.43750724893E+01 8.70696321791E+02 4.12780673468E+01 8.44938497091E+02 4.38438414045E+01 9.38152907716E+02 5.29077656900E+01 8.19722345774E+02 3.63921981012E+01 
5.90000000000E+01 5.95000000000E+01 6.00000000000E+01 7.91857452029E+02 4.51353716973E+01 8.16305857215E+02 5.68298823157E+01 7.68548047760E+02 3.82117640678E+01 7.94801317304E+02 4.50886898550E+01 8.33112458408E+02 4.78004850973E+01 8.13869378121E+02 5.68493568039E+01 7.92591236151E+02 3.99930328024E+01 
6.00000000000E+01 6.05000000000E+01 6.10000000000E+01 5.26991436125E+02 9.18614531850E+01 5.16199913339E+02 1.26705718314E+02 5.35686768986E+02 6.98307438229E+01 5.35309654423E+02 8.98125566022E+01 5.01318132297E+02 9.34740876528E+01 5.23266372155E+02 1.23787908298E+02 5.24406755896E+02 7.09293932039E+01 
6.10000000000E+01 6.15000000000E+01 6.20000000000E+01 7.05516944260E+02 4.22907578110E+01 7.28455693793E+02 5.40914027782E+01 6.72938748146E+02 3.55909798143E+01 6.85406219642E+02 4.11713916779E+01 7.32011324616E+02 4.44618171329E+01 7.05092264173E+02 5.16883378261E+01 6.78062814579E+02 3.63278587998E+01 
6.20000000000E+01 6.25000000000E+01 6.30000000000E+01 5.69248677987E+02 3.56965254327E+01 5.44649370577E+02 4.46197316988E+01 5.69203640388E+02 3.04044490304E+01 5.57518348427E+02 3.50914654664E+01 5.55848232542E+02 3.80641216783E+01 5.46839616851E+02 4.39314191739E+01 5.71928498362E+02 3.23073094910E+01 
6.30000000000E+01 6.35000000000E+01 6.40000000000E+01 5.95403483843E+02 3.46157832819E+01 5.86245799771E+02 4.30749378795E+01 5.87206185134E+02 2.96160758421E+01 5.81854541463E+02 3.41328879669E+01 5.97493961730E+02 3.73876824225E+01 5.75677780490E+02 4.22879537377E+01 5.99208432461E+02 3.15387345751E+01 
6.40000000000E+01 6.45000000000E+01 6.50000000000E+01 6.22410540473E+02 3.40760193641E+01 6.59347500049E+02 4.22887585758E+01 5.98332732864E+02 2.97560621414E+01 6.26382228074E+02 3.44855793872E+01 6.15555868344E+02 3.68842094826E+01 6.72689221941E+02 4.27648313046E+01 5.82532600443E+02 3.10816677590E+01 
6.50000000000E+01 6.55000000000E+01 6.60000000000E+01 5.12738937035E+02 3.25008435527E+01 4.98563290584E+02 3.97806852597E+01 5.15983097848E+02 2.80374446735E+01 4.67239430477E+02 3.18938119908E+01 5.56314139348E+02 3.52245883024E+01 4.50323480854E+02 3.95098755765E+01 5.47741347919E+02 3.00554525166E+01 
6.60000000000E+01 6.65000000000E+01 6.70000000000E+01 5.67263031566E+02 4.82909672032E+01 5.88467818134E+02 6.23952076385E+01 5.71581530536E+02 3.96954842536E+01 5.81188019518E+02 5.28106098464E+01 5.60155190879E+02 4.63562186378E+01 5.98362337476E+02 6.96848862712E+01 5.54763617374E+02 3.82400383243E+01 
6.70000000000E+01 6.75000000000E+01 6.80000000000E+01 6.20106148054E+02 1.69980550536E+02 6.37083953632E+02 2.13516568095E+02 5.73781032910E+02 1.38931406452E+02 6.22168549257E+02 1.65636339354E+02 5.88561631153E+02 1.74440605349E+02 6.79593372047E+02 2.09388210439E+02 5.61680590706E+02 1.43000836104E+02 
6.80000000000E+01 6.85000000000E+01 6.90000000000E+01 2.62769998662E+02 1.67396518720E+02 1.84921724043E+02 2.09516909457E+02 3.00643984045E+02 1.37247414358E+02 2.63319908021E+02 1.61514162151E+02 2.51582691753E+02 1.72881121816E+02 1.88769039264E+02 2.02978337341E+02 3.01125567902E+02 1.42030296164E+02 
6.90000000000E+01 6.95000000000E+01 7.00000000000E+01 5.74283009439E+02 4.36373831775E+01 6.24349935817E+02 5.26388043563E+01 5.57074663584E+02 3.69308310325E+01 5.67793676069E+02 4.22560399720E+01 5.84614210364E+02 4.56690930029E+01 6.29138837404E+02 5.09290414411E+01 5.74412605464E+02 3.81826040759E+01 
7.00000000000E+01 7.05000000000E+01 7.10000000000E+01 5.16696998825E+02 3.11202833772E+01 5.18008035697E+02 3.94139071518E+01 4.93071963627E+02 2.61630874464E+01 5.19968292338E+02 3.10054926530E+01 5.24805933236E+02 3.29528883125E+01 5.42135053125E+02 3.92399274562E+01 5.06053897925E+02 2.72466390251E+01 
7.10000000000E+01 7.15000000000E+01 7.20000000000E+01 3.06052517297E+02 3.17056017239E+01 2.88880798179E+02 4.00974305851E+01 3.22160591302E+02 2.73220276517E+01 3.12537573938E+02 3.21670451068E+01 3.24965429950E+02 3.29112822370E+01 2.80636692428E+02 3.97261204443E+01 3.35396548375E+02 2.74893676672E+01 
7.20000000000E+01 7.25000000000E+01 7.30000000000E+01 4.78003929706E+02 4.25495852011E+01 4.95392181510E+02 5.41874233736E+01 4.68710762870E+02 3.52024345289E+01 4.84691552018E+02 4.41812750431E+01 4.93655827761E+02 4.24197116446E+01 5.00735381485E+02 5.69048250314E+01 4.79276833666E+02 3.52633512746E+01 
7.30000000000E+01 7.35000000000E+01 7.40000000000E+01 3.68572954988E+02 5.87467290169E+01 3.47366347153E+02 7.36942505843E+01 3.77811235510E+02 4.83210586646E+01 3.74252242784E+02 5.91117059043E+01 3.60727965053E+02 5.90327184646E+01 3.59419073745E+02 7.45174351011E+01 3.69521606706E+02 4.86426112698E+01 
7.40000000000E+01 7.45000000000E+01 7.50000000000E+01 5.19612000615E+02 7.69739651916E+01 5.58271344814E+02 9.63702063863E+01 4.63512614045E+02 6.34996788396E+01 4.97228456998E+02 7.53869180565E+01 5.15281152897E+02 7.85895386355E+01 5.54559872291E+02 9.39701890031E+01 4.72948213888E+02 6.44779189020E+01 
7.50000000000E+01 7.55000000000E+01 7.60000000000E+01 3.68081560717E+02 3.72170189210E+01 3.70416280076E+02 4.79497406700E+01 3.57649189909E+02 3.03373909391E+01 3.52843664653E+02 3.71790945197E+01 3.52192163341E+02 3.75361007154E+01 3.70697473216E+02 4.80739633135E+01 3.48819171696E+02 3.06310197773E+01 
7.60000000000E+01 7.65000000000E+01 7.70000000000E+01 2.40790033176E+02 4.98009668069E+01 2.19590124297E+02 6.19286029560E+01 2.59902341945E+02 4.14284875747E+01 2.40816139165E+02 4.83971660746E+01 2.31426559534E+02 5.15693529704E+01 2.17544828662E+02 5.99553899693E+01 2.53726039787E+02 4.28049011952E+01 
7.70000000000E+01 7.75000000000E+01 7.80000000000E+01 3.43785463976E+02 3.30822382278E+01 3.47053750258E+02 4.29710837600E+01 3.20851918763E+02 2.76122387943E+01 3.28800413944E+02 3.36154610905E+01 3.56890507442E+02 3.41065582845E+01 3.30820337383E+02 4.27327493489E+01 3.37062210692E+02 2.76510683344E+01 
7.80000000000E+01 7.85000000000E+01 7.90000000000E+01 4.10249833571E+02 3.27927013677E+01 4.33969375803E+02 4.34994797961E+01 3.74363346033E+02 2.61555000413E+01 3.95692040782E+02 3.48689429328E+01 4.08314291931E+02 3.20395845046E+01 4.28413190072E+02 4.66519816675E+01 3.76587630774E+02 2.56956925112E+01 
7.90000000000E+01 7.95000000000E+01 8.00000000000E+01 2.45803403348E+02 3.42904918593E+01 2.26539157891E+02 4.57330735210E+01 2.55032721961E+02 2.70831083617E+01 2.42744053996E+02 3.68360205970E+01 2.61065139283E+02 3.29046949953E+01 2.21733659773E+02 4.96738303804E+01 2.71246997302E+02 2.62563421032E+01 
8.00000000000E+01 8.05000000000E+01 8.10000000000E+01 3.68124166585E+02 2.79487883598E+01 4.21157672162E+02 3.90025265783E+01 3.40272149145E+02 2.53667367909E+01 3.75924616567E+02 3.21729099658E+01 3.77428333221E+02 3.05248224539E+01 4.18348181052E+02 3.87381737667E+01 3.48453517393E+02 2.29770349320E+01 
8.10000000000E+01 8.15000000000E+01 8.20000000000E+01 2.47264121901E+02 3.88363176094E+01 2.13753372781E+02 4.90190414366E+01 2.54293812814E+02 3.20252909407E+01 2.36051237311E+02 3.98566155225E+01 2.33821648915E+02 3.91635296285E+01 2.18726899588E+02 5.08389794024E+01 2.59910422123E+02 3.21217532006E+01 
8.20000000000E+01 8.25000000000E+01 8.30000000000E+01 3.00009486271E+02 3.63785580484E+01 3.00293368621E+02 4.56054207174E+01 2.96365272923E+02 3.01128253740E+01 3.14797100943E+02 3.56052303394E+01 3.03948162945E+02 3.72305444652E+01 3.27454064216E+02 4.45579332359E+01 2.97813310648E+02 3.07629886843E+01 
8.30000000000E+01 8.35000000000E+01 8.40000000000E+01 2.89067142723E+02 2.07082230201E+01 2.77265457676E+02 2.67460100929E+01 2.94765724612E+02 1.73018670609E+01 2.75234211814E+02 2.11405995085E+01 3.00634431178E+02 2.16792039786E+01 2.67928696329E+02 2.64404804543E+01 2.91140395571E+02 1.78039223462E+01 
8.40000000000E+01 8.45000000000E+01 8.50000000000E+01 2.25565128579E+02 2.51343995042E+01 2.03181650997E+02 3.19736780499E+01 2.27344580305E+02 2.08809332730E+01 2.11087663784E+02 2.63798611515E+01 2.18126930759E+02 2.51632149073E+01 1.97653154423E+02 3.35146844888E+01 2.26328416736E+02 2.08957296715E+01 
8.50000000000E+01 8.55000000000E+01 8.60000000000E+01 3.00941722461E+02 2.30770664374E+01 3.06805165418E+02 2.96240766163E+01 2.74546200595E+02 1.84387594460E+01 2.96195121021E+02 2.40138006083E+01 2.80621297640E+02 2.18118334292E+01 3.09597815760E+02 3.08710127259E+01 2.70065166143E+02 1.84974586952E+01 
8.60000000000E+01 8.65000000000E+01 8.70000000000E+01 2.58562203903E+02 2.78725294085E+01 2.54947270679E+02 3.58776202898E+01 2.52564366995E+02 2.29042092077E+01 2.61768019653E+02 2.77266269169E+01 2.46884140226E+02 2.87426893014E+01 3.02660171810E+02 3.27883613062E+01 2.45708748335E+02 2.33215398886E+01 
8.70000000000E+01 8.75000000000E+01 8.80000000000E+01 2.21278274914E+02 3.61832384498E+01 2.39070705817E+02 4.61017245487E+01 2.13723054084E+02 2.98586495741E+01 2.14069628099E+02 3.58405631536E+01 2.13456425687E+02 3.72789902032E+01 2.41043595206E+02 4.49780902382E+01 2.10961319782E+02 3.02514750568E+01 
8.80000000000E+01 8.85000000000E+01 8.90000000000E+01 2.87028146619E+02 5.66548113387E+01 3.01280401716E+02 7.23992501072E+01 2.69329899940E+02 4.58050690363E+01 2.86077480398E+02 5.55807245967E+01 2.91902224517E+02 5.80015698863E+01 3.03076887110E+02 7.09816382828E+01 2.83195274678E+02 4.67477605478E+01 
8.90000000000E+01 8.95000000000E+01 9.00000000000E+01 1.95959880855E+02 4.11760132561E+01 1.91947515320E+02 5.18368706950E+01 2.05467672800E+02 3.37015205232E+01 2.02987386589E+02 4.10445411065E+01 2.01651070839E+02 4.14887502074E+01 1.92061821315E+02 5.14619216260E+01 2.07975343291E+02 3.38637401196E+01 
9.00000000000E+01 9.05000000000E+01 9.10000000000E+01 1.88162276047E+02 1.64062494525E+01 1.80602613633E+02 1.99982506404E+01 1.84282628982E+02 1.42746276037E+01 1.87500589830E+02 1.65134105789E+01 1.86516194164E+02 1.67827100205E+01 1.78372272300E+02 2.00858420642E+01 1.85643254625E+02 1.45608152787E+01 
9.10000000000E+01 9.15000000000E+01 9.20000000000E+01 2.27938844784E+02 1.59684427930E+01 2.47585923039E+02 1.97022435464E+01 2.19310788855E+02 1.38653094040E+01 2.28392720593E+02 1.63262247583E+01 2.28658374425E+02 1.64749581345E+01 2.50627553307E+02 1.99871988962E+01 2.16069049580E+02 1.41096275314E+01 
9.20000000000E+01 9.25000000000E+01 9.30000000000E+01 2.16128878608E+02 1.63078269080E+01 2.38152108054E+02 2.35461854409E+01 2.07464081949E+02 1.61671680137E+01 2.06790426287E+02 1.90131718668E+01 2.26390403370E+02 1.96824123752E+01 2.02407141578E+02 2.08720957536E+01 2.16518870176E+02 1.43478063025E+01 
9.30000000000E+01 9.35000000000E+01 9.40000000000E+01 1.74281073288E+02 1.71361473358E+01 1.83041586552E+02 2.13162196362E+01 1.74316272885E+02 1.45134195625E+01 1.72618839040E+02 1.74378733544E+01 1.66859850148E+02 1.75447722198E+01 1.81288987139E+02 2.21223752303E+01 1.65562236718E+02 1.49500499868E+01 
9.40000000000E+01 9.45000000000E+01 9.50000000000E+01 1.84421849973E+02 1.55671029194E+01 1.81119706844E+02 1.91104336460E+01 1.87662286664E+02 1.36912381070E+01 1.80690438006E+02 1.61887955812E+01 2.00138638013E+02 1.56463732004E+01 1.79720605055E+02 1.97985848646E+01 1.96250919203E+02 1.37204893090E+01 
9.50000000000E+01 9.55000000000E+01 9.60000000000E+01 1.64347264372E+02 1.42892617180E+01 1.59965747686E+02 1.80973936682E+01 1.69124642475E+02 1.23416220674E+01 1.62813737876E+02 1.45173430518E+01 1.79496657343E+02 1.49557177285E+01 1.60462233355E+02 1.79920138198E+01 1.78677867175E+02 1.25101787750E+01 
9.60000000000E+01 9.65000000000E+01 9.70000000000E+01 1.90471246603E+02 1.80621666150E+01 1.96599459787E+02 2.26885464071E+01 1.81372133986E+02 1.51987250791E+01 1.87935286321E+02 1.80291264528E+01 1.84987664253E+02 1.86090339983E+01 1.93560731293E+02 2.23544445321E+01 1.81880187816E+02 1.53946808088E+01 
9.70000000000E+01 9.75000000000E+01 9.80000000000E+01 1.33265611680E+02 1.37769308638E+01 1.29075705731E+02 1.69588517121E+01 1.33712016254E+02 1.19050110642E+01 1.40515745794E+02 1.36240752387E+01 1.32703046858E+02 1.44249844554E+01 1.44151085742E+02 1.65986130809E+01 1.31592417891E+02 1.22461418919E+01 
9.80000000000E+01 9.85000000000E+01 9.90000000000E+01 1.56134935950E+02 1.37109529866E+01 1.57369946681E+02 1.70561250546E+01 1.50317403962E+02 1.16512451329E+01 1.54970431116E+02 1.37948633872E+01 1.52483993081E+02 1.41797717067E+01 1.56653227252E+02 1.70563576680E+01 1.47307100976E+02 1.18684902614E+01 
9.90000000000E+01 9.95000000000E+01 1.00000000000E+02 1.38264372055E+02 1.54827525349E+01 1.32120187628E+02 1.92772212360E+01 1.40973283727E+02 1.37682867958E+01 1.41616436674E+02 1.61828423828E+01 1.45459617582E+02 1.60372008208E+01 1.30640111396E+02 1.95800448703E+01 1.45631733308E+02 1.36098461229E+01 
#nx: 3
