#labels: ptw__1p5__1p75_lower[1] ptw__1p5__1p75_center[2] ptw__1p5__1p75_upper[3] tot_scale01[4] tot_scale01_Err[5] tot_scale02[6] tot_scale02_Err[7] tot_scale03[8] tot_scale03_Err[9] tot_scale04[10] tot_scale04_Err[11] tot_scale05[12] tot_scale05_Err[13] tot_scale06[14] tot_scale06_Err[15] tot_scale07[16] tot_scale07_Err[17]
#neval: 93136503102
#overflow:lower center upper 4.30248313124E+03 3.14832656497E+01 4.66467232415E+03 3.85552526093E+01 3.98942366224E+03 3.16449855380E+01 4.31321237615E+03 3.52694795919E+01 4.30838233061E+03 3.42209875215E+01 4.69516808856E+03 3.67422074583E+01 3.99927638311E+03 2.97745218318E+01 
0.00000000000E+00 5.00000000000E-01 1.00000000000E+00 0.00000000000E+00 0.00000000000E+00 0.00000000000E+00 0.00000000000E+00 0.00000000000E+00 0.00000000000E+00 0.00000000000E+00 0.00000000000E+00 0.00000000000E+00 0.00000000000E+00 0.00000000000E+00 0.00000000000E+00 0.00000000000E+00 0.00000000000E+00 
1.00000000000E+00 1.50000000000E+00 2.00000000000E+00 2.65261858936E+04 2.29400262816E+03 -6.88604010487E+03 2.81549250989E+03 4.77113034426E+04 1.92026408895E+03 3.06264255207E+04 2.17237959728E+03 2.19863245112E+04 2.42838359934E+03 3.35529924722E+03 2.67287991841E+03 4.69894970951E+04 2.03709580294E+03 
2.00000000000E+00 2.50000000000E+00 3.00000000000E+00 4.04908802158E+04 9.83760075015E+02 3.06055104086E+04 1.18942418705E+03 4.61649552154E+04 8.37597733869E+02 3.96698173389E+04 8.96066013380E+02 4.07683139390E+04 1.07981478736E+03 3.20913091226E+04 1.08429977139E+03 4.78579273334E+04 9.18981498530E+02 
3.00000000000E+00 3.50000000000E+00 4.00000000000E+00 3.50965815726E+04 6.83483048796E+02 3.13165293687E+04 8.26460093425E+02 3.69090953746E+04 5.82536651704E+02 3.36977048308E+04 6.22750743064E+02 3.60101069471E+04 7.49452096868E+02 3.11246850670E+04 7.52605742025E+02 3.85624748801E+04 6.37742707038E+02 
4.00000000000E+00 4.50000000000E+00 5.00000000000E+00 3.06743712226E+04 5.75763997956E+02 2.92353050252E+04 6.99050145717E+02 3.10506504148E+04 4.88649977136E+02 2.90708179894E+04 5.25807729120E+02 3.18794549256E+04 6.28255518837E+02 2.83499026729E+04 6.37664127315E+02 3.26866335792E+04 5.32256184593E+02 
5.00000000000E+00 5.50000000000E+00 6.00000000000E+00 2.38056298759E+04 5.42808785597E+02 2.29758313576E+04 6.64914891013E+02 2.39118983456E+04 4.56424201742E+02 2.25894209999E+04 4.94142045771E+02 2.47239320915E+04 5.90556881744E+02 2.22750673086E+04 6.04321797315E+02 2.51376198796E+04 4.95687658025E+02 
6.00000000000E+00 6.50000000000E+00 7.00000000000E+00 2.16231584800E+04 4.53003920715E+02 2.16004004666E+04 5.54102713867E+02 2.12448691069E+04 3.81685672119E+02 2.04758589969E+04 4.11828250360E+02 2.25001467281E+04 4.93745641539E+02 2.08210011812E+04 5.02265579867E+02 2.23403999950E+04 4.14823096022E+02 
7.00000000000E+00 7.50000000000E+00 8.00000000000E+00 1.86670225347E+04 3.18343880329E+02 1.89129356864E+04 3.84809605567E+02 1.81686496034E+04 2.72144031196E+02 1.75949274848E+04 2.90119774835E+02 1.95180333932E+04 3.47830902923E+02 1.80996772417E+04 3.49171594719E+02 1.91685377661E+04 2.95986015488E+02 
8.00000000000E+00 8.50000000000E+00 9.00000000000E+00 1.52729236216E+04 3.14048344941E+02 1.54295219179E+04 3.82928844091E+02 1.48933921967E+04 2.65803959669E+02 1.44679036161E+04 2.87275789768E+02 1.59003779807E+04 3.40339070364E+02 1.48534602072E+04 3.49165585833E+02 1.56536286873E+04 2.87109017692E+02 
9.00000000000E+00 9.50000000000E+00 1.00000000000E+01 1.38272123189E+04 2.85779968882E+02 1.42207871764E+04 3.49028939411E+02 1.33202285678E+04 2.41822812524E+02 1.30541878368E+04 2.62025527027E+02 1.44452982602E+04 3.09372920851E+02 1.36127429870E+04 3.18423696044E+02 1.40311174780E+04 2.60495200724E+02 
1.00000000000E+01 1.05000000000E+01 1.10000000000E+01 1.24414888397E+04 2.42954538321E+02 1.29462660145E+04 2.96092550545E+02 1.18877435303E+04 2.06639367883E+02 1.17331468398E+04 2.26024630904E+02 1.30174063624E+04 2.61488078245E+02 1.23621530682E+04 2.73584486829E+02 1.25310530420E+04 2.20816247213E+02 
1.10000000000E+01 1.15000000000E+01 1.20000000000E+01 1.07767240114E+04 2.14796275412E+02 1.11680530358E+04 2.61027978447E+02 1.03271688227E+04 1.82799920629E+02 1.02114683100E+04 1.96682428538E+02 1.12138801421E+04 2.33291756606E+02 1.07251055783E+04 2.37653919375E+02 1.08349520388E+04 1.97431482314E+02 
1.20000000000E+01 1.25000000000E+01 1.30000000000E+01 9.92051246237E+03 4.34243909511E+02 1.03554552987E+04 5.40965356812E+02 9.45812620296E+03 3.58015203061E+02 9.43525828447E+03 4.39800817614E+02 1.02968017185E+04 4.27752042165E+02 9.98033654189E+03 5.47887389821E+02 9.89743174079E+03 3.52682007032E+02 
1.30000000000E+01 1.35000000000E+01 1.40000000000E+01 8.65748744710E+03 4.25947259754E+02 9.01586783756E+03 5.31085625337E+02 8.26851357007E+03 3.50906850202E+02 8.13587072335E+03 4.33445388014E+02 9.08870142544E+03 4.17471249162E+02 8.56419304917E+03 5.40292582200E+02 8.73470016386E+03 3.43804357900E+02 
1.40000000000E+01 1.45000000000E+01 1.50000000000E+01 8.08535205982E+03 1.71034343369E+02 8.46512160516E+03 2.07902977469E+02 7.69221535123E+03 1.45622291623E+02 7.67712380078E+03 1.59100893082E+02 8.40592351251E+03 1.83345393881E+02 8.13640579562E+03 1.92316602053E+02 8.05697360308E+03 1.55206329507E+02 
1.50000000000E+01 1.55000000000E+01 1.60000000000E+01 7.24852977618E+03 1.94354691677E+02 7.62930947129E+03 2.40095096845E+02 6.86992540173E+03 1.62702041659E+02 6.82860027503E+03 1.76687132151E+02 7.58921686218E+03 2.11805040061E+02 7.26238927462E+03 2.16885665794E+02 7.23786025232E+03 1.76282682584E+02 
1.60000000000E+01 1.65000000000E+01 1.70000000000E+01 6.30537916638E+03 1.80246028198E+02 6.60190175920E+03 2.23118347204E+02 5.99815298019E+03 1.50937635482E+02 6.00526963778E+03 1.63207217587E+02 6.54268256352E+03 1.97550127200E+02 6.36672044513E+03 2.00178007880E+02 6.27090160372E+03 1.64038600492E+02 
1.70000000000E+01 1.75000000000E+01 1.80000000000E+01 6.49696665433E+03 1.65882122349E+02 6.91396998619E+03 2.03698203073E+02 6.10845100521E+03 1.39547255233E+02 6.15796563814E+03 1.52239577262E+02 6.76563976882E+03 1.79072319960E+02 6.62135043624E+03 1.85946937124E+02 6.40168498811E+03 1.49882318602E+02 
1.80000000000E+01 1.85000000000E+01 1.90000000000E+01 4.79444506146E+03 3.44705256588E+02 4.90557001320E+03 4.30568384456E+02 4.63533638145E+03 2.83356657761E+02 4.61971256598E+03 3.14000525797E+02 4.91808714697E+03 3.71098245659E+02 4.80409005973E+03 3.91582899145E+02 4.80178088596E+03 3.04586843001E+02 
1.90000000000E+01 1.95000000000E+01 2.00000000000E+01 5.56637497256E+03 3.28497127197E+02 5.94202550365E+03 4.10270023656E+02 5.22158004769E+03 2.70083118462E+02 5.27623056208E+03 2.99237077041E+02 5.79679200764E+03 3.53564693192E+02 5.68725510833E+03 3.73103778734E+02 5.47038177050E+03 2.90231566281E+02 
2.00000000000E+01 2.05000000000E+01 2.10000000000E+01 4.60776005222E+03 1.79464419990E+02 4.84177355040E+03 2.22420935133E+02 4.37216735585E+03 1.49315174652E+02 4.41127711797E+03 1.62700374962E+02 4.75588319889E+03 1.95556192141E+02 4.69262429308E+03 2.00616264985E+02 4.54698539227E+03 1.61916883700E+02 
2.10000000000E+01 2.15000000000E+01 2.20000000000E+01 4.50475083448E+03 1.77806561835E+02 4.74608159248E+03 2.20484626189E+02 4.26629956671E+03 1.47700454384E+02 4.30209826220E+03 1.60090109261E+02 4.65895826446E+03 1.94436068543E+02 4.58609249821E+03 1.97686344889E+02 4.44427202168E+03 1.60894259465E+02 
2.20000000000E+01 2.25000000000E+01 2.30000000000E+01 3.97938774450E+03 1.02921136860E+02 4.24288630104E+03 1.25735391039E+02 3.73604871435E+03 8.78559488987E+01 3.77730063223E+03 9.58566312939E+01 4.14409449968E+03 1.10857652697E+02 4.06605140760E+03 1.15440968223E+02 3.91278921462E+03 9.33184032691E+01 
2.30000000000E+01 2.35000000000E+01 2.40000000000E+01 3.79211430187E+03 1.83955345216E+02 4.02881988751E+03 2.28936714886E+02 3.56970308526E+03 1.52255798487E+02 3.61654911831E+03 1.66091694379E+02 3.93563677989E+03 1.99907988161E+02 3.88159303350E+03 2.05771655510E+02 3.72695266039E+03 1.64771507678E+02 
2.40000000000E+01 2.45000000000E+01 2.50000000000E+01 3.52434163908E+03 2.21476857794E+02 3.71454453053E+03 2.76310059772E+02 3.33680971767E+03 1.82380003804E+02 3.36632316513E+03 2.00820626183E+02 3.65139930779E+03 2.39084292724E+02 3.58791638012E+03 2.50031463407E+02 3.47983897888E+03 1.96520919002E+02 
2.50000000000E+01 2.55000000000E+01 2.60000000000E+01 3.40966567565E+03 1.57895327618E+02 3.62323960402E+03 1.96185233336E+02 3.20933454792E+03 1.30825065979E+02 3.26694596693E+03 1.45773679240E+02 3.51556994269E+03 1.68273514656E+02 3.50927001064E+03 1.80543953227E+02 3.33139412916E+03 1.39016148265E+02 
2.60000000000E+01 2.65000000000E+01 2.70000000000E+01 3.08670541428E+03 9.54617227501E+01 3.29087611780E+03 1.17293581203E+02 2.89802038157E+03 8.16519899793E+01 2.94025543561E+03 9.07923958984E+01 3.20945501134E+03 1.02095365125E+02 3.16518788465E+03 1.09067057299E+02 3.02994180846E+03 8.54396099807E+01 
2.70000000000E+01 2.75000000000E+01 2.80000000000E+01 3.10828380841E+03 8.77115550211E+01 3.32791361519E+03 1.07255691590E+02 2.90936071211E+03 7.46529676108E+01 2.96167005466E+03 8.23030305270E+01 3.22773994977E+03 9.36393831970E+01 3.20018905357E+03 9.94682507367E+01 3.03754613768E+03 7.88083699038E+01 
2.80000000000E+01 2.85000000000E+01 2.90000000000E+01 2.78359521126E+03 1.27944776248E+02 2.95718351089E+03 1.58132299042E+02 2.62035452274E+03 1.06602852325E+02 2.65959654377E+03 1.21019830508E+02 2.88181329977E+03 1.33677618190E+02 2.85332433996E+03 1.49102508009E+02 2.72846872790E+03 1.11042675254E+02 
2.90000000000E+01 2.95000000000E+01 3.00000000000E+01 2.54522044317E+03 1.57468511811E+02 2.73545243613E+03 1.97151320681E+02 2.37583618559E+03 1.30893277589E+02 2.41504693797E+03 1.46029459099E+02 2.65853145794E+03 1.68762009594E+02 2.61531771688E+03 1.80202092877E+02 2.49174557494E+03 1.38197064135E+02 
3.00000000000E+01 3.05000000000E+01 3.10000000000E+01 2.26139677800E+03 1.23196604505E+02 2.38235777313E+03 1.52930100732E+02 2.14181990416E+03 1.02404013909E+02 2.18790723217E+03 1.12616312781E+02 2.31732333081E+03 1.32919010818E+02 2.33390602801E+03 1.38936119335E+02 2.21114347852E+03 1.09858652264E+02 
3.10000000000E+01 3.15000000000E+01 3.20000000000E+01 2.25817086889E+03 7.90420413593E+01 2.42847534897E+03 9.71631219546E+01 2.10654962712E+03 6.68806339045E+01 2.14694578737E+03 7.43884145034E+01 2.34644555053E+03 8.40378907727E+01 2.32742278105E+03 9.04586249776E+01 2.19938736475E+03 7.03657398386E+01 
3.20000000000E+01 3.25000000000E+01 3.30000000000E+01 2.22176433662E+03 7.92194263584E+01 2.37717901985E+03 9.73876554383E+01 2.08059375149E+03 6.67319675026E+01 2.13248359068E+03 7.41385482127E+01 2.28929458736E+03 8.41750954845E+01 2.30415070493E+03 9.04728879649E+01 2.15672955343E+03 7.04121874233E+01 
3.30000000000E+01 3.35000000000E+01 3.40000000000E+01 2.12921088570E+03 8.31852843764E+01 2.28629028370E+03 1.02425775300E+02 1.98856155207E+03 6.99022080791E+01 2.03572030641E+03 7.88033074671E+01 2.20624396677E+03 8.75234785259E+01 2.20522040355E+03 9.64568433542E+01 2.07093539951E+03 7.31310576427E+01 
3.40000000000E+01 3.45000000000E+01 3.50000000000E+01 1.75333132676E+03 7.17059206816E+01 1.83525252420E+03 8.80597051602E+01 1.66836850599E+03 6.08314601795E+01 1.70004936983E+03 6.87884184624E+01 1.79216373305E+03 7.53257678235E+01 1.80215930025E+03 8.34048256774E+01 1.71814144103E+03 6.30998080044E+01 
3.50000000000E+01 3.55000000000E+01 3.60000000000E+01 1.88784861551E+03 7.14916715607E+01 2.03012579331E+03 8.79329033433E+01 1.76115419269E+03 6.01555601496E+01 1.80794998989E+03 6.67491258799E+01 1.95030004000E+03 7.60362950900E+01 1.96107075144E+03 8.15415322824E+01 1.82882265266E+03 6.35782454272E+01 
3.60000000000E+01 3.65000000000E+01 3.70000000000E+01 1.62937796684E+03 7.87230474341E+01 1.72310236372E+03 9.70663739452E+01 1.53899845789E+03 6.60222318888E+01 1.57950772377E+03 7.48012124023E+01 1.66703331514E+03 8.25361483772E+01 1.68954477281E+03 9.16930228562E+01 1.58525789052E+03 6.88340470918E+01 
3.70000000000E+01 3.75000000000E+01 3.80000000000E+01 1.64187486300E+03 7.21370326644E+01 1.78506595158E+03 8.96606511797E+01 1.51918796799E+03 6.12896507685E+01 1.56257368899E+03 6.97793194807E+01 1.71166604199E+03 7.59141075665E+01 1.71005265325E+03 8.45725614637E+01 1.58921066498E+03 6.28487587974E+01 
3.80000000000E+01 3.85000000000E+01 3.90000000000E+01 1.44039720199E+03 9.46379843113E+01 1.52505100294E+03 1.17595229182E+02 1.35932110147E+03 7.87650942964E+01 1.39354657729E+03 8.70324608254E+01 1.47464687840E+03 1.01968882895E+02 1.49199291525E+03 1.07254299860E+02 1.40096886787E+03 8.42217092002E+01 
3.90000000000E+01 3.95000000000E+01 4.00000000000E+01 1.42325822096E+03 9.22471203556E+01 1.51192057999E+03 1.14390536069E+02 1.33989551274E+03 7.65362559907E+01 1.38102472715E+03 8.41655155978E+01 1.45374676108E+03 9.95795095505E+01 1.48285156815E+03 1.04043379229E+02 1.37742099440E+03 8.23855225576E+01 
4.00000000000E+01 4.05000000000E+01 4.10000000000E+01 1.48584965356E+03 7.20714590954E+01 1.60907321113E+03 8.90285275233E+01 1.37887323261E+03 6.04456838733E+01 1.42912851174E+03 6.72578869080E+01 1.53184601852E+03 7.68601141689E+01 1.56060647148E+03 8.23509630899E+01 1.42827967973E+03 6.39333427224E+01 
4.10000000000E+01 4.15000000000E+01 4.20000000000E+01 1.24806504739E+03 7.02254194829E+01 1.32439669420E+03 8.68629955187E+01 1.17583514670E+03 5.87872754080E+01 1.19848991406E+03 6.60223452470E+01 1.28834018868E+03 7.45546737960E+01 1.28353837072E+03 8.09606350408E+01 1.22001895935E+03 6.19098711200E+01 
4.20000000000E+01 4.25000000000E+01 4.30000000000E+01 1.21337231391E+03 5.80518766844E+01 1.29139663982E+03 7.14674820719E+01 1.14067126189E+03 4.87879274832E+01 1.18130430378E+03 5.47169330150E+01 1.23646541720E+03 6.12704677481E+01 1.27089691938E+03 6.69077673204E+01 1.16989070167E+03 5.11671475938E+01 
4.30000000000E+01 4.35000000000E+01 4.40000000000E+01 1.23848060880E+03 4.96278998810E+01 1.32778871495E+03 6.03803638853E+01 1.15800693164E+03 4.22491249528E+01 1.19794843419E+03 4.69212042290E+01 1.26891295096E+03 5.23518174420E+01 1.29593374956E+03 5.67072293825E+01 1.19278539389E+03 4.42943705928E+01 
4.40000000000E+01 4.45000000000E+01 4.50000000000E+01 1.00879894649E+03 6.10556951722E+01 1.05489570686E+03 7.52407366767E+01 9.60643083507E+02 5.11680313497E+01 9.86030070956E+02 5.84603136913E+01 1.02622137001E+03 6.35165777195E+01 1.04434699553E+03 7.16455285699E+01 9.84312176095E+02 5.29517528855E+01 
4.50000000000E+01 4.55000000000E+01 4.60000000000E+01 1.18365232933E+03 6.47501697721E+01 1.28402056554E+03 8.02794057349E+01 1.09705448347E+03 5.40000039404E+01 1.14771815413E+03 6.14027522987E+01 1.21099692761E+03 6.77795784245E+01 1.25561350984E+03 7.56127693835E+01 1.12808209494E+03 5.61535117114E+01 
4.60000000000E+01 4.65000000000E+01 4.70000000000E+01 1.02123508983E+03 7.52162550975E+01 1.08879735719E+03 9.33564064562E+01 9.58911366802E+02 6.25803920834E+01 9.96119850052E+02 7.29204979264E+01 1.04011396192E+03 7.72224346793E+01 1.07300891072E+03 8.99683253713E+01 9.82500100462E+02 6.38524524585E+01 
4.70000000000E+01 4.75000000000E+01 4.80000000000E+01 9.89376125186E+02 7.24065413421E+01 1.07785354740E+03 9.09882424048E+01 9.14002733204E+02 6.11879699671E+01 9.47566634047E+02 7.15838882966E+01 1.02654129106E+03 7.50872625596E+01 1.03863192906E+03 8.71001510043E+01 9.51210109497E+02 6.12646222373E+01 
4.80000000000E+01 4.85000000000E+01 4.90000000000E+01 8.62463817040E+02 4.36019087001E+01 9.08575171513E+02 5.29800682234E+01 8.16885027071E+02 3.71380495967E+01 8.44153860875E+02 4.16825576171E+01 8.75646183916E+02 4.55830235275E+01 8.99710237901E+02 5.03917778587E+01 8.34956880265E+02 3.86422758236E+01 
4.90000000000E+01 4.95000000000E+01 5.00000000000E+01 9.54415916834E+02 4.56183328994E+01 1.04464720177E+03 5.65796827557E+01 8.78504485506E+02 3.88724425990E+01 9.18472291508E+02 4.51295980523E+01 9.83643052093E+02 4.74523289749E+01 1.01224216530E+03 5.44543699611E+01 9.08958981789E+02 3.93074084384E+01 
5.00000000000E+01 5.05000000000E+01 5.10000000000E+01 8.91310233055E+02 5.61255300035E+01 9.78384998694E+02 7.01210506924E+01 8.18466856943E+02 4.72725720794E+01 8.63403765150E+02 5.60681865704E+01 9.15372215782E+02 5.74952161556E+01 9.54543157992E+02 6.85278384739E+01 8.43840056979E+02 4.72874277556E+01 
5.10000000000E+01 5.15000000000E+01 5.20000000000E+01 8.48852693507E+02 4.95728298941E+01 9.10184732796E+02 6.10634375133E+01 7.93634060034E+02 4.16003509368E+01 8.27724985832E+02 4.83837644355E+01 8.64015019759E+02 5.08161126196E+01 8.95911349471E+02 5.93649696882E+01 8.12294806379E+02 4.24816027512E+01 
5.20000000000E+01 5.25000000000E+01 5.30000000000E+01 8.76324151412E+02 1.57737561285E+02 9.69673024551E+02 1.98489521676E+02 7.99957973808E+02 1.28731081701E+02 8.41529399890E+02 1.47794935767E+02 9.05882284884E+02 1.65975337659E+02 9.36157835255E+02 1.85767826916E+02 8.29296264296E+02 1.35302075884E+02 
5.30000000000E+01 5.35000000000E+01 5.40000000000E+01 5.36951175258E+02 1.60518109291E+02 5.32226542087E+02 2.01893731255E+02 5.30181764851E+02 1.31007791829E+02 5.31530221815E+02 1.51071897623E+02 5.41967008875E+02 1.68311685733E+02 5.36231801841E+02 1.89886568552E+02 5.39790105976E+02 1.37283963873E+02 
5.40000000000E+01 5.45000000000E+01 5.50000000000E+01 7.65726754509E+02 5.10803016558E+01 8.45387836112E+02 6.45243544685E+01 7.00123794484E+02 4.33822606764E+01 7.36689170298E+02 5.11111860691E+01 7.91457247353E+02 5.29959583872E+01 8.17272808131E+02 6.20501586194E+01 7.25319848156E+02 4.30726940147E+01 
5.50000000000E+01 5.55000000000E+01 5.60000000000E+01 6.11768348206E+02 5.42109801645E+01 6.43360690826E+02 6.72930542638E+01 5.80158713694E+02 4.50189246766E+01 5.93697126048E+02 5.31075466202E+01 6.25673274672E+02 5.51398055330E+01 6.30180840698E+02 6.57923104201E+01 5.96337849445E+02 4.57097071746E+01 
5.60000000000E+01 5.65000000000E+01 5.70000000000E+01 6.33687512122E+02 3.66893848967E+01 6.66680092593E+02 4.48365007932E+01 6.00806100341E+02 3.11336968226E+01 6.24923368208E+02 3.51762893468E+01 6.39164762155E+02 3.82802800176E+01 6.65187258294E+02 4.27131172884E+01 6.10082223643E+02 3.22954344719E+01 
5.70000000000E+01 5.75000000000E+01 5.80000000000E+01 5.94229106378E+02 3.12154481181E+01 6.33028910883E+02 3.77390488676E+01 5.60539863851E+02 2.69333602273E+01 5.84000533086E+02 3.04477687953E+01 6.04290238657E+02 3.23634173660E+01 6.28246509888E+02 3.63648378356E+01 5.70596488208E+02 2.75964517631E+01 
5.80000000000E+01 5.85000000000E+01 5.90000000000E+01 6.26751003456E+02 6.45107116931E+01 6.75052472039E+02 8.01835697770E+01 5.84005339117E+02 5.33575834337E+01 6.08272443944E+02 6.26750656969E+01 6.42348282860E+02 6.58409778574E+01 6.59821799821E+02 7.77924804293E+01 6.00726432105E+02 5.43889258769E+01 
5.90000000000E+01 5.95000000000E+01 6.00000000000E+01 5.31639858230E+02 6.38134599235E+01 5.63089966194E+02 7.92247220581E+01 5.01588222710E+02 5.28897685691E+01 5.21651233032E+02 6.26656989916E+01 5.39701059532E+02 6.46706521193E+01 5.58442473041E+02 7.75624349752E+01 5.12153961466E+02 5.34423370049E+01 
6.00000000000E+01 6.05000000000E+01 6.10000000000E+01 5.57918047267E+02 2.88298272276E+01 6.16731936085E+02 3.57026552276E+01 5.09598784501E+02 2.48479338849E+01 5.32641122666E+02 2.82351252656E+01 5.80678533360E+02 3.03925712251E+01 5.90903377806E+02 3.37927279515E+01 5.31132717033E+02 2.53127512218E+01 
6.10000000000E+01 6.15000000000E+01 6.20000000000E+01 5.34276653055E+02 3.03297375064E+01 5.78212142227E+02 3.70164275605E+01 4.96010529262E+02 2.59188843518E+01 5.17626643963E+02 2.94509692389E+01 5.48668491482E+02 3.14999054530E+01 5.63853905088E+02 3.55562704810E+01 5.11010921952E+02 2.66434442236E+01 
6.20000000000E+01 6.25000000000E+01 6.30000000000E+01 5.02646754372E+02 2.62854362443E+01 5.37827047925E+02 3.21087893001E+01 4.70698651072E+02 2.26388258673E+01 4.93076467042E+02 2.54414364342E+01 5.09587121069E+02 2.75171499924E+01 5.32278911285E+02 3.04626325076E+01 4.79576142750E+02 2.32494424464E+01 
6.30000000000E+01 6.35000000000E+01 6.40000000000E+01 5.06577015393E+02 2.98195445457E+01 5.56250099918E+02 3.71372910274E+01 4.65148516203E+02 2.54467563344E+01 4.94878794734E+02 2.88712923987E+01 5.14878356103E+02 3.14677267342E+01 5.47030769476E+02 3.48155014047E+01 4.74630855428E+02 2.60018375723E+01 
6.40000000000E+01 6.45000000000E+01 6.50000000000E+01 4.28665330356E+02 3.32887801033E+01 4.43972313558E+02 4.07759496532E+01 4.11031429526E+02 2.81393402493E+01 4.22858111662E+02 3.15607647457E+01 4.33467667617E+02 3.48428193225E+01 4.43100234590E+02 3.85120907545E+01 4.18125268298E+02 2.93610366021E+01 
6.50000000000E+01 6.55000000000E+01 6.60000000000E+01 4.11573587860E+02 4.14798495435E+01 4.35203337020E+02 5.16200893725E+01 3.88988180245E+02 3.43915552593E+01 4.02494652297E+02 4.04403691094E+01 4.19214405065E+02 4.22636705778E+01 4.28951266946E+02 5.01537048413E+01 3.97970890969E+02 3.49289100300E+01 
6.60000000000E+01 6.65000000000E+01 6.70000000000E+01 4.30237438820E+02 4.05309221286E+01 4.63645374390E+02 5.02349159786E+01 4.00750389222E+02 3.37372273939E+01 4.22986510968E+02 3.98591894936E+01 4.35487078932E+02 4.10235132300E+01 4.59676102893E+02 4.92137132020E+01 4.07560546696E+02 3.40228964711E+01 
6.70000000000E+01 6.75000000000E+01 6.80000000000E+01 4.29826701452E+02 2.82446706076E+01 4.60818637208E+02 3.42815002651E+01 4.01909766130E+02 2.42628271259E+01 4.22850196171E+02 2.76770121541E+01 4.34736991528E+02 2.90473925086E+01 4.57400603909E+02 3.32892236651E+01 4.08538410576E+02 2.47495014407E+01 
6.80000000000E+01 6.85000000000E+01 6.90000000000E+01 3.46798931426E+02 2.26011244623E+01 3.68072283079E+02 2.76460603151E+01 3.26683815967E+02 1.92430692581E+01 3.36318369317E+02 2.20195155486E+01 3.55894893718E+02 2.33296056010E+01 3.59358789430E+02 2.66821133769E+01 3.36289831005E+02 1.96857985485E+01 
6.90000000000E+01 6.95000000000E+01 7.00000000000E+01 4.22389386420E+02 2.19255316763E+01 4.52747422831E+02 2.59263831682E+01 3.95035860691E+02 1.94978131493E+01 4.18687163520E+02 2.19480494924E+01 4.24162416391E+02 2.23541805264E+01 4.53366939421E+02 2.55324328087E+01 3.99076682026E+02 1.95934572100E+01 
7.00000000000E+01 7.05000000000E+01 7.10000000000E+01 4.02039003925E+02 4.44100072794E+01 4.35524196854E+02 5.52650623942E+01 3.72993845192E+02 3.66945604676E+01 3.95849472177E+02 4.28567069768E+01 4.05867574740E+02 4.54662580274E+01 4.32127554968E+02 5.32657996527E+01 3.78237230500E+02 3.75277046043E+01 
7.10000000000E+01 7.15000000000E+01 7.20000000000E+01 3.32391636045E+02 4.80902297895E+01 3.48332157803E+02 5.98444039800E+01 3.16031036789E+02 3.96791889053E+01 3.30288565665E+02 4.67313386070E+01 3.33102852806E+02 4.89127617601E+01 3.50135451008E+02 5.81280207644E+01 3.18769243612E+02 4.03501697839E+01 
7.20000000000E+01 7.25000000000E+01 7.30000000000E+01 3.23337534553E+02 2.87646193348E+01 3.45922511301E+02 3.55560767646E+01 3.02800998879E+02 2.40581979243E+01 3.17366624570E+02 2.78367001265E+01 3.27703842755E+02 2.95522842287E+01 3.42266732753E+02 3.42635951004E+01 3.08227907414E+02 2.46219051210E+01 
7.30000000000E+01 7.35000000000E+01 7.40000000000E+01 3.29907201599E+02 2.47357318905E+01 3.55464516017E+02 3.02393888877E+01 3.07306330022E+02 2.11612957273E+01 3.21089819650E+02 2.40702857149E+01 3.37370162350E+02 2.55616270646E+01 3.48258589366E+02 2.90064201116E+01 3.15279690617E+02 2.15896609991E+01 
7.40000000000E+01 7.45000000000E+01 7.50000000000E+01 2.83622656493E+02 2.21229506031E+01 3.02755162821E+02 2.71506308163E+01 2.66055809932E+02 1.87302103856E+01 2.78402567757E+02 2.11637093045E+01 2.88323013461E+02 2.31194470010E+01 2.99486256038E+02 2.57538289655E+01 2.71470997304E+02 1.94233582925E+01 
7.50000000000E+01 7.55000000000E+01 7.60000000000E+01 2.82543443218E+02 2.24347323019E+01 2.96914701423E+02 2.74940399593E+01 2.68109530197E+02 1.89420951325E+01 2.80747127942E+02 2.15748224047E+01 2.83448184470E+02 2.32249814475E+01 2.98139506716E+02 2.63217412923E+01 2.70506651574E+02 1.95350907676E+01 
7.60000000000E+01 7.65000000000E+01 7.70000000000E+01 3.09662039221E+02 1.97658447610E+01 3.30775634882E+02 2.38055759269E+01 2.90339745868E+02 1.70039696825E+01 3.07967882956E+02 1.95310275222E+01 3.10224758292E+02 2.02110150658E+01 3.32187799653E+02 2.33343612159E+01 2.92490958483E+02 1.72523716796E+01 
7.70000000000E+01 7.75000000000E+01 7.80000000000E+01 2.49069192483E+02 3.33879401068E+01 2.59759462061E+02 4.13329992840E+01 2.37630025767E+02 2.78436072772E+01 2.46157451372E+02 3.12149236644E+01 2.51914729582E+02 3.51962053783E+01 2.59269372038E+02 3.85200067241E+01 2.41462042234E+02 2.92796262419E+01 
7.80000000000E+01 7.85000000000E+01 7.90000000000E+01 2.90722158720E+02 3.73147195163E+01 3.16173499550E+02 4.64487981417E+01 2.68900141496E+02 3.09268207036E+01 2.85168279165E+02 3.49174683827E+01 2.94708583768E+02 3.93032482746E+01 3.12165732682E+02 4.32870102926E+01 2.73557701286E+02 3.24568163721E+01 
7.90000000000E+01 7.95000000000E+01 8.00000000000E+01 2.39043674579E+02 2.83926169457E+01 2.50708006463E+02 3.48565672888E+01 2.27130872120E+02 2.40372563078E+01 2.33909790035E+02 2.79460909333E+01 2.44728117519E+02 2.91708478445E+01 2.47087631157E+02 3.38777768596E+01 2.33099002071E+02 2.44044684849E+01 
8.00000000000E+01 8.05000000000E+01 8.10000000000E+01 3.02836000929E+02 5.06571745950E+01 3.39575335325E+02 6.34234875270E+01 2.73475995106E+02 4.16112444194E+01 2.98185733124E+02 5.12939382650E+01 3.06695987328E+02 4.99944573251E+01 3.36149388091E+02 6.40829721603E+01 2.77769110458E+02 4.09755278581E+01 
8.10000000000E+01 8.15000000000E+01 8.20000000000E+01 2.19860004014E+02 4.79911273672E+01 2.33459210395E+02 6.00394630776E+01 2.07037316519E+02 3.94210248642E+01 2.12436676476E+02 4.87385072834E+01 2.26148625086E+02 4.72028417179E+01 2.26618120372E+02 6.08848033320E+01 2.13337625596E+02 3.87192586847E+01 
8.20000000000E+01 8.25000000000E+01 8.30000000000E+01 1.97570944753E+02 1.59312765475E+01 2.07129719294E+02 1.93132514249E+01 1.87789122699E+02 1.36717662822E+01 2.00840221641E+02 1.60089624164E+01 1.94456128720E+02 1.61152864227E+01 2.13475460332E+02 1.92367775881E+01 1.86286307176E+02 1.37060106906E+01 
8.30000000000E+01 8.35000000000E+01 8.40000000000E+01 2.60756514851E+02 2.41461716066E+01 2.88000025299E+02 2.99008378336E+01 2.38331796784E+02 2.01524801768E+01 2.53968407575E+02 2.34317339130E+01 2.66357222973E+02 2.48128767965E+01 2.81710075742E+02 2.88829948365E+01 2.43944152841E+02 2.06256626008E+01 
8.40000000000E+01 8.45000000000E+01 8.50000000000E+01 1.85383120838E+02 2.07276929294E+01 1.93967369007E+02 2.56992979030E+01 1.76464638697E+02 1.74696660665E+01 1.84506533169E+02 1.98154585748E+01 1.86478260427E+02 2.17288517166E+01 1.94788471041E+02 2.42089527025E+01 1.78365578350E+02 1.80588088755E+01 
8.50000000000E+01 8.55000000000E+01 8.60000000000E+01 2.20973655438E+02 2.88221008636E+01 2.43997615640E+02 3.56883694845E+01 2.01949734265E+02 2.39909077392E+01 2.17993897351E+02 2.92524453807E+01 2.23559775883E+02 2.83757316093E+01 2.42215624485E+02 3.60820492563E+01 2.04982415348E+02 2.35341089615E+01 
8.60000000000E+01 8.65000000000E+01 8.70000000000E+01 2.00625534441E+02 2.92299356352E+01 2.12132635258E+02 3.60683587209E+01 1.89569581795E+02 2.43691158897E+01 1.98753091025E+02 2.97679298443E+01 2.01891037090E+02 2.86429824148E+01 2.12064627789E+02 3.66746864299E+01 1.91668614889E+02 2.38533148636E+01 
8.70000000000E+01 8.75000000000E+01 8.80000000000E+01 1.88497748862E+02 1.57200437659E+01 2.03130689955E+02 1.91084143714E+01 1.75593803362E+02 1.34219256456E+01 1.86597882588E+02 1.55513540581E+01 1.90002069358E+02 1.60164704267E+01 2.02497049505E+02 1.88377532900E+01 1.77622321560E+02 1.36338066454E+01 
8.80000000000E+01 8.85000000000E+01 8.90000000000E+01 2.01381828426E+02 2.14343557637E+01 2.26613148681E+02 2.78662367591E+01 1.81330524575E+02 1.88219226510E+01 1.93086075855E+02 2.15182503981E+01 2.09869892172E+02 2.33795210094E+01 2.17290477808E+02 2.52959369012E+01 1.88728495342E+02 1.85579990935E+01 
8.90000000000E+01 8.95000000000E+01 9.00000000000E+01 1.73493428728E+02 2.26063036553E+01 1.96375787214E+02 2.98231907597E+01 1.55491976424E+02 2.01231636435E+01 1.62638582899E+02 2.31478389704E+01 1.85249784732E+02 2.49052660359E+01 1.83725602649E+02 2.67768550315E+01 1.65525171413E+02 1.94487361084E+01 
9.00000000000E+01 9.05000000000E+01 9.10000000000E+01 1.57090189899E+02 1.80595002852E+01 1.63546599375E+02 2.22294580407E+01 1.50058187280E+02 1.52450850231E+01 1.56572275038E+02 1.76877386847E+01 1.57607899049E+02 1.84293319481E+01 1.64500185435E+02 2.16852998467E+01 1.51189412468E+02 1.54996387239E+01 
9.10000000000E+01 9.15000000000E+01 9.20000000000E+01 1.51922400874E+02 1.72999319190E+01 1.62577973167E+02 2.14591188000E+01 1.42247178159E+02 1.46205400420E+01 1.48759896147E+02 1.70704723414E+01 1.54913990233E+02 1.77227082151E+01 1.59984703861E+02 2.08359385068E+01 1.45303876253E+02 1.47402561543E+01 
9.20000000000E+01 9.25000000000E+01 9.30000000000E+01 1.45116763281E+02 1.57637654587E+01 1.56090151525E+02 1.95541046544E+01 1.35424540706E+02 1.36246794562E+01 1.41510292940E+02 1.52898216714E+01 1.49397800280E+02 1.66835829600E+01 1.52742369710E+02 1.83882290320E+01 1.39445296172E+02 1.40100064258E+01 
9.30000000000E+01 9.35000000000E+01 9.40000000000E+01 1.67922092043E+02 1.47971319807E+01 1.81855839886E+02 1.82149511441E+01 1.55833680714E+02 1.25159757019E+01 1.68536289412E+02 1.42614086733E+01 1.66702077858E+02 1.53817755353E+01 1.84114051733E+02 1.73410402033E+01 1.55505063528E+02 1.28663621259E+01 
9.40000000000E+01 9.45000000000E+01 9.50000000000E+01 1.48007421527E+02 1.12916334101E+01 1.57085259518E+02 1.36629764319E+01 1.39446764589E+02 9.72248167824E+00 1.46727059337E+02 1.13168372327E+01 1.48872371258E+02 1.13652099915E+01 1.56805070817E+02 1.35955769570E+01 1.40852973275E+02 9.71833270178E+00 
9.50000000000E+01 9.55000000000E+01 9.60000000000E+01 1.47556492989E+02 1.53677532594E+01 1.65912891114E+02 1.93165075538E+01 1.33115656245E+02 1.31885348544E+01 1.43164143627E+02 1.58205547963E+01 1.52064995598E+02 1.56122430619E+01 1.61487996675E+02 1.89876036668E+01 1.37100952793E+02 1.27797259967E+01 
9.60000000000E+01 9.65000000000E+01 9.70000000000E+01 1.33062604491E+02 1.43143238491E+01 1.42988043396E+02 1.74821826974E+01 1.24212998128E+02 1.21682477595E+01 1.33049923353E+02 1.42427442877E+01 1.32873825750E+02 1.44361090026E+01 1.44223026223E+02 1.72970225798E+01 1.24624396094E+02 1.22146804396E+01 
9.70000000000E+01 9.75000000000E+01 9.80000000000E+01 1.40373861081E+02 1.51577593301E+01 1.59638035653E+02 1.87899977626E+01 1.25312352845E+02 1.28566442978E+01 1.35884764273E+02 1.51043244331E+01 1.44692954239E+02 1.55222819601E+01 1.55092717610E+02 1.82516829121E+01 1.29247682245E+02 1.28675260668E+01 
9.80000000000E+01 9.85000000000E+01 9.90000000000E+01 1.35504245202E+02 1.67141149384E+01 1.43416993620E+02 2.05401884751E+01 1.27920491810E+02 1.40095641302E+01 1.36799851171E+02 1.62608978003E+01 1.34189274789E+02 1.70809507865E+01 1.46345110086E+02 1.99698480445E+01 1.27422312915E+02 1.43155436063E+01 
9.90000000000E+01 9.95000000000E+01 1.00000000000E+02 9.76686267351E+01 1.07531103323E+01 1.09939808722E+02 1.35933900611E+01 8.78982074314E+01 9.21451848564E+00 9.34115804465E+01 1.08721850853E+01 1.01891174484E+02 1.11321103497E+01 1.05343070184E+02 1.30411982849E+01 9.16892097446E+01 9.07203737259E+00 
#nx: 3
