#labels: ptw__3p5__4p0_lower[1] ptw__3p5__4p0_center[2] ptw__3p5__4p0_upper[3] tot_scale01[4] tot_scale01_Err[5] tot_scale02[6] tot_scale02_Err[7] tot_scale03[8] tot_scale03_Err[9] tot_scale04[10] tot_scale04_Err[11] tot_scale05[12] tot_scale05_Err[13] tot_scale06[14] tot_scale06_Err[15] tot_scale07[16] tot_scale07_Err[17]
#neval: 93136503102
#overflow:lower center upper 2.37508561287E+02 3.82153932623E+00 2.61428557059E+02 4.48280211055E+00 2.17681132804E+02 4.01910664929E+00 2.45907373344E+02 5.02938284626E+00 2.32033554411E+02 3.85931398535E+00 2.70571103122E+02 5.21792237507E+00 2.12160506158E+02 3.57764627208E+00 
0.00000000000E+00 5.00000000000E-01 1.00000000000E+00 0.00000000000E+00 0.00000000000E+00 0.00000000000E+00 0.00000000000E+00 0.00000000000E+00 0.00000000000E+00 0.00000000000E+00 0.00000000000E+00 0.00000000000E+00 0.00000000000E+00 0.00000000000E+00 0.00000000000E+00 0.00000000000E+00 0.00000000000E+00 
1.00000000000E+00 1.50000000000E+00 2.00000000000E+00 4.80413849458E+04 1.39079136742E+03 3.22872843881E+04 1.70425089721E+03 5.73702111641E+04 1.16864013556E+03 4.62224777757E+04 1.30467514552E+03 5.00163201531E+04 1.50217424235E+03 3.25000676011E+04 1.59712854552E+03 6.03366947101E+04 1.25927666292E+03 
2.00000000000E+00 2.50000000000E+00 3.00000000000E+00 4.11889075834E+04 6.03740459910E+02 3.77647768519E+04 7.27768246894E+02 4.26530667325E+04 5.17492074320E+02 3.91541960768E+04 5.61350248063E+02 4.30900246130E+04 6.64431957669E+02 3.64305862521E+04 6.72743436402E+02 4.48612027863E+04 5.64867865467E+02 
3.00000000000E+00 3.50000000000E+00 4.00000000000E+00 3.18396608279E+04 4.24372774759E+02 3.11444031963E+04 5.11504406034E+02 3.17092669527E+04 3.64315272215E+02 3.01940832140E+04 3.98133610426E+02 3.33336448310E+04 4.63568102714E+02 2.98462469603E+04 4.76337823328E+02 3.33391191852E+04 3.94138516943E+02 
4.00000000000E+00 4.50000000000E+00 5.00000000000E+00 2.42994071667E+04 3.59795365833E+02 2.43768608240E+04 4.37328342273E+02 2.38051854027E+04 3.06520101592E+02 2.31253607609E+04 3.44764666146E+02 2.53319136417E+04 3.84174036664E+02 2.34319811836E+04 4.16141780296E+02 2.49291672217E+04 3.24369691602E+02 
5.00000000000E+00 5.50000000000E+00 6.00000000000E+00 1.96950389177E+04 2.48844693685E+02 2.01536378662E+04 2.98857154895E+02 1.90391053974E+04 2.15351091555E+02 1.85746147784E+04 2.36149563500E+02 2.07028375967E+04 2.70358295747E+02 1.91359857013E+04 2.80037030548E+02 2.00674324568E+04 2.30560572795E+02 
6.00000000000E+00 6.50000000000E+00 7.00000000000E+00 1.60800543738E+04 2.03167930222E+02 1.65478986903E+04 2.42487800545E+02 1.54836602345E+04 1.76919621081E+02 1.52429048878E+04 1.98413370131E+02 1.68079407351E+04 2.16858088550E+02 1.58034106590E+04 2.34435014723E+02 1.62386957812E+04 1.86152574088E+02 
7.00000000000E+00 7.50000000000E+00 8.00000000000E+00 1.34812573309E+04 1.78898380220E+02 1.40238064452E+04 2.16918601573E+02 1.28793095336E+04 1.55026774030E+02 1.28256682033E+04 1.73060528013E+02 1.40414090582E+04 1.92147226913E+02 1.34439712624E+04 2.06538788957E+02 1.34633642744E+04 1.63551610135E+02 
8.00000000000E+00 8.50000000000E+00 9.00000000000E+00 1.14521645589E+04 1.51768558956E+02 1.20683469090E+04 1.82142857703E+02 1.08440437892E+04 1.32774195686E+02 1.08551446118E+04 1.48352395787E+02 1.19814210324E+04 1.62602648501E+02 1.15078723117E+04 1.74192953381E+02 1.13742515210E+04 1.38788901928E+02 
9.00000000000E+00 9.50000000000E+00 1.00000000000E+01 9.83836822640E+03 2.07036989212E+02 1.03373205855E+04 2.54987174257E+02 9.33509035737E+03 1.74087949235E+02 9.42984626541E+03 2.12285028263E+02 1.01854364963E+04 2.07456749668E+02 9.98936566062E+03 2.60041791265E+02 9.70345965384E+03 1.73179861161E+02 
1.00000000000E+01 1.05000000000E+01 1.10000000000E+01 8.50063477874E+03 1.98280618126E+02 8.96443043268E+03 2.44571218228E+02 8.04522628254E+03 1.66617138908E+02 8.09910828052E+03 2.05375286162E+02 8.84512770662E+03 1.96592373946E+02 8.59960905453E+03 2.51772954548E+02 8.39820682278E+03 1.63862632310E+02 
1.10000000000E+01 1.15000000000E+01 1.20000000000E+01 7.30630313543E+03 1.10874042845E+02 7.74411567796E+03 1.33029571622E+02 6.88971478434E+03 9.69876106905E+01 6.96594609625E+03 1.10817280119E+02 7.60010798869E+03 1.16223267225E+02 7.43039976133E+03 1.30569676006E+02 7.18753639267E+03 9.94541556168E+01 
1.20000000000E+01 1.25000000000E+01 1.30000000000E+01 6.62930869480E+03 1.11591967277E+02 7.05665031175E+03 1.34833571882E+02 6.23144537589E+03 9.68237628695E+01 6.33204147329E+03 1.12698976574E+02 6.88416606938E+03 1.15320653466E+02 6.78377280502E+03 1.33955262077E+02 6.49050437326E+03 9.80696008290E+01 
1.30000000000E+01 1.35000000000E+01 1.40000000000E+01 5.71601736637E+03 1.08047137620E+02 6.08757501033E+03 1.31021475999E+02 5.37091703024E+03 9.31677857710E+01 5.48356792763E+03 1.08284987946E+02 5.91360126844E+03 1.11993106491E+02 5.88203593115E+03 1.29318226835E+02 5.57587745219E+03 9.48441688756E+01 
1.40000000000E+01 1.45000000000E+01 1.50000000000E+01 5.10121410562E+03 9.90970958437E+01 5.46948343644E+03 1.20462211699E+02 4.76962428912E+03 8.57716616242E+01 4.86478515932E+03 9.90891828531E+01 5.31039255006E+03 1.03131703471E+02 5.24436957890E+03 1.17898474447E+02 4.97639042571E+03 8.71408739522E+01 
1.50000000000E+01 1.55000000000E+01 1.60000000000E+01 4.72030050580E+03 9.32482108472E+01 5.08178267126E+03 1.13275135125E+02 4.39991800166E+03 8.07830676191E+01 4.55546670264E+03 9.44812463913E+01 4.86824650420E+03 9.68866561807E+01 4.93918738615E+03 1.12288297490E+02 4.55289478056E+03 8.18215239341E+01 
1.60000000000E+01 1.65000000000E+01 1.70000000000E+01 4.15064316121E+03 9.90969233139E+01 4.44306636000E+03 1.21130690133E+02 3.88545113347E+03 8.44622844257E+01 3.99361659301E+03 9.68349344666E+01 4.28406563679E+03 1.03666047777E+02 4.30318551291E+03 1.16666762745E+02 4.02281210526E+03 8.70086516508E+01 
1.70000000000E+01 1.75000000000E+01 1.80000000000E+01 3.81173858598E+03 9.77635628272E+01 4.11350944942E+03 1.20246446778E+02 3.54673065644E+03 8.31080485336E+01 3.64365373889E+03 1.00796761209E+02 3.96312090596E+03 9.86230341604E+01 3.95090852363E+03 1.22318282862E+02 3.69409770265E+03 8.24364478054E+01 
1.80000000000E+01 1.85000000000E+01 1.90000000000E+01 3.46442312445E+03 6.94021048734E+01 3.72026115547E+03 8.36430962938E+01 3.23546392358E+03 6.06734612825E+01 3.33356012813E+03 7.14000260437E+01 3.57576342745E+03 7.10897839061E+01 3.60311580084E+03 8.43294554148E+01 3.34964767355E+03 6.06700881212E+01 
1.90000000000E+01 1.95000000000E+01 2.00000000000E+01 3.05589686113E+03 7.03670749604E+01 3.29047743443E+03 8.52442203413E+01 2.84814109702E+03 6.07701741661E+01 2.96562125342E+03 7.28063226764E+01 3.13100674115E+03 7.12589740826E+01 3.21630407626E+03 8.69718269195E+01 2.92854538995E+03 6.04555727732E+01 
2.00000000000E+01 2.05000000000E+01 2.10000000000E+01 2.93474468443E+03 6.93305930794E+01 3.16359715407E+03 8.39058098300E+01 2.73300988844E+03 6.00465307707E+01 2.85414672384E+03 7.24246325011E+01 3.00437755617E+03 6.99028373603E+01 3.09874523825E+03 8.63484364554E+01 2.80739207136E+03 5.93725588175E+01 
2.10000000000E+01 2.15000000000E+01 2.20000000000E+01 2.59569798525E+03 6.24940831882E+01 2.79091480961E+03 7.52820007870E+01 2.42194202012E+03 5.42654974512E+01 2.53306416118E+03 6.48892395109E+01 2.64710440144E+03 6.32516414409E+01 2.74397858459E+03 7.70551829479E+01 2.47973709452E+03 5.39348583816E+01 
2.20000000000E+01 2.25000000000E+01 2.30000000000E+01 2.29862505133E+03 5.29699516732E+01 2.47105239656E+03 6.36710877231E+01 2.14488731998E+03 4.63988285884E+01 2.23727536844E+03 5.54823606068E+01 2.34849843838E+03 5.37377269161E+01 2.42293632746E+03 6.54133408529E+01 2.19943423821E+03 4.59338731909E+01 
2.30000000000E+01 2.35000000000E+01 2.40000000000E+01 2.17535027919E+03 4.78212760615E+01 2.33017525962E+03 5.68988751454E+01 2.03534001769E+03 4.24463412290E+01 2.12365891626E+03 5.04279058799E+01 2.21782221067E+03 4.85445522423E+01 2.29294709221E+03 5.87615760248E+01 2.08322508598E+03 4.19563659263E+01 
2.40000000000E+01 2.45000000000E+01 2.50000000000E+01 1.94150672989E+03 4.29447211480E+01 2.08602458999E+03 5.14758031104E+01 1.81244188981E+03 3.85051699833E+01 1.88503122058E+03 4.51591725393E+01 1.99005786158E+03 4.41684664989E+01 2.03830642677E+03 5.20904478301E+01 1.86298894206E+03 3.78864829472E+01 
2.50000000000E+01 2.55000000000E+01 2.60000000000E+01 1.88136606934E+03 4.44129273913E+01 2.04621572507E+03 5.34857104063E+01 1.74087865879E+03 3.94953642935E+01 1.82721402353E+03 4.71484766325E+01 1.93011622736E+03 4.52610370199E+01 1.99905983688E+03 5.48988558470E+01 1.78995011275E+03 3.86880813672E+01 
2.60000000000E+01 2.65000000000E+01 2.70000000000E+01 1.66247927739E+03 4.70648401819E+01 1.78873733632E+03 5.69930776098E+01 1.55031374249E+03 4.07301145679E+01 1.60684822250E+03 4.91870305483E+01 1.71014600056E+03 4.71322937002E+01 1.73871511139E+03 5.88322623484E+01 1.59856250308E+03 4.01656322551E+01 
2.70000000000E+01 2.75000000000E+01 2.80000000000E+01 1.57222785789E+03 4.60118131221E+01 1.71927707272E+03 5.62949018912E+01 1.44824278051E+03 4.01080664178E+01 1.51430996121E+03 4.84519838827E+01 1.62579923535E+03 4.64668653149E+01 1.66290609965E+03 5.75535640321E+01 1.49961650518E+03 3.91576729444E+01 
2.80000000000E+01 2.85000000000E+01 2.90000000000E+01 1.38217252538E+03 4.38475970676E+01 1.48824069452E+03 5.32550275366E+01 1.28816436208E+03 3.79806114183E+01 1.33836346036E+03 4.51641797911E+01 1.42222751275E+03 4.46233989098E+01 1.44893947407E+03 5.38316016552E+01 1.32813372392E+03 3.78356070293E+01 
2.90000000000E+01 2.95000000000E+01 3.00000000000E+01 1.30806226169E+03 4.39637467864E+01 1.40719068627E+03 5.32184927241E+01 1.21995878744E+03 3.81026265378E+01 1.27584339809E+03 4.45737130682E+01 1.33640874760E+03 4.50390667783E+01 1.38143502210E+03 5.30395182585E+01 1.24983918346E+03 3.83204676768E+01 
3.00000000000E+01 3.05000000000E+01 3.10000000000E+01 1.24251448686E+03 3.77851040486E+01 1.33403281654E+03 4.53551159902E+01 1.16067435271E+03 3.30733879452E+01 1.21955791721E+03 3.95207716049E+01 1.26120055296E+03 3.81348396921E+01 1.31915137225E+03 4.67310858383E+01 1.18227574261E+03 3.27765761341E+01 
3.10000000000E+01 3.15000000000E+01 3.20000000000E+01 1.10677377417E+03 3.01999660094E+01 1.19733747577E+03 3.58542230721E+01 1.02792857371E+03 2.71553211246E+01 1.08337977410E+03 3.22989468166E+01 1.12804342887E+03 3.07330514401E+01 1.17910899749E+03 3.73947091981E+01 1.05028496730E+03 2.67408636962E+01 
3.20000000000E+01 3.25000000000E+01 3.30000000000E+01 1.14803254977E+03 3.04663766881E+01 1.26708810892E+03 3.66402966764E+01 1.04993184927E+03 2.76684819036E+01 1.12209135936E+03 3.44518808641E+01 1.17451919553E+03 3.05582808328E+01 1.24478353634E+03 3.96348176955E+01 1.07614853485E+03 2.61953801385E+01 
3.30000000000E+01 3.35000000000E+01 3.40000000000E+01 9.53515843550E+02 2.95359371170E+01 1.02253544349E+03 3.49057563281E+01 8.91389074248E+02 2.63217295704E+01 9.47414351394E+02 3.17871685015E+01 9.57835928799E+02 2.94269748002E+01 1.02531510452E+03 3.70463080085E+01 8.99680489832E+02 2.57082100808E+01 
3.40000000000E+01 3.45000000000E+01 3.50000000000E+01 9.18497372305E+02 2.70836272738E+01 9.89342932028E+02 3.21927721084E+01 8.55824308694E+02 2.40696616950E+01 8.99105728616E+02 2.90506036505E+01 9.35922282193E+02 2.71304723743E+01 9.74364997679E+02 3.39768212087E+01 8.74169697272E+02 2.35982879256E+01 
3.50000000000E+01 3.55000000000E+01 3.60000000000E+01 8.72942786453E+02 2.64846764281E+01 9.44347280165E+02 3.23347518422E+01 8.10819508912E+02 2.42288559205E+01 8.62198436759E+02 2.90965274659E+01 8.82963832733E+02 2.73675556183E+01 9.39528662204E+02 3.30882875133E+01 8.22817957366E+02 2.31843760430E+01 
3.60000000000E+01 3.65000000000E+01 3.70000000000E+01 8.38750189928E+02 2.85221303772E+01 9.20351266001E+02 3.46122102193E+01 7.70562996210E+02 2.51046786422E+01 8.25752424463E+02 3.25149504489E+01 8.50842510501E+02 2.77063064702E+01 9.11367645941E+02 3.85753191473E+01 7.83606063596E+02 2.35585095774E+01 
3.70000000000E+01 3.75000000000E+01 3.80000000000E+01 7.28398532702E+02 2.95396419179E+01 7.86732161150E+02 3.59131383893E+01 6.77279679418E+02 2.54642060945E+01 7.15598926837E+02 2.99132843740E+01 7.39689009667E+02 3.02938149584E+01 7.76985259023E+02 3.57836922997E+01 6.89518860637E+02 2.56669284624E+01 
3.80000000000E+01 3.85000000000E+01 3.90000000000E+01 7.08183626324E+02 2.83389826497E+01 7.74752583693E+02 3.42651338034E+01 6.52103002442E+02 2.50230247860E+01 6.88103588413E+02 2.88435067398E+01 7.27806022748E+02 2.94162508467E+01 7.55538788973E+02 3.37946649234E+01 6.70652358306E+02 2.51558810413E+01 
3.90000000000E+01 3.95000000000E+01 4.00000000000E+01 6.07732557467E+02 1.86754258647E+01 6.50167965412E+02 2.15904178567E+01 5.69179773172E+02 1.68420462606E+01 5.94602341038E+02 1.93328710083E+01 6.18374632316E+02 1.89131517022E+01 6.39376068360E+02 2.22658446571E+01 5.80236664931E+02 1.69135718303E+01 
4.00000000000E+01 4.05000000000E+01 4.10000000000E+01 6.21466033930E+02 2.07568943495E+01 6.78852240606E+02 2.47154742256E+01 5.72938173327E+02 1.86793089886E+01 6.15517799465E+02 2.25961664893E+01 6.27499410010E+02 2.06761058879E+01 6.76288591695E+02 2.61610413447E+01 5.79870628722E+02 1.79865396581E+01 
4.10000000000E+01 4.15000000000E+01 4.20000000000E+01 5.75275998776E+02 1.92719463486E+01 6.34282092383E+02 2.62041495775E+01 5.26515993723E+02 1.90592719397E+01 5.58802629968E+02 2.24127950527E+01 5.92832294810E+02 2.21354026399E+01 6.17485259123E+02 2.37681395454E+01 5.42374437027E+02 1.69151014870E+01 
4.20000000000E+01 4.25000000000E+01 4.30000000000E+01 5.48924305470E+02 2.29485746791E+01 6.02626639429E+02 2.72345312806E+01 5.04103273274E+02 2.07635532386E+01 5.51900083875E+02 2.64758770571E+01 5.50705373598E+02 2.25683418902E+01 6.10655541510E+02 3.07156655893E+01 5.07957426195E+02 1.96939374385E+01 
4.30000000000E+01 4.35000000000E+01 4.40000000000E+01 4.89787068207E+02 1.77866771473E+01 5.26315904223E+02 2.11100205720E+01 4.57164943122E+02 1.59726415726E+01 4.87844646565E+02 1.90139751337E+01 4.92198228794E+02 1.78160433368E+01 5.27992193280E+02 2.20495918899E+01 4.60776019982E+02 1.55717015720E+01 
4.40000000000E+01 4.45000000000E+01 4.50000000000E+01 4.88607820653E+02 1.91623225227E+01 5.31079211973E+02 2.25753376125E+01 4.52193426430E+02 1.71840093383E+01 4.83363733221E+02 2.02368536938E+01 4.93285397823E+02 1.95330328323E+01 5.28811357321E+02 2.34793280392E+01 4.57475732905E+02 1.71723591350E+01 
4.50000000000E+01 4.55000000000E+01 4.60000000000E+01 4.12579011090E+02 1.80095810694E+01 4.49136920945E+02 2.17741094779E+01 3.81366391974E+02 1.64672154988E+01 3.94777942275E+02 1.91871731314E+01 4.30648722278E+02 1.86771406134E+01 4.29764006984E+02 2.18749565072E+01 3.97257348385E+02 1.60706203921E+01 
4.60000000000E+01 4.65000000000E+01 4.70000000000E+01 4.12320137956E+02 1.54710003277E+01 4.49213530200E+02 1.84243687743E+01 3.80894510145E+02 1.42168123098E+01 4.00896815126E+02 1.60551823729E+01 4.22508284877E+02 1.64095881466E+01 4.37879594405E+02 1.81411755244E+01 3.90376129565E+02 1.43081195882E+01 
4.70000000000E+01 4.75000000000E+01 4.80000000000E+01 3.87967236493E+02 1.80773849701E+01 4.16955225948E+02 2.13758702738E+01 3.62144442159E+02 1.64249590476E+01 3.86428726378E+02 2.04390229186E+01 3.90296417877E+02 1.73451353594E+01 4.18154710598E+02 2.36079422229E+01 3.65254559219E+02 1.53071868843E+01 
4.80000000000E+01 4.85000000000E+01 4.90000000000E+01 3.59777105049E+02 2.10802761179E+01 3.96492100326E+02 2.58317864086E+01 3.29392361343E+02 1.81871886266E+01 3.55012675883E+02 2.26514647196E+01 3.64562776366E+02 2.06428198940E+01 3.92993541003E+02 2.71272574029E+01 3.34266714270E+02 1.73645910972E+01 
4.90000000000E+01 4.95000000000E+01 5.00000000000E+01 3.25739123799E+02 1.75281367805E+01 3.53701112597E+02 2.12146563017E+01 3.01688829611E+02 1.51261408935E+01 3.26060922443E+02 1.82457336678E+01 3.25575839744E+02 1.74340307149E+01 3.56207864030E+02 2.19203918292E+01 3.02306734291E+02 1.49178749318E+01 
5.00000000000E+01 5.05000000000E+01 5.10000000000E+01 3.21997730375E+02 1.41485802583E+01 3.44467456871E+02 1.53199965644E+01 3.01595720874E+02 1.45078796002E+01 3.20491550875E+02 1.68683593840E+01 3.24397354378E+02 1.30046108543E+01 3.44880362518E+02 1.76510494376E+01 3.04354639061E+02 1.29583947454E+01 
5.10000000000E+01 5.15000000000E+01 5.20000000000E+01 3.02915136260E+02 1.36223031636E+01 3.30002875471E+02 1.62917410723E+01 2.79840772755E+02 1.24380790826E+01 3.09933836453E+02 1.63755220181E+01 2.97965572120E+02 1.29150864883E+01 3.41029075901E+02 1.88203446355E+01 2.76635233840E+02 1.12216994005E+01 
5.20000000000E+01 5.25000000000E+01 5.30000000000E+01 2.88921847807E+02 1.22660527119E+01 3.21739413527E+02 1.48904674191E+01 2.62372366365E+02 1.14519357400E+01 2.82730988052E+02 1.35942487139E+01 2.96142088137E+02 1.28497495732E+01 3.15536780335E+02 1.51832611869E+01 2.68828753342E+02 1.10140283908E+01 
5.30000000000E+01 5.35000000000E+01 5.40000000000E+01 2.50372891254E+02 1.24172036975E+01 2.71265260825E+02 1.49713982171E+01 2.32268833693E+02 1.09330632755E+01 2.46197796102E+02 1.27767951056E+01 2.55279046914E+02 1.26258600321E+01 2.67528892509E+02 1.50894820186E+01 2.36773442597E+02 1.08864373662E+01 
5.40000000000E+01 5.45000000000E+01 5.50000000000E+01 2.42989368568E+02 1.43036115101E+01 2.64826327369E+02 1.70650639450E+01 2.24406165247E+02 1.26355610635E+01 2.44070128655E+02 1.68256609338E+01 2.42785133626E+02 1.33744043757E+01 2.67477903495E+02 1.98711442175E+01 2.24492154910E+02 1.15843042668E+01 
5.50000000000E+01 5.55000000000E+01 5.60000000000E+01 2.18270615831E+02 1.09064976117E+01 2.43348190442E+02 1.35917123641E+01 1.98007642902E+02 9.76905584041E+00 2.15174327261E+02 1.18794605981E+01 2.21520023942E+02 1.11363466061E+01 2.40401898274E+02 1.37850943912E+01 2.00934994370E+02 9.25023146975E+00 
5.60000000000E+01 5.65000000000E+01 5.70000000000E+01 2.02831223482E+02 1.16579626410E+01 2.16960842135E+02 1.36548368610E+01 1.89987847261E+02 1.05804002752E+01 2.09171972731E+02 1.38460507046E+01 1.97714778311E+02 1.10664814005E+01 2.26129530089E+02 1.60717574917E+01 1.86169647834E+02 9.79024411367E+00 
5.70000000000E+01 5.75000000000E+01 5.80000000000E+01 2.08437251293E+02 1.04151586920E+01 2.30793894453E+02 1.25252037216E+01 1.90143243498E+02 9.10771543667E+00 2.08757521777E+02 1.15736908844E+01 2.07611094924E+02 1.00227967421E+01 2.32173001429E+02 1.37279398921E+01 1.89768862458E+02 8.61533568247E+00 
5.80000000000E+01 5.85000000000E+01 5.90000000000E+01 1.79128361166E+02 8.62535004523E+00 1.98062095329E+02 1.03283550813E+01 1.63572267799E+02 7.84424871827E+00 1.75971888066E+02 9.31539189588E+00 1.82727815713E+02 8.74729090627E+00 1.95065707394E+02 1.06375271952E+01 1.66827071890E+02 7.59752477756E+00 
5.90000000000E+01 5.95000000000E+01 6.00000000000E+01 1.79241328043E+02 1.06799644844E+01 1.99803064667E+02 1.29585621840E+01 1.62616762968E+02 9.56366759521E+00 1.79406625297E+02 1.35171504242E+01 1.80606368502E+02 9.84867639052E+00 2.00741410243E+02 1.59051378588E+01 1.63936774712E+02 8.40842635314E+00 
6.00000000000E+01 6.05000000000E+01 6.10000000000E+01 1.67450279513E+02 7.90663731954E+00 1.82257794237E+02 9.17975284689E+00 1.54936743726E+02 7.26013372172E+00 1.66490307628E+02 8.18196725054E+00 1.69150943297E+02 8.29157835012E+00 1.81938564742E+02 9.32551678404E+00 1.56434819661E+02 7.44265227761E+00 
6.10000000000E+01 6.15000000000E+01 6.20000000000E+01 1.70740735021E+02 7.75213164520E+00 1.91317552924E+02 9.52264768444E+00 1.54293918701E+02 7.36448692940E+00 1.70783753311E+02 9.52570393395E+00 1.71613395469E+02 7.67708362640E+00 1.91900547179E+02 1.06105102099E+01 1.55110125987E+02 6.46823363548E+00 
6.20000000000E+01 6.25000000000E+01 6.30000000000E+01 1.46518511551E+02 7.78758523380E+00 1.62372389541E+02 9.45019272150E+00 1.33570370450E+02 6.93218128474E+00 1.44351300005E+02 8.32879789856E+00 1.48674034381E+02 7.84240044051E+00 1.60174919424E+02 9.70552025064E+00 1.35443802865E+02 6.69825654872E+00 
6.30000000000E+01 6.35000000000E+01 6.40000000000E+01 1.32102459490E+02 7.91311611698E+00 1.41625276572E+02 9.19446380299E+00 1.23679924243E+02 7.25580191620E+00 1.31730461378E+02 7.71864821368E+00 1.33105701479E+02 8.79246704260E+00 1.41794193897E+02 8.77788490023E+00 1.24497008340E+02 7.84778449549E+00 
6.40000000000E+01 6.45000000000E+01 6.50000000000E+01 1.11578677412E+02 6.68068040966E+00 1.21087592115E+02 7.95278490858E+00 1.03381499873E+02 6.09200170327E+00 1.10007267682E+02 7.13343974401E+00 1.13289277663E+02 6.80224006825E+00 1.19578746236E+02 8.17077997021E+00 1.04880113142E+02 5.96909353822E+00 
6.50000000000E+01 6.55000000000E+01 6.60000000000E+01 1.11881264357E+02 6.85221300871E+00 1.22543656341E+02 8.23371097182E+00 1.02928389006E+02 6.07933629405E+00 1.10866107899E+02 7.14566731712E+00 1.13362985553E+02 6.96736986787E+00 1.21659724762E+02 8.36278709750E+00 1.04205916543E+02 6.02311893618E+00 
6.60000000000E+01 6.65000000000E+01 6.70000000000E+01 1.12029529741E+02 6.55771424097E+00 1.23856063024E+02 8.08888283620E+00 1.02316089941E+02 5.91275964563E+00 1.12073899159E+02 7.22758498422E+00 1.12119925968E+02 6.61570596426E+00 1.24228380605E+02 8.33316467379E+00 1.02424061907E+02 5.56271156631E+00 
6.70000000000E+01 6.75000000000E+01 6.80000000000E+01 1.33332095987E+02 2.48973662657E+01 1.50181006311E+02 3.09951983933E+01 1.20009296362E+02 2.05767727773E+01 1.35467042671E+02 2.69514405285E+01 1.32082777299E+02 2.31931360645E+01 1.53113743839E+02 3.35382438221E+01 1.18985742792E+02 1.91662561294E+01 
6.80000000000E+01 6.85000000000E+01 6.90000000000E+01 6.68248773659E+01 2.43565351872E+01 6.58706598134E+01 3.04927358379E+01 6.61922848507E+01 1.99830865223E+01 6.83959521520E+01 2.64497334585E+01 6.55458821777E+01 2.25195794833E+01 6.82078849265E+01 3.31063992905E+01 6.52000224964E+01 1.84832297303E+01 
6.90000000000E+01 6.95000000000E+01 7.00000000000E+01 9.41684899753E+01 5.87300657373E+00 1.01643581880E+02 6.84860125049E+00 8.76111216818E+01 5.32762626805E+00 9.55595174909E+01 6.51103911767E+00 9.30900204936E+01 5.81291299613E+00 1.03924195418E+02 7.56089299925E+00 8.68300803276E+01 5.20945873561E+00 
7.00000000000E+01 7.05000000000E+01 7.10000000000E+01 8.25197893669E+01 5.02906579666E+00 9.44380417721E+01 8.71422070132E+00 7.32729937158E+01 6.50972779583E+00 7.91639019789E+01 7.46407423223E+00 8.67017474039E+01 7.71192426571E+00 9.02416717285E+01 6.09283077756E+00 7.66259326710E+01 5.19889953976E+00 
7.10000000000E+01 7.15000000000E+01 7.20000000000E+01 8.32074652749E+01 5.13888150275E+00 8.99655728872E+01 5.68877527050E+00 7.73184299097E+01 4.75885318192E+00 8.53665443980E+01 5.56824565835E+00 8.10769114751E+01 5.03680183729E+00 9.28277232561E+01 6.21705715802E+00 7.55375624913E+01 4.65442731669E+00 
7.20000000000E+01 7.25000000000E+01 7.30000000000E+01 7.75908136451E+01 4.33873924550E+00 8.33335087492E+01 4.95810160619E+00 7.23678202745E+01 3.99485163251E+00 7.79812152265E+01 4.84236127867E+00 7.74421518922E+01 4.23690703643E+00 8.40362024563E+01 5.52761526043E+00 7.24126689186E+01 3.87010048348E+00 
7.30000000000E+01 7.35000000000E+01 7.40000000000E+01 7.98065739659E+01 4.72368629616E+00 8.80190750018E+01 5.59491703376E+00 7.30301275625E+01 4.46229227703E+00 7.97506646898E+01 5.24289800982E+00 7.99624820924E+01 4.78792844416E+00 8.81286927599E+01 5.75078629645E+00 7.31533161023E+01 4.21417752004E+00 
7.40000000000E+01 7.45000000000E+01 7.50000000000E+01 5.93207944802E+01 4.21814944670E+00 6.39359316704E+01 4.95912281908E+00 5.52479269110E+01 3.78250267077E+00 6.04722603139E+01 4.35443926101E+00 5.80616841566E+01 4.24991172617E+00 6.55254229906E+01 5.07458301565E+00 5.42082000376E+01 3.77588455344E+00 
7.50000000000E+01 7.55000000000E+01 7.60000000000E+01 6.93421453920E+01 4.17393266813E+00 7.59851239856E+01 4.82948160958E+00 6.36909936617E+01 3.75039389055E+00 6.92039577561E+01 4.19939088724E+00 6.92310485324E+01 4.30214400242E+00 7.60240527849E+01 4.85254491043E+00 6.35543305433E+01 3.84260936155E+00 
7.60000000000E+01 7.65000000000E+01 7.70000000000E+01 6.05578124193E+01 4.01877542326E+00 7.07627161163E+01 6.29838335892E+00 5.28334394347E+01 4.61028314441E+00 5.71409039079E+01 5.38337670109E+00 6.44040283591E+01 5.35878318870E+00 6.64069123410E+01 4.89245474196E+00 5.58923809288E+01 3.70809282844E+00 
7.70000000000E+01 7.75000000000E+01 7.80000000000E+01 6.12436727163E+01 5.15497581049E+00 6.92782448860E+01 6.34355547758E+00 5.49163913338E+01 4.78001111563E+00 6.22691840932E+01 6.61595697845E+00 6.09372691623E+01 4.75330039016E+00 7.08531969603E+01 7.50631662886E+00 5.46369311709E+01 3.96963187849E+00 
7.80000000000E+01 7.85000000000E+01 7.90000000000E+01 6.22184254722E+01 6.01470661937E+00 6.76790901548E+01 7.05182817613E+00 5.75505286439E+01 5.31762268460E+00 6.50515179907E+01 6.50887487081E+00 5.99531535992E+01 5.74676996190E+00 7.12869004747E+01 7.59570700437E+00 5.56505241281E+01 5.06100843443E+00 
7.90000000000E+01 7.95000000000E+01 8.00000000000E+01 3.80712264546E+01 4.58735881563E+00 4.05706283675E+01 5.66034783808E+00 3.57497821023E+01 3.96065658877E+00 3.92560691425E+01 5.03733837538E+00 3.73144765195E+01 4.41698581014E+00 4.21218230043E+01 6.03918620250E+00 3.50756808178E+01 3.69783599149E+00 
8.00000000000E+01 8.05000000000E+01 8.10000000000E+01 5.06659421269E+01 4.05048472869E+00 5.67080116324E+01 5.30263052191E+00 4.58044169519E+01 3.80163582815E+00 5.23638315151E+01 4.97582034352E+00 4.95212063196E+01 4.11547407978E+00 5.89058902717E+01 5.58950409825E+00 4.48448256754E+01 3.26944186063E+00 
8.10000000000E+01 8.15000000000E+01 8.20000000000E+01 4.69317523998E+01 4.67816175162E+00 5.27837676068E+01 5.82964276359E+00 4.22758794087E+01 4.02386445015E+00 4.80742545894E+01 5.07482589572E+00 4.61132941306E+01 4.55302396359E+00 5.42148728544E+01 6.10165694588E+00 4.15551345704E+01 3.77450447066E+00 
8.20000000000E+01 8.25000000000E+01 8.30000000000E+01 3.68131071145E+01 3.54594401972E+00 3.85599269565E+01 4.18433122507E+00 3.50133489191E+01 3.16557927712E+00 3.79937842595E+01 3.82964699231E+00 3.58856719772E+01 3.44687965746E+00 4.00608673083E+01 4.50922737712E+00 3.42016749392E+01 3.06917311765E+00 
8.30000000000E+01 8.35000000000E+01 8.40000000000E+01 4.18441107400E+01 3.54736465617E+00 4.40101805386E+01 4.21191225974E+00 3.96824006007E+01 3.12595463399E+00 4.36365901369E+01 3.78499418095E+00 4.04559800681E+01 3.44098485362E+00 4.63464702366E+01 4.52381679824E+00 3.84683695476E+01 3.05122238221E+00 
8.40000000000E+01 8.45000000000E+01 8.50000000000E+01 3.93765555690E+01 2.49875261799E+00 4.19235708879E+01 2.73113438185E+00 3.69714000505E+01 2.40576832806E+00 4.06070103796E+01 2.82805646499E+00 3.83036632612E+01 2.40637338883E+00 4.35106004237E+01 3.11387297165E+00 3.60178009360E+01 2.30749295124E+00 
8.50000000000E+01 8.55000000000E+01 8.60000000000E+01 3.47894101379E+01 2.37510488589E+00 4.32170798326E+01 6.19460956200E+00 2.88357964087E+01 4.20133597218E+00 3.21192470740E+01 5.06776291120E+00 3.80794373069E+01 4.99946198431E+00 3.94877959039E+01 3.07761747168E+00 3.13992974420E+01 2.09832449777E+00 
8.60000000000E+01 8.65000000000E+01 8.70000000000E+01 3.02611879454E+01 2.62715906327E+00 3.37576828964E+01 3.19598097987E+00 2.74418095025E+01 2.39489103375E+00 3.06839074854E+01 3.03160981723E+00 2.97562907633E+01 2.55803970839E+00 3.42417970597E+01 3.47082974108E+00 2.69695253937E+01 2.18156466092E+00 
8.70000000000E+01 8.75000000000E+01 8.80000000000E+01 2.86434890760E+01 2.45405834873E+00 3.07209270376E+01 2.83852999362E+00 2.67788078888E+01 2.22732439231E+00 3.02944287371E+01 2.64799095717E+00 2.72180778876E+01 2.44184802047E+00 3.27682270664E+01 3.02526410579E+00 2.55861598364E+01 2.17953054469E+00 
8.80000000000E+01 8.85000000000E+01 8.90000000000E+01 3.51591685873E+01 3.39812053012E+00 3.81989662251E+01 3.94815222571E+00 3.25513987989E+01 3.02240876853E+00 3.65919344998E+01 3.63805129145E+00 3.40872243074E+01 3.22659989598E+00 3.99371894367E+01 4.25034514713E+00 3.15936477491E+01 2.88463410580E+00 
8.90000000000E+01 8.95000000000E+01 9.00000000000E+01 2.85309099672E+01 2.55386591578E+00 3.17545474770E+01 3.06564077245E+00 2.59208409434E+01 2.23284433559E+00 2.91362570819E+01 2.72654493159E+00 2.80168395642E+01 2.49900860963E+00 3.24675638853E+01 3.25052643699E+00 2.54408651285E+01 2.16683458174E+00 
9.00000000000E+01 9.05000000000E+01 9.10000000000E+01 2.45534083939E+01 2.12746437810E+00 2.61774854690E+01 2.48795436557E+00 2.30532019177E+01 1.89722495018E+00 2.50596419617E+01 2.23011436759E+00 2.41513395091E+01 2.09638971847E+00 2.67562164421E+01 2.63745310001E+00 2.26545582977E+01 1.88275538585E+00 
9.10000000000E+01 9.15000000000E+01 9.20000000000E+01 2.46146335700E+01 3.31024102351E+00 2.68906716102E+01 4.02743099794E+00 2.26925075506E+01 2.81045769002E+00 2.58434054502E+01 3.62537480024E+00 2.37340338584E+01 3.12386672348E+00 2.82350420422E+01 4.41387354973E+00 2.19169171044E+01 2.65688671241E+00 
9.20000000000E+01 9.25000000000E+01 9.30000000000E+01 1.87446063601E+01 3.08287710157E+00 1.96732872334E+01 3.78642908886E+00 1.78022885006E+01 2.59407447109E+00 1.98157093542E+01 3.26395393703E+00 1.78850459225E+01 2.95608977408E+00 2.09613037125E+01 4.01713933362E+00 1.70374220128E+01 2.49516529079E+00 
9.30000000000E+01 9.35000000000E+01 9.40000000000E+01 2.04360246637E+01 1.39487553541E+00 2.24379538021E+01 1.60293913305E+00 1.87821076465E+01 1.33477690615E+00 2.03471501367E+01 1.43642659975E+00 2.10274259291E+01 1.52531915733E+00 2.22599979219E+01 1.59738406926E+00 1.92153411091E+01 1.39861692112E+00 
9.40000000000E+01 9.45000000000E+01 9.50000000000E+01 1.93297973309E+01 2.27185517772E+00 2.08665961087E+01 2.57286612997E+00 1.79814192419E+01 2.06549592452E+00 2.17038001946E+01 3.15627329303E+00 1.74682677721E+01 1.76786529371E+00 2.37923557070E+01 3.64943709616E+00 1.64035396545E+01 1.62358769994E+00 
9.50000000000E+01 9.55000000000E+01 9.60000000000E+01 1.97574262539E+01 2.01914136956E+00 2.21815643893E+01 2.46802978860E+00 1.78255242937E+01 1.84730587123E+00 1.98207469360E+01 2.17263223336E+00 1.98126415642E+01 2.07526982011E+00 2.22183327760E+01 2.46232657106E+00 1.78261435463E+01 1.77293762605E+00 
9.60000000000E+01 9.65000000000E+01 9.70000000000E+01 2.27943425871E+01 2.69304047363E+00 2.49436882949E+01 3.11972239335E+00 2.09870745883E+01 2.40185779259E+00 2.45741444742E+01 3.47182572477E+00 2.14361854747E+01 2.36509483267E+00 2.71312052345E+01 4.08332070501E+00 1.98211776064E+01 2.11559325157E+00 
9.70000000000E+01 9.75000000000E+01 9.80000000000E+01 1.42153468451E+01 1.21243508040E+00 1.52049852237E+01 1.41460783101E+00 1.33141243854E+01 1.19778902395E+00 1.41001684866E+01 1.48574953709E+00 1.44518887520E+01 1.20589897833E+00 1.49958152886E+01 1.63604336923E+00 1.34500528647E+01 1.10873611074E+00 
9.80000000000E+01 9.85000000000E+01 9.90000000000E+01 1.60908827534E+01 1.53821376588E+00 1.66925755552E+01 1.71385324975E+00 1.54093783251E+01 1.45152874108E+00 1.72596629715E+01 1.87390635635E+00 1.51117339201E+01 1.39877920028E+00 1.81005208714E+01 2.10230868529E+00 1.45468446985E+01 1.31720097172E+00 
9.90000000000E+01 9.95000000000E+01 1.00000000000E+02 1.58193621843E+01 1.40977182816E+00 1.74605233883E+01 1.69725833762E+00 1.45372872993E+01 1.27947057180E+00 1.64973704713E+01 1.53840920854E+00 1.52734527890E+01 1.41408754541E+00 1.82638662815E+01 1.77320635766E+00 1.39762157636E+01 1.22951365915E+00 
#nx: 3
