#labels: ptw__-1p0__-0p75_lower[1] ptw__-1p0__-0p75_center[2] ptw__-1p0__-0p75_upper[3] tot_scale01[4] tot_scale01_Err[5] tot_scale02[6] tot_scale02_Err[7] tot_scale03[8] tot_scale03_Err[9] tot_scale04[10] tot_scale04_Err[11] tot_scale05[12] tot_scale05_Err[13] tot_scale06[14] tot_scale06_Err[15] tot_scale07[16] tot_scale07_Err[17]
#neval: 93136503102
#overflow:lower center upper 5.21747030422E+03 4.48209465707E+01 5.58844730035E+03 5.15843320203E+01 4.88213883294E+03 4.21593583559E+01 5.24405348486E+03 4.52320708024E+01 5.20238345350E+03 4.68478543561E+01 5.64596713754E+03 4.98508677479E+01 4.87771388494E+03 4.24813947948E+01 
0.00000000000E+00 5.00000000000E-01 1.00000000000E+00 0.00000000000E+00 0.00000000000E+00 0.00000000000E+00 0.00000000000E+00 0.00000000000E+00 0.00000000000E+00 0.00000000000E+00 0.00000000000E+00 0.00000000000E+00 0.00000000000E+00 0.00000000000E+00 0.00000000000E+00 0.00000000000E+00 0.00000000000E+00 
1.00000000000E+00 1.50000000000E+00 2.00000000000E+00 2.13063367126E+04 2.57906677291E+03 -1.70952253751E+04 3.17270152983E+03 4.58234364016E+04 2.15436132519E+03 2.71225725439E+04 2.31982466698E+03 1.49490563615E+04 2.82596443467E+03 -4.00995713242E+03 2.85640220323E+03 4.40377589604E+04 2.36252248380E+03 
2.00000000000E+00 2.50000000000E+00 3.00000000000E+00 4.03118283021E+04 1.41126072057E+03 2.85341737561E+04 1.73255445571E+03 4.72230503945E+04 1.18209159297E+03 3.97916867662E+04 1.31780262971E+03 4.02869280188E+04 1.51857317674E+03 3.07378206000E+04 1.62126135613E+03 4.88798688378E+04 1.27354436181E+03 
3.00000000000E+00 3.50000000000E+00 4.00000000000E+00 3.95571808233E+04 8.31492023557E+02 3.53166959717E+04 1.01141783309E+03 4.15888141508E+04 7.04193695850E+02 3.78763558299E+04 7.47703153653E+02 4.06874333900E+04 9.15997425534E+02 3.50367509000E+04 9.08975027835E+02 4.35787546752E+04 7.74984401820E+02 
4.00000000000E+00 4.50000000000E+00 5.00000000000E+00 3.20843536225E+04 5.91043472638E+02 3.01959344027E+04 7.14193963579E+02 3.27257978182E+04 5.04316948637E+02 3.05525435723E+04 5.31361974612E+02 3.31724567945E+04 6.51584650441E+02 2.95421981177E+04 6.41165645442E+02 3.43510379641E+04 5.54939884304E+02 
5.00000000000E+00 5.50000000000E+00 6.00000000000E+00 2.66584651448E+04 5.27267000237E+02 2.57820892273E+04 6.40679779799E+02 2.67414958814E+04 4.47381824514E+02 2.51993768445E+04 4.75145458239E+02 2.77683196222E+04 5.78832961585E+02 2.49095603543E+04 5.76279916571E+02 2.82031508579E+04 4.90158672663E+02 
6.00000000000E+00 6.50000000000E+00 7.00000000000E+00 2.21998873593E+04 4.47879392067E+02 2.19151358283E+04 5.45376741626E+02 2.19811661629E+04 3.79743818082E+02 2.08726893201E+04 4.02712518796E+02 2.32552327236E+04 4.92499553975E+02 2.09851469504E+04 4.88715818024E+02 2.32679148361E+04 4.16183120107E+02 
7.00000000000E+00 7.50000000000E+00 8.00000000000E+00 1.95178175863E+04 3.60626080145E+02 1.95422861038E+04 4.36902843768E+02 1.91470627623E+04 3.07386504076E+02 1.84257416195E+04 3.27448183749E+02 2.03538062208E+04 3.94004781687E+02 1.87777931827E+04 3.95512652831E+02 2.01784903641E+04 3.34775374118E+02 
8.00000000000E+00 8.50000000000E+00 9.00000000000E+00 1.76567184539E+04 3.31936393799E+02 1.79348025957E+04 4.02906194991E+02 1.71556629088E+04 2.82485772052E+02 1.66575742560E+04 3.02069029034E+02 1.84408952884E+04 3.61762837101E+02 1.71905661710E+04 3.65396759666E+02 1.80884005797E+04 3.06801540590E+02 
9.00000000000E+00 9.50000000000E+00 1.00000000000E+01 1.49973488402E+04 3.32339373490E+02 1.53110612939E+04 4.06695197536E+02 1.45214544947E+04 2.80387998705E+02 1.41233284260E+04 2.99749722636E+02 1.56882276909E+04 3.63527086106E+02 1.46346071187E+04 3.65327642552E+02 1.53262988636E+04 3.05552896957E+02 
1.00000000000E+01 1.05000000000E+01 1.10000000000E+01 1.40839052353E+04 3.28676470372E+02 1.45895282111E+04 4.03498157627E+02 1.35005443337E+04 2.76018137087E+02 1.32663982221E+04 2.96394573103E+02 1.47174520991E+04 3.58990099925E+02 1.39285126189E+04 3.62752394945E+02 1.42274708796E+04 3.00630794268E+02 
1.10000000000E+01 1.15000000000E+01 1.20000000000E+01 1.17325919867E+04 2.81952896686E+02 1.20508993301E+04 3.45357236354E+02 1.13129161585E+04 2.37549472549E+02 1.10508244992E+04 2.53427376321E+02 1.22598295335E+04 3.09057255661E+02 1.15088722705E+04 3.09175623848E+02 1.19218636262E+04 2.59443457168E+02 
1.20000000000E+01 1.25000000000E+01 1.30000000000E+01 1.00138426496E+04 2.64591430667E+02 1.02776158967E+04 3.24919173119E+02 9.66046542591E+03 2.22509365887E+02 9.46115306735E+03 2.40109184618E+02 1.04504482596E+04 2.87806128209E+02 9.85084716185E+03 2.93492785850E+02 1.01685184580E+04 2.40980583313E+02 
1.30000000000E+01 1.35000000000E+01 1.40000000000E+01 9.74228211368E+03 2.32337438652E+02 1.02287784521E+04 2.84705803491E+02 9.24935542859E+03 1.96161513706E+02 9.13627136206E+03 2.12619563160E+02 1.02426303544E+04 2.51462340437E+02 9.69914570993E+03 2.58993622139E+02 9.78872241412E+03 2.11114182421E+02 
1.40000000000E+01 1.45000000000E+01 1.50000000000E+01 8.81671373143E+03 2.01614439923E+02 9.20687487730E+03 2.46164355943E+02 8.40337240509E+03 1.70752726284E+02 8.33912080730E+03 1.84962157716E+02 9.18784341478E+03 2.17744660168E+02 8.81955930789E+03 2.24713098363E+02 8.82616590406E+03 1.83547288732E+02 
1.50000000000E+01 1.55000000000E+01 1.60000000000E+01 8.27301307529E+03 2.33440611943E+02 8.70428964631E+03 2.87874155276E+02 7.84292472641E+03 1.95351395234E+02 7.82244881607E+03 2.10566013767E+02 8.62929621491E+03 2.55111112462E+02 8.32791537400E+03 2.58394291581E+02 8.24034854022E+03 2.12520428645E+02 
1.60000000000E+01 1.65000000000E+01 1.70000000000E+01 6.98265092541E+03 2.21247610608E+02 7.26741820406E+03 2.72939907460E+02 6.67130735029E+03 1.85218209994E+02 6.60232239473E+03 1.98773787217E+02 7.28751526070E+03 2.42635043276E+02 6.95807867152E+03 2.43789584828E+02 7.01404341706E+03 2.02049041982E+02 
1.70000000000E+01 1.75000000000E+01 1.80000000000E+01 6.65929106092E+03 1.72215272797E+02 7.00340726068E+03 2.10897207614E+02 6.31509483505E+03 1.45455288890E+02 6.30404743456E+03 1.56120938724E+02 6.94044877677E+03 1.87664936914E+02 6.70721907631E+03 1.90012712890E+02 6.62849913252E+03 1.57605662227E+02 
1.80000000000E+01 1.85000000000E+01 1.90000000000E+01 6.03017296172E+03 1.62119482272E+02 6.31883458618E+03 1.98548092788E+02 5.73312628899E+03 1.37053433305E+02 5.72187815425E+03 1.47112536367E+02 6.27342918064E+03 1.76732803276E+02 6.07051924916E+03 1.78882429787E+02 6.00931802479E+03 1.48436870110E+02 
1.90000000000E+01 1.95000000000E+01 2.00000000000E+01 5.98552799431E+03 1.60043876356E+02 6.36014992916E+03 1.96427758989E+02 5.63397949385E+03 1.34993641397E+02 5.64512127450E+03 1.44828542356E+02 6.26169148474E+03 1.74723596569E+02 6.05778441855E+03 1.76467387768E+02 5.92914494036E+03 1.46389152373E+02 
2.00000000000E+01 2.05000000000E+01 2.10000000000E+01 5.30973556244E+03 1.67473729648E+02 5.57646398991E+03 2.06251507852E+02 5.04018817967E+03 1.40507939913E+02 5.04061426772E+03 1.52302219441E+02 5.52458217793E+03 1.81809313793E+02 5.35536291339E+03 1.86539461815E+02 5.28047543184E+03 1.51755445626E+02 
2.10000000000E+01 2.15000000000E+01 2.20000000000E+01 4.59990476623E+03 1.53434242381E+02 4.82125332171E+03 1.88666037879E+02 4.37278668835E+03 1.29100332683E+02 4.38851446584E+03 1.41038523344E+02 4.76634893195E+03 1.65298160500E+02 4.65814885664E+03 1.72291144062E+02 4.56591874480E+03 1.38233024132E+02 
2.20000000000E+01 2.25000000000E+01 2.30000000000E+01 4.67668409102E+03 1.35763708154E+02 4.97976670834E+03 1.66573979487E+02 4.39517073740E+03 1.14453589666E+02 4.46680217204E+03 1.24555782492E+02 4.83657759281E+03 1.46458236087E+02 4.81063306058E+03 1.51901740471E+02 4.57794000379E+03 1.22773349339E+02 
2.30000000000E+01 2.35000000000E+01 2.40000000000E+01 4.07130840079E+03 1.27381712190E+02 4.30978498369E+03 1.56398497695E+02 3.84264624677E+03 1.07689292051E+02 3.86662700113E+03 1.16709053838E+02 4.23602746901E+03 1.37887623731E+02 4.13743474940E+03 1.41911630786E+02 4.02387076429E+03 1.15535744133E+02 
2.40000000000E+01 2.45000000000E+01 2.50000000000E+01 3.96337078501E+03 1.20109832135E+02 4.19835410496E+03 1.47321457240E+02 3.73865094364E+03 1.01574423004E+02 3.77627239407E+03 1.10446370033E+02 4.10969067612E+03 1.29636219886E+02 4.04362927203E+03 1.34306324167E+02 3.90214432154E+03 1.08756144621E+02 
2.50000000000E+01 2.55000000000E+01 2.60000000000E+01 3.59236472635E+03 1.04618639782E+02 3.79380433082E+03 1.27717883598E+02 3.39646796129E+03 8.88109252994E+01 3.45174297910E+03 9.70106268515E+01 3.69437477909E+03 1.12045259909E+02 3.69056375142E+03 1.17650087400E+02 3.51991537315E+03 9.45262950628E+01 
2.60000000000E+01 2.65000000000E+01 2.70000000000E+01 3.35848540209E+03 1.07606782086E+02 3.56892234078E+03 1.32027669229E+02 3.16087948079E+03 9.10765633092E+01 3.19854489029E+03 9.97677505568E+01 3.48624315751E+03 1.15413690351E+02 3.43426824929E+03 1.21259249737E+02 3.30139426682E+03 9.68193527295E+01 
2.70000000000E+01 2.75000000000E+01 2.80000000000E+01 3.16892970055E+03 1.17956549838E+02 3.34902596385E+03 1.45361205190E+02 2.99460679610E+03 9.89806642025E+01 3.03420038376E+03 1.08512373711E+02 3.27309622245E+03 1.26687130129E+02 3.24318419926E+03 1.32921871925E+02 3.11422851486E+03 1.05718723295E+02 
2.80000000000E+01 2.85000000000E+01 2.90000000000E+01 2.99671965001E+03 1.23301233426E+02 3.14568453150E+03 1.51795788376E+02 2.84562967804E+03 1.03262464238E+02 2.87608176638E+03 1.13786285863E+02 3.08885334282E+03 1.31785911898E+02 3.05547850519E+03 1.39600737628E+02 2.95379123053E+03 1.10031332189E+02 
2.90000000000E+01 2.95000000000E+01 3.00000000000E+01 3.08063077507E+03 1.16864455377E+02 3.32675035118E+03 1.44220839516E+02 2.86495111977E+03 9.79467565149E+01 2.93637651988E+03 1.08313694350E+02 3.19619491086E+03 1.24850174026E+02 3.19904991649E+03 1.32806699844E+02 2.98832638113E+03 1.03990001789E+02 
3.00000000000E+01 3.05000000000E+01 3.10000000000E+01 2.47150956436E+03 1.03366157457E+02 2.59460632656E+03 1.27505661034E+02 2.34685342168E+03 8.70299218488E+01 2.36887652297E+03 9.58703091461E+01 2.55389205446E+03 1.10735572774E+02 2.51559799015E+03 1.17011739336E+02 2.44116841516E+03 9.23055245856E+01 
3.10000000000E+01 3.15000000000E+01 3.20000000000E+01 2.41547968153E+03 9.38838817581E+01 2.54746029511E+03 1.15480938255E+02 2.28596689448E+03 7.90005444961E+01 2.31869782896E+03 8.66589829658E+01 2.48953790601E+03 1.00655607214E+02 2.47340733522E+03 1.05935168474E+02 2.37208028658E+03 8.42144314245E+01 
3.20000000000E+01 3.25000000000E+01 3.30000000000E+01 2.48988271279E+03 1.04817380731E+02 2.66764094841E+03 1.29521397999E+02 2.32926272338E+03 8.78518686949E+01 2.38489836180E+03 9.72863430103E+01 2.57217728270E+03 1.11790978098E+02 2.57997963878E+03 1.19305954779E+02 2.42026563278E+03 9.30357706482E+01 
3.30000000000E+01 3.35000000000E+01 3.40000000000E+01 2.23636783940E+03 1.01491553852E+02 2.39342102345E+03 1.25945429508E+02 2.09388256028E+03 8.52998364467E+01 2.12041197894E+03 9.40656594105E+01 2.33521724520E+03 1.09057978570E+02 2.28779871887E+03 1.15015447034E+02 2.19616070368E+03 9.03893561376E+01 
3.40000000000E+01 3.45000000000E+01 3.50000000000E+01 2.08347334775E+03 8.18029772709E+01 2.20291227642E+03 1.00306862299E+02 1.96802315805E+03 6.92458094506E+01 2.00200912849E+03 7.53816547156E+01 2.14907266286E+03 8.80436854002E+01 2.13962704254E+03 9.15716361288E+01 2.04251944718E+03 7.38940637743E+01 
3.50000000000E+01 3.55000000000E+01 3.60000000000E+01 2.11099195034E+03 7.33806202872E+01 2.28770055992E+03 9.19555197106E+01 1.95801248628E+03 6.38172861118E+01 2.01039511046E+03 6.96400463989E+01 2.19665620228E+03 8.06107847429E+01 2.19526687871E+03 8.23516689291E+01 2.04611401815E+03 6.63100946522E+01 
3.60000000000E+01 3.65000000000E+01 3.70000000000E+01 1.73720772240E+03 8.34432903966E+01 1.79921147383E+03 1.02576381125E+02 1.66549534052E+03 7.02246457954E+01 1.68886836485E+03 7.81219185150E+01 1.77167482741E+03 8.84329840438E+01 1.77374688403E+03 9.55278610695E+01 1.71246394044E+03 7.40683733629E+01 
3.70000000000E+01 3.75000000000E+01 3.80000000000E+01 1.90271175662E+03 8.66559796186E+01 2.07828195723E+03 1.07959042768E+02 1.75415519357E+03 7.29977823160E+01 1.81234283200E+03 8.19313105228E+01 1.98090094236E+03 9.23491908917E+01 1.99328008925E+03 1.00053712733E+02 1.83319772339E+03 7.62374367389E+01 
3.80000000000E+01 3.85000000000E+01 3.90000000000E+01 1.65606560131E+03 7.03164511874E+01 1.73773140856E+03 8.61067204543E+01 1.57304633474E+03 5.93876831609E+01 1.60865424481E+03 6.58141902404E+01 1.68875900802E+03 7.45034320409E+01 1.70964367155E+03 8.01812210476E+01 1.61650602747E+03 6.26412440422E+01 
3.90000000000E+01 3.95000000000E+01 4.00000000000E+01 1.90547044562E+03 3.97463713118E+02 2.09104124398E+03 4.98503540356E+02 1.75047527643E+03 3.24867916114E+02 1.79527797846E+03 3.50993787163E+02 1.99750531800E+03 4.36608989017E+02 1.97978935731E+03 4.40046243243E+02 1.83997418770E+03 3.56738372159E+02 
4.00000000000E+01 4.05000000000E+01 4.10000000000E+01 1.11964352822E+03 3.96871812912E+02 1.11355164824E+03 4.97750655105E+02 1.10336139951E+03 3.24371817965E+02 1.10987587334E+03 3.50414908726E+02 1.12624764247E+03 4.35998267221E+02 1.12726372508E+03 4.39312744224E+02 1.12253250250E+03 3.56229573327E+02 
4.10000000000E+01 4.15000000000E+01 4.20000000000E+01 1.36058052750E+03 6.32246683413E+01 1.43992084802E+03 7.75839431651E+01 1.28432797404E+03 5.38425309025E+01 1.31448195785E+03 5.95031496219E+01 1.39921112054E+03 6.73445511862E+01 1.40651428944E+03 7.18761917796E+01 1.32886013694E+03 5.65298659849E+01 
4.20000000000E+01 4.25000000000E+01 4.30000000000E+01 1.49564115562E+03 6.44657340084E+01 1.60469860401E+03 7.92979858523E+01 1.39775061165E+03 5.42968284617E+01 1.43933509042E+03 6.02716083233E+01 1.53850226332E+03 6.83968156280E+01 1.55804156569E+03 7.36376834829E+01 1.44544029377E+03 5.72487253599E+01 
4.30000000000E+01 4.35000000000E+01 4.40000000000E+01 1.39596402587E+03 5.98680800293E+01 1.49507241487E+03 7.34269775891E+01 1.30633161713E+03 5.07506944851E+01 1.35352751904E+03 5.58313166775E+01 1.42822500460E+03 6.39219497269E+01 1.46401953058E+03 6.77766215536E+01 1.34435175167E+03 5.36676288768E+01 
4.40000000000E+01 4.45000000000E+01 4.50000000000E+01 1.12787189295E+03 6.50592404904E+01 1.17817493992E+03 8.02198577378E+01 1.07475313353E+03 5.44523861074E+01 1.09271867221E+03 6.10192919697E+01 1.15444065730E+03 6.85888300946E+01 1.15460758950E+03 7.49862057973E+01 1.10726386639E+03 5.72304826697E+01 
4.50000000000E+01 4.55000000000E+01 4.60000000000E+01 1.24451942854E+03 6.24819984845E+01 1.33965798023E+03 7.69364911309E+01 1.16022749839E+03 5.26363049046E+01 1.19937495897E+03 5.87986766118E+01 1.28111451668E+03 6.59954185889E+01 1.30205175781E+03 7.18194388523E+01 1.20011208046E+03 5.51789927146E+01 
4.60000000000E+01 4.65000000000E+01 4.70000000000E+01 1.16991529509E+03 1.16399105894E+02 1.25170596886E+03 1.45563011037E+02 1.09554716363E+03 9.58319736230E+01 1.13131992989E+03 1.04693643603E+02 1.20135276588E+03 1.26431650037E+02 1.22195185737E+03 1.30446074390E+02 1.13100763342E+03 1.03755447750E+02 
4.70000000000E+01 4.75000000000E+01 4.80000000000E+01 1.21629554831E+03 1.16694069051E+02 1.31892409299E+03 1.45943246152E+02 1.12766626050E+03 9.59340663131E+01 1.17146737638E+03 1.05089901634E+02 1.25088447979E+03 1.26475747795E+02 1.28039292304E+03 1.31111233907E+02 1.16518584952E+03 1.03757316246E+02 
4.80000000000E+01 4.85000000000E+01 4.90000000000E+01 1.04211769800E+03 4.95834627446E+01 1.09831233244E+03 6.05125971443E+01 9.86744733627E+02 4.22264031402E+01 1.00509798513E+03 4.68185776074E+01 1.07170112304E+03 5.23588834086E+01 1.06942899469E+03 5.66108507030E+01 1.02006260660E+03 4.42089951814E+01 
4.90000000000E+01 4.95000000000E+01 5.00000000000E+01 1.03494660052E+03 4.51531011927E+01 1.11303374182E+03 5.51332169611E+01 9.65455344413E+02 3.84107575115E+01 1.00710651796E+03 4.26207941190E+01 1.05526502146E+03 4.76684618754E+01 1.09337575545E+03 5.16143069641E+01 9.89958743840E+02 4.02435473663E+01 
5.00000000000E+01 5.05000000000E+01 5.10000000000E+01 1.02899968137E+03 9.07557221282E+01 1.11725119185E+03 1.13180479983E+02 9.53052050578E+02 7.48885898702E+01 9.90850732257E+02 8.36875474404E+01 1.05974416600E+03 9.65589593835E+01 1.08346490112E+03 1.04059237343E+02 9.85451187704E+02 7.94622430937E+01 
5.10000000000E+01 5.15000000000E+01 5.20000000000E+01 7.69862336626E+02 9.03900840055E+01 8.01682172392E+02 1.12767305799E+02 7.35382675396E+02 7.45149457600E+01 7.51368699395E+02 8.32393621585E+01 7.84403709401E+02 9.62020423857E+01 7.91714107315E+02 1.03584507552E+02 7.54199684801E+02 7.91286603032E+01 
5.20000000000E+01 5.25000000000E+01 5.30000000000E+01 8.37159662607E+02 4.34543510172E+01 8.82049935054E+02 5.30420422436E+01 7.92852016657E+02 3.72227024571E+01 8.18411433385E+02 4.09360533737E+01 8.52287767967E+02 4.61878050785E+01 8.71916841005E+02 4.92442187407E+01 8.12107066580E+02 3.90505367180E+01 
5.30000000000E+01 5.35000000000E+01 5.40000000000E+01 9.03505900586E+02 4.72291541046E+01 9.65031014355E+02 5.77265003493E+01 8.47410596272E+02 3.99045401444E+01 8.79096994313E+02 4.41316443371E+01 9.21617326221E+02 4.99902964307E+01 9.47746442855E+02 5.37517699619E+01 8.68838511012E+02 4.21104955139E+01 
5.40000000000E+01 5.45000000000E+01 5.50000000000E+01 8.73248875826E+02 4.87354895223E+01 9.60963877446E+02 6.01186702538E+01 8.00485131134E+02 4.12415686205E+01 8.47852196082E+02 4.61313898190E+01 8.94581891058E+02 5.15125517284E+01 9.39397240247E+02 5.60527662513E+01 8.23161624495E+02 4.29736414217E+01 
5.50000000000E+01 5.55000000000E+01 5.60000000000E+01 7.19702333880E+02 4.44355911622E+01 7.60107311435E+02 5.45933330754E+01 6.80422528737E+02 3.75447700081E+01 6.97775230794E+02 4.17364191488E+01 7.36369034792E+02 4.70484788547E+01 7.43917199444E+02 5.07899480427E+01 6.99851400253E+02 3.94034401637E+01 
5.60000000000E+01 5.65000000000E+01 5.70000000000E+01 7.19020438979E+02 3.56467138910E+01 7.74690322737E+02 4.34567446573E+01 6.69855041509E+02 3.05743896679E+01 7.02805221298E+02 3.39244659460E+01 7.31116996154E+02 3.76575247380E+01 7.64104975913E+02 4.06827211419E+01 6.84719213087E+02 3.18271791506E+01 
5.70000000000E+01 5.75000000000E+01 5.80000000000E+01 6.18186777924E+02 4.66582627744E+01 6.57501600368E+02 5.77390228681E+01 5.81429210117E+02 3.93201184030E+01 5.97022221313E+02 4.34586233320E+01 6.37511740465E+02 4.98540974240E+01 6.39872598868E+02 5.30899977887E+01 6.01751069281E+02 4.15089375515E+01 
5.80000000000E+01 5.85000000000E+01 5.90000000000E+01 7.07260001146E+02 4.91135676108E+01 7.66080688614E+02 6.08275266023E+01 6.56251523718E+02 4.10833374537E+01 6.81778333259E+02 4.59384221142E+01 7.28101246184E+02 5.19752009385E+01 7.43311986061E+02 5.64387510873E+01 6.77946001029E+02 4.31567948352E+01 
5.90000000000E+01 5.95000000000E+01 6.00000000000E+01 6.95956325849E+02 4.01927644807E+01 7.56327903029E+02 4.96106593597E+01 6.44268150976E+02 3.42446182622E+01 6.72026445082E+02 3.88128475146E+01 7.16336039477E+02 4.20638765237E+01 7.34920831569E+02 4.69987893199E+01 6.65375476026E+02 3.52016257322E+01 
6.00000000000E+01 6.05000000000E+01 6.10000000000E+01 2.36558414255E+02 3.04759639467E+02 1.76537594536E+02 3.82225650073E+02 2.71222503021E+02 2.49033080114E+02 2.57512381193E+02 2.80365175918E+02 2.20584293216E+02 3.23431134990E+02 2.11787210317E+02 3.51552460389E+02 2.62716801775E+02 2.64239439657E+02 
6.10000000000E+01 6.15000000000E+01 6.20000000000E+01 9.08796787536E+02 3.04619898026E+02 1.02233002857E+03 3.82010757721E+02 8.18633114180E+02 2.48921001500E+02 8.74556965500E+02 2.80218541861E+02 9.33973582593E+02 3.23287556759E+02 9.88087123705E+02 3.51355559419E+02 8.43609013429E+02 2.64142483047E+02 
6.20000000000E+01 6.25000000000E+01 6.30000000000E+01 6.63482682407E+02 5.45048371184E+01 7.28545247735E+02 6.78025738514E+01 6.09227863407E+02 4.52943179738E+01 6.43497453860E+02 5.23524414713E+01 6.79508522319E+02 5.65191756500E+01 7.10954167423E+02 6.47052198246E+01 6.26076419482E+02 4.66630447843E+01 
6.30000000000E+01 6.35000000000E+01 6.40000000000E+01 6.58303085269E+02 9.38147783667E+01 7.30433725568E+02 1.17342520070E+02 5.99522315285E+02 7.69817822252E+01 6.33882566193E+02 9.03870079943E+01 6.76874945384E+02 9.58840851257E+01 7.06697343282E+02 1.12946089340E+02 6.18156276083E+02 7.86078302004E+01 
6.40000000000E+01 6.45000000000E+01 6.50000000000E+01 4.39185698183E+02 8.44090766614E+01 4.54752655672E+02 1.05458945461E+02 4.21102300459E+02 6.94410343647E+01 4.27322206590E+02 8.12274373164E+01 4.50638377663E+02 8.63257005316E+01 4.46625325890E+02 1.01326537492E+02 4.33830703827E+02 7.09150336357E+01 
6.50000000000E+01 6.55000000000E+01 6.60000000000E+01 4.57522269449E+02 3.13318601788E+01 4.79545527516E+02 3.83971107068E+01 4.34924653475E+02 2.67888839310E+01 4.47533552255E+02 2.98635532267E+01 4.65931325874E+02 3.30332722014E+01 4.73686784457E+02 3.59702213927E+01 4.45125653625E+02 2.77934428953E+01 
6.60000000000E+01 6.65000000000E+01 6.70000000000E+01 4.86116427955E+02 3.27943485600E+01 5.11483744378E+02 4.00189148632E+01 4.60844489099E+02 2.77069663297E+01 4.81222038173E+02 3.13368859448E+01 4.88016891732E+02 3.40389117685E+01 5.12120351407E+02 3.82296227768E+01 4.65764037339E+02 2.87572978137E+01 
6.70000000000E+01 6.75000000000E+01 6.80000000000E+01 4.49872885834E+02 3.23457652345E+01 4.79387172342E+02 3.97109203534E+01 4.22559983172E+02 2.77040660511E+01 4.36088968143E+02 3.09735483886E+01 4.62895492671E+02 3.40790011077E+01 4.68094976158E+02 3.73412195027E+01 4.36183381222E+02 2.87055422900E+01 
6.80000000000E+01 6.85000000000E+01 6.90000000000E+01 4.42930556696E+02 3.09752807338E+01 4.70996144810E+02 3.79111992976E+01 4.16667247351E+02 2.63299791400E+01 4.30908353513E+02 2.94781362458E+01 4.53534906024E+02 3.24986357562E+01 4.61692091890E+02 3.57243036464E+01 4.28192155578E+02 2.73823249947E+01 
6.90000000000E+01 6.95000000000E+01 7.00000000000E+01 4.42798040609E+02 3.41201860949E+01 4.74122343000E+02 4.19622785156E+01 4.14440943050E+02 2.87638071241E+01 4.37895936576E+02 3.21828520064E+01 4.45045397122E+02 3.59204288105E+01 4.73390236355E+02 3.92526578873E+01 4.18931517047E+02 3.00507705597E+01 
7.00000000000E+01 7.05000000000E+01 7.10000000000E+01 4.28620615465E+02 4.82635233699E+01 4.56818796053E+02 5.98840695505E+01 4.02547932803E+02 4.00870441026E+01 4.24111436241E+02 4.72030043456E+01 4.31391214872E+02 4.91182770354E+01 4.56684550120E+02 5.84006390611E+01 4.07532685314E+02 4.06927543109E+01 
7.10000000000E+01 7.15000000000E+01 7.20000000000E+01 3.01397971850E+02 4.95564671226E+01 3.13561820846E+02 6.17655467517E+01 2.88055115145E+02 4.09258379229E+01 2.96459580381E+02 4.91849913783E+01 3.05031979078E+02 4.96848151424E+01 3.11593435836E+02 6.11229216135E+01 2.93086562727E+02 4.09116149974E+01 
7.20000000000E+01 7.25000000000E+01 7.30000000000E+01 4.19388792246E+02 3.42891629874E+01 4.70583567856E+02 4.32839991031E+01 3.78513789556E+02 2.91127227660E+01 4.05136136320E+02 3.36303989086E+01 4.32298879156E+02 3.59979093764E+01 4.56237161338E+02 4.08042730127E+01 3.90781060448E+02 2.93547976438E+01 
7.30000000000E+01 7.35000000000E+01 7.40000000000E+01 3.96965086732E+02 3.27701969375E+01 4.30388796298E+02 4.04578059338E+01 3.68081922024E+02 2.73899420692E+01 3.88540054474E+02 3.15054892376E+01 4.03422189591E+02 3.38603037834E+01 4.24116661136E+02 3.87647744116E+01 3.75443276859E+02 2.82107390168E+01 
7.40000000000E+01 7.45000000000E+01 7.50000000000E+01 3.19823292962E+02 3.54011523830E+01 3.34597762820E+02 4.30982075948E+01 3.04419926044E+02 3.02782055752E+01 3.15254986417E+02 3.55028011030E+01 3.23484847771E+02 3.56585499665E+01 3.33295907876E+02 4.27728693187E+01 3.09572481466E+02 3.01906851897E+01 
7.50000000000E+01 7.55000000000E+01 7.60000000000E+01 3.30376085782E+02 2.72675188123E+01 3.50417723018E+02 3.35894354129E+01 3.11397891414E+02 2.30824601195E+01 3.25970908909E+02 2.70965646478E+01 3.33731492929E+02 2.77523498121E+01 3.49077219271E+02 3.30090849511E+01 3.16189263199E+02 2.32394256926E+01 
7.60000000000E+01 7.65000000000E+01 7.70000000000E+01 3.27586307028E+02 2.42762460130E+01 3.47138772509E+02 2.97103792556E+01 3.08696345894E+02 2.05280525370E+01 3.23050479955E+02 2.31735079802E+01 3.30540952591E+02 2.52695194352E+01 3.45628484750E+02 2.82572124807E+01 3.13165703552E+02 2.13003038080E+01 
7.70000000000E+01 7.75000000000E+01 7.80000000000E+01 3.02984691539E+02 2.69769377595E+01 3.17481146614E+02 3.30529015408E+01 2.88101675358E+02 2.27293249040E+01 2.99124630988E+02 2.53771667714E+01 3.05205008497E+02 2.83480386525E+01 3.16585897659E+02 3.10318947043E+01 2.91822965532E+02 2.38489273142E+01 
7.80000000000E+01 7.85000000000E+01 7.90000000000E+01 3.18151239057E+02 2.85988572414E+01 3.47443179678E+02 3.52849799220E+01 2.93362256365E+02 2.41405305821E+01 3.09726453718E+02 2.76250721231E+01 3.25902500466E+02 2.96822063127E+01 3.39364006917E+02 3.36668311896E+01 3.01256160278E+02 2.47585318567E+01 
7.90000000000E+01 7.95000000000E+01 8.00000000000E+01 2.67642549503E+02 2.73184388331E+01 2.75719504392E+02 3.32845086124E+01 2.57545277355E+02 2.31597423862E+01 2.68141607375E+02 2.68773338283E+01 2.67056471815E+02 2.76884459272E+01 2.79986423257E+02 3.26527125146E+01 2.58801992779E+02 2.34197073779E+01 
8.00000000000E+01 8.05000000000E+01 8.10000000000E+01 3.20800644708E+02 2.77520547452E+01 3.50214659362E+02 3.42354483337E+01 2.95668494615E+02 2.32671017125E+01 3.17391017510E+02 2.69404554310E+01 3.22751868350E+02 2.85624976428E+01 3.49371081827E+02 3.31072227322E+01 2.98729695499E+02 2.38577350596E+01 
8.10000000000E+01 8.15000000000E+01 8.20000000000E+01 2.48187312772E+02 2.49035941446E+01 2.58170643003E+02 3.04300622898E+01 2.37226422489E+02 2.12129875137E+01 2.45703165171E+02 2.39946796726E+01 2.50506827589E+02 2.58207725592E+01 2.58329408054E+02 2.91229434576E+01 2.40691526567E+02 2.18698117211E+01 
8.20000000000E+01 8.25000000000E+01 8.30000000000E+01 2.59573724922E+02 1.90152477259E+01 2.79573043947E+02 2.29620721047E+01 2.41894065826E+02 1.64615679183E+01 2.55613645375E+02 1.86230144810E+01 2.62836768753E+02 1.96777980666E+01 2.77359059048E+02 2.21289341079E+01 2.45793722422E+02 1.67891353252E+01 
8.30000000000E+01 8.35000000000E+01 8.40000000000E+01 2.60380921718E+02 1.86608472328E+01 2.73936245968E+02 2.23543399515E+01 2.46875430157E+02 1.62909395877E+01 2.58936785913E+02 1.80220207076E+01 2.61529243671E+02 1.93911997147E+01 2.75195903154E+02 2.15039480239E+01 2.49263287124E+02 1.68779610141E+01 
8.40000000000E+01 8.45000000000E+01 8.50000000000E+01 2.71653456034E+02 1.87720378152E+01 2.90564683797E+02 2.25042548182E+01 2.54490896328E+02 1.62012669305E+01 2.68091681251E+02 1.81806516218E+01 2.74592814875E+02 1.93570523690E+01 2.88980342160E+02 2.17460474312E+01 2.58235201742E+02 1.66720770035E+01 
8.50000000000E+01 8.55000000000E+01 8.60000000000E+01 2.74830635016E+02 2.18077344866E+01 3.00597662790E+02 2.67553831114E+01 2.53129904410E+02 1.84032489623E+01 2.69683903028E+02 2.08195419250E+01 2.78504795444E+02 2.26714784290E+01 2.96658495016E+02 2.54316343988E+01 2.57311916913E+02 1.90617042824E+01 
8.60000000000E+01 8.65000000000E+01 8.70000000000E+01 1.64004554527E+02 4.10138506070E+01 1.65481854397E+02 5.10906888658E+01 1.60065516935E+02 3.38560850831E+01 1.65236418302E+02 3.90232597403E+01 1.63382504628E+02 4.25231849485E+01 1.69275456343E+02 4.85417254288E+01 1.60607698367E+02 3.50617092949E+01 
8.70000000000E+01 8.75000000000E+01 8.80000000000E+01 2.29202220714E+02 4.11650156711E+01 2.46401181761E+02 5.13972791848E+01 2.13910703138E+02 3.38502706371E+01 2.24233365791E+02 3.98283206483E+01 2.32692560512E+02 4.21183348352E+01 2.42452861134E+02 4.96995340665E+01 2.17834184512E+02 3.46185991083E+01 
8.80000000000E+01 8.85000000000E+01 8.90000000000E+01 1.73491418346E+02 2.56622383393E+01 1.81709110880E+02 3.19606056813E+01 1.64901657275E+02 2.14869863708E+01 1.72521741021E+02 2.55291980280E+01 1.74493450674E+02 2.60486305346E+01 1.82749656046E+02 3.14002269845E+01 1.66702677434E+02 2.15500966270E+01 
8.90000000000E+01 8.95000000000E+01 9.00000000000E+01 2.49886795535E+02 2.19975606380E+01 2.73133489882E+02 2.69500624955E+01 2.30279457291E+02 1.85314109913E+01 2.50909239350E+02 2.12512495182E+01 2.47613537604E+02 2.26306953205E+01 2.76621178950E+02 2.59220218174E+01 2.29443191601E+02 1.90018128171E+01 
9.00000000000E+01 9.05000000000E+01 9.10000000000E+01 1.82192617943E+02 1.67774452168E+01 1.94635804191E+02 2.05118471158E+01 1.70802311532E+02 1.42464920016E+01 1.81452413237E+02 1.60919746829E+01 1.82757499442E+02 1.74418504200E+01 1.95628946329E+02 1.95446623533E+01 1.72163805713E+02 1.47274748684E+01 
9.10000000000E+01 9.15000000000E+01 9.20000000000E+01 2.03734619787E+02 1.81169043971E+01 2.20900040643E+02 2.22086866746E+01 1.88893616044E+02 1.53638913132E+01 2.02706850681E+02 1.74404149901E+01 2.04118522191E+02 1.87933007714E+01 2.21382718555E+02 2.11666799430E+01 1.90011117569E+02 1.57874692791E+01 
9.20000000000E+01 9.25000000000E+01 9.30000000000E+01 1.82762999959E+02 1.51046001162E+01 1.93312252605E+02 1.81248024301E+01 1.72628994807E+02 1.31748162950E+01 1.78998243592E+02 1.45775324101E+01 1.86761591815E+02 1.57924680932E+01 1.90414423544E+02 1.73506948170E+01 1.76723772046E+02 1.36696976722E+01 
9.30000000000E+01 9.35000000000E+01 9.40000000000E+01 1.86731224223E+02 2.03785203314E+01 2.02351064059E+02 2.47735238193E+01 1.73208417694E+02 1.74027152039E+01 1.87084018816E+02 2.06749289067E+01 1.86349279790E+02 2.05370095508E+01 2.04520845812E+02 2.48192324854E+01 1.73684901621E+02 1.73346124961E+01 
9.40000000000E+01 9.45000000000E+01 9.50000000000E+01 1.68747431186E+02 1.96805185349E+01 1.80386488759E+02 2.40165833565E+01 1.58148306385E+02 1.67139106513E+01 1.67729634951E+02 1.89427722573E+01 1.69892036608E+02 2.03959723958E+01 1.80811247560E+02 2.30421501340E+01 1.59869005633E+02 1.72809234206E+01 
9.50000000000E+01 9.55000000000E+01 9.60000000000E+01 1.58928883856E+02 1.41679853518E+01 1.66604375789E+02 1.73311139493E+01 1.51069854048E+02 1.20054422445E+01 1.59473746401E+02 1.37350470142E+01 1.58178288129E+02 1.45387977125E+01 1.68851979969E+02 1.67590217864E+01 1.51154968846E+02 1.22939349628E+01 
9.60000000000E+01 9.65000000000E+01 9.70000000000E+01 1.49327686501E+02 1.73391610469E+01 1.57676824478E+02 2.13618930259E+01 1.41212790641E+02 1.47220557540E+01 1.48066980619E+02 1.67089928457E+01 1.50661912396E+02 1.80162403304E+01 1.57491485187E+02 2.02930468645E+01 1.42917014098E+02 1.51007427267E+01 
9.70000000000E+01 9.75000000000E+01 9.80000000000E+01 1.48604838554E+02 1.85950379005E+01 1.62310421373E+02 2.29329116626E+01 1.36994593086E+02 1.55421501305E+01 1.46936027950E+02 1.75987167806E+01 1.49491971739E+02 1.93877772451E+01 1.61430523898E+02 2.16259751315E+01 1.38267645093E+02 1.61505217501E+01 
9.80000000000E+01 9.85000000000E+01 9.90000000000E+01 1.24615637618E+02 1.55321766572E+01 1.29776081415E+02 1.89715586345E+01 1.19007491321E+02 1.32558228642E+01 1.22968556419E+02 1.49046060376E+01 1.26373643758E+02 1.61942240270E+01 1.29093749591E+02 1.80576499942E+01 1.21068518515E+02 1.37235770484E+01 
9.90000000000E+01 9.95000000000E+01 1.00000000000E+02 1.35066406578E+02 1.71570587041E+01 1.51833452045E+02 2.23139255759E+01 1.21730120972E+02 1.52418592355E+01 1.29638697162E+02 1.74907763317E+01 1.40501869903E+02 1.87192579634E+01 1.45887762581E+02 2.01821731503E+01 1.26552690790E+02 1.48409635905E+01 
#nx: 3
