#labels: ptw__4p0__5p0_lower[1] ptw__4p0__5p0_center[2] ptw__4p0__5p0_upper[3] tot_scale01[4] tot_scale01_Err[5] tot_scale02[6] tot_scale02_Err[7] tot_scale03[8] tot_scale03_Err[9] tot_scale04[10] tot_scale04_Err[11] tot_scale05[12] tot_scale05_Err[13] tot_scale06[14] tot_scale06_Err[15] tot_scale07[16] tot_scale07_Err[17]
#neval: 93136503102
#overflow:lower center upper 5.00948303881E+00 2.16035489833E-01 5.47809683999E+00 2.26250390373E-01 4.61465516343E+00 2.13314827067E-01 5.29525360503E+00 2.16090521118E-01 4.78567867484E+00 2.37624442710E-01 5.75328587950E+00 2.38379860274E-01 4.38754185133E+00 2.30999009626E-01 
0.00000000000E+00 5.00000000000E-01 1.00000000000E+00 0.00000000000E+00 0.00000000000E+00 0.00000000000E+00 0.00000000000E+00 0.00000000000E+00 0.00000000000E+00 0.00000000000E+00 0.00000000000E+00 0.00000000000E+00 0.00000000000E+00 0.00000000000E+00 0.00000000000E+00 0.00000000000E+00 0.00000000000E+00 
1.00000000000E+00 1.50000000000E+00 2.00000000000E+00 2.32400029759E+04 5.30675174899E+02 1.93694542592E+04 6.41153980197E+02 2.53092694252E+04 4.53829140091E+02 2.19187702471E+04 4.74424557865E+02 2.46039902680E+04 6.12140016526E+02 1.83673183565E+04 5.66948832632E+02 2.67490112969E+04 5.17100696020E+02 
2.00000000000E+00 2.50000000000E+00 3.00000000000E+00 1.71911621363E+04 2.65165441092E+02 1.68052325814E+04 3.18307533290E+02 1.71243878936E+04 2.29924816844E+02 1.62082688710E+04 2.45998794585E+02 1.81306815756E+04 3.01230735266E+02 1.58769936148E+04 2.89673943503E+02 1.80411425263E+04 2.55605366386E+02 
3.00000000000E+00 3.50000000000E+00 4.00000000000E+00 1.21030910473E+04 1.97421684128E+02 1.22264135867E+04 2.39026379520E+02 1.18012361148E+04 1.69811445410E+02 1.14789384746E+04 1.98918771218E+02 1.26833649703E+04 2.13148938796E+02 1.16360386984E+04 2.40407837849E+02 1.23684424960E+04 1.80743361749E+02 
4.00000000000E+00 4.50000000000E+00 5.00000000000E+00 9.36256091745E+03 1.59184010247E+02 9.71981184971E+03 1.93084393217E+02 8.95883846452E+03 1.37120724724E+02 8.88343552041E+03 1.55890201325E+02 9.80207154237E+03 1.71642532390E+02 9.24522096904E+03 1.85720546312E+02 9.37838766799E+03 1.44771557323E+02 
5.00000000000E+00 5.50000000000E+00 6.00000000000E+00 7.17441217483E+03 1.19447375654E+02 7.49892060785E+03 1.44021593680E+02 6.83246007055E+03 1.04003444124E+02 6.83380978548E+03 1.20536011048E+02 7.48133984236E+03 1.27506438437E+02 7.15987593614E+03 1.42503525556E+02 7.12729246087E+03 1.08194855741E+02 
6.00000000000E+00 6.50000000000E+00 7.00000000000E+00 5.84796947994E+03 1.60631599769E+02 6.20604703159E+03 1.98716861057E+02 5.50899685303E+03 1.34703588346E+02 5.57298707031E+03 1.56322437559E+02 6.09250106660E+03 1.68886480356E+02 5.93095209784E+03 1.91338185309E+02 5.74159642462E+03 1.39924350895E+02 
7.00000000000E+00 7.50000000000E+00 8.00000000000E+00 4.62852597883E+03 1.53299123965E+02 4.93325540913E+03 1.90455831714E+02 4.34660121774E+03 1.28117883000E+02 4.40557956102E+03 1.47990981491E+02 4.83469923108E+03 1.61186419284E+02 4.70353478260E+03 1.81646734340E+02 4.53786387895E+03 1.33021076487E+02 
8.00000000000E+00 8.50000000000E+00 9.00000000000E+00 4.03343804738E+03 7.05160959825E+01 4.30721237026E+03 8.42570098968E+01 3.78260964493E+03 6.22996995592E+01 3.90046353628E+03 7.25681405631E+01 4.15162133875E+03 7.49521043431E+01 4.18292698174E+03 8.43440560655E+01 3.89830745940E+03 6.39502377815E+01 
9.00000000000E+00 9.50000000000E+00 1.00000000000E+01 3.30848149936E+03 6.05097680054E+01 3.50639739266E+03 7.14457920352E+01 3.11985007277E+03 5.38591394093E+01 3.19171854056E+03 6.24945161374E+01 3.41092149611E+03 6.34902788781E+01 3.39678032273E+03 7.23575790375E+01 3.21996111903E+03 5.49347143880E+01 
1.00000000000E+01 1.05000000000E+01 1.10000000000E+01 2.83130371470E+03 5.58862760512E+01 3.07534367451E+03 6.76938056885E+01 2.62155095326E+03 4.98970671126E+01 2.70281854746E+03 5.78886135864E+01 2.94732410341E+03 5.93753644622E+01 2.94047519447E+03 6.68112629548E+01 2.72787987748E+03 5.02065054621E+01 
1.10000000000E+01 1.15000000000E+01 1.20000000000E+01 2.49352289255E+03 5.48499845834E+01 2.70948429497E+03 6.69413574943E+01 2.30848602572E+03 4.90657782799E+01 2.42823709907E+03 6.43740000134E+01 2.56296402742E+03 5.52030647778E+01 2.64854513160E+03 7.58036145737E+01 2.37363815292E+03 4.63687033807E+01 
1.20000000000E+01 1.25000000000E+01 1.30000000000E+01 2.06195102380E+03 4.60049692335E+01 2.22291825901E+03 5.48970261376E+01 1.91998772585E+03 4.07592096835E+01 1.98975939760E+03 4.84261647555E+01 2.12508438566E+03 4.72872765750E+01 2.15104768312E+03 5.63965448549E+01 1.97952898027E+03 4.06224705265E+01 
1.30000000000E+01 1.35000000000E+01 1.40000000000E+01 1.87255023537E+03 4.45628520719E+01 2.03230991186E+03 5.37470647768E+01 1.73387893809E+03 3.98519405826E+01 1.80479141957E+03 4.75981573660E+01 1.93544720770E+03 4.62288941330E+01 1.96497826425E+03 5.51295319009E+01 1.79226620591E+03 3.94315113947E+01 
1.40000000000E+01 1.45000000000E+01 1.50000000000E+01 1.61274091570E+03 3.61666928783E+01 1.73602337178E+03 4.24763292517E+01 1.50354739925E+03 3.26249814906E+01 1.58122041350E+03 3.99464425893E+01 1.64268263227E+03 3.70431272981E+01 1.71105404943E+03 4.58848469405E+01 1.53410225449E+03 3.22407040695E+01 
1.50000000000E+01 1.55000000000E+01 1.60000000000E+01 1.45459252655E+03 3.17759728802E+01 1.60111664920E+03 3.89831556872E+01 1.33290161297E+03 2.98905678334E+01 1.37565409678E+03 3.44790339745E+01 1.52684469771E+03 3.42889438906E+01 1.51351940363E+03 3.79485590734E+01 1.39675517857E+03 2.88843517858E+01 
1.60000000000E+01 1.65000000000E+01 1.70000000000E+01 1.21883233848E+03 2.96867662211E+01 1.33529273921E+03 3.53919148374E+01 1.12114190100E+03 2.71205252193E+01 1.15924787385E+03 3.23014620223E+01 1.27111223461E+03 3.07990001471E+01 1.26980124641E+03 3.67523427259E+01 1.16853363352E+03 2.66030840974E+01 
1.70000000000E+01 1.75000000000E+01 1.80000000000E+01 1.18359295855E+03 3.78654947080E+01 1.29355560025E+03 4.58337114949E+01 1.09066856918E+03 3.29709736349E+01 1.16059381901E+03 4.05535388600E+01 1.20350886256E+03 3.77035209315E+01 1.27405080386E+03 4.81282865660E+01 1.11070816511E+03 3.20137724170E+01 
1.80000000000E+01 1.85000000000E+01 1.90000000000E+01 9.87049478333E+02 2.95781517841E+01 1.07168445724E+03 3.56061301291E+01 9.14268371249E+02 2.63137752630E+01 9.61781899428E+02 3.16112234391E+01 1.01019398448E+03 3.01428283266E+01 1.04691784213E+03 3.67417951052E+01 9.36297948550E+02 2.57689652350E+01 
1.90000000000E+01 1.95000000000E+01 2.00000000000E+01 8.15475575709E+02 2.99983619102E+01 8.82645576429E+02 3.66251310620E+01 7.57032309168E+02 2.62023259952E+01 7.86453475858E+02 3.11555475733E+01 8.43008683845E+02 3.06477329445E+01 8.52183171747E+02 3.68291041675E+01 7.81757420006E+02 2.58666124154E+01 
2.00000000000E+01 2.05000000000E+01 2.10000000000E+01 8.23313796504E+02 5.21167170325E+01 9.03296903758E+02 6.50657527566E+01 7.55622208035E+02 4.33873493063E+01 8.07868685326E+02 5.03319543355E+01 8.33872297859E+02 5.46351756477E+01 8.91428758236E+02 6.19564254088E+01 7.66325075741E+02 4.48957608618E+01 
2.10000000000E+01 2.15000000000E+01 2.20000000000E+01 6.57841265320E+02 4.72896355638E+01 7.13139002999E+02 5.91770124336E+01 6.10097393408E+02 3.93818204413E+01 6.34415683403E+02 4.46193052995E+01 6.79323240443E+02 5.01594945459E+01 6.88420203876E+02 5.49543854720E+01 6.29374138607E+02 4.11713829656E+01 
2.20000000000E+01 2.25000000000E+01 2.30000000000E+01 6.33862921301E+02 2.14925557777E+01 6.92421632403E+02 2.57338597749E+01 5.84269976603E+02 1.92449431168E+01 6.15389791952E+02 2.24598419301E+01 6.50587092785E+02 2.20963716841E+01 6.73356058579E+02 2.59073094969E+01 5.99388133679E+02 1.90230371387E+01 
2.30000000000E+01 2.35000000000E+01 2.40000000000E+01 6.11505733460E+02 2.39876981522E+01 6.65793543571E+02 2.87874596799E+01 5.65198154540E+02 2.13060478190E+01 6.04900401272E+02 2.60921870021E+01 6.18080374717E+02 2.39363999701E+01 6.61797707126E+02 3.05600022398E+01 5.72091956612E+02 2.05847651510E+01 
2.40000000000E+01 2.45000000000E+01 2.50000000000E+01 5.59646942790E+02 2.29626422095E+01 6.13249131417E+02 2.77784458896E+01 5.14726861599E+02 1.99492452281E+01 5.55705186957E+02 2.45914544469E+01 5.63250778978E+02 2.27201880900E+01 6.11537580325E+02 2.92656112235E+01 5.18745673167E+02 1.93512088787E+01 
2.50000000000E+01 2.55000000000E+01 2.60000000000E+01 4.52583925822E+02 1.78825146096E+01 4.94048259287E+02 2.12698852777E+01 4.17426994450E+02 1.59135379784E+01 4.38423082239E+02 1.93651590539E+01 4.66078493600E+02 1.78230355257E+01 4.78946331913E+02 2.26796156262E+01 4.29317208549E+02 1.55218116986E+01 
2.60000000000E+01 2.65000000000E+01 2.70000000000E+01 4.32017000453E+02 2.48338784811E+01 4.71035466285E+02 2.99561341965E+01 3.98888843826E+02 2.14368249839E+01 4.22955453464E+02 2.52958295295E+01 4.39747618911E+02 2.56046638435E+01 4.62268669448E+02 3.02542687641E+01 4.06042919375E+02 2.18594404901E+01 
2.70000000000E+01 2.75000000000E+01 2.80000000000E+01 3.86548680400E+02 2.42495322709E+01 4.21927280204E+02 2.97189536608E+01 3.56831424909E+02 2.05955777525E+01 3.91549056588E+02 2.66399935902E+01 3.82934622146E+02 2.37670266317E+01 4.30210819827E+02 3.23842435183E+01 3.54479699139E+02 1.99507162104E+01 
2.80000000000E+01 2.85000000000E+01 2.90000000000E+01 3.22112658406E+02 1.44925314571E+01 3.61947392918E+02 1.99122184992E+01 2.90425928301E+02 1.47430396958E+01 3.02524821920E+02 1.72214187522E+01 3.42975795844E+02 1.69747547539E+01 3.38469966098E+02 1.75219896858E+01 3.07743873888E+02 1.29294455058E+01 
2.90000000000E+01 2.95000000000E+01 3.00000000000E+01 3.42085937384E+02 1.14401035616E+01 3.74286159266E+02 1.31013634646E+01 3.14986484650E+02 1.05281663632E+01 3.38476099497E+02 1.26746298845E+01 3.44867436409E+02 1.12971546599E+01 3.71617142486E+02 1.43970729370E+01 3.17775173157E+02 1.01853210358E+01 
3.00000000000E+01 3.05000000000E+01 3.10000000000E+01 2.74640974798E+02 1.13307718332E+01 3.02129003543E+02 1.26723785885E+01 2.51785876408E+02 1.08692630672E+01 2.69323898063E+02 1.25211231471E+01 2.79549778355E+02 1.12770544337E+01 2.96140359111E+02 1.34240689792E+01 2.56188293602E+02 1.03379584637E+01 
3.10000000000E+01 3.15000000000E+01 3.20000000000E+01 2.56641819591E+02 1.00862222528E+01 2.84741642786E+02 1.23741191066E+01 2.33740054920E+02 9.77797739906E+00 2.51590540145E+02 1.25053267154E+01 2.61603299653E+02 1.07287380524E+01 2.79339978343E+02 1.36455476014E+01 2.38002210020E+02 9.03430647847E+00 
3.20000000000E+01 3.25000000000E+01 3.30000000000E+01 2.40390693370E+02 9.88737241147E+00 2.62001354723E+02 1.17734221882E+01 2.21976077484E+02 9.22955929718E+00 2.37837127609E+02 1.10895823102E+01 2.43848561412E+02 1.02560010402E+01 2.59769219868E+02 1.23929703306E+01 2.24998574456E+02 8.90502555761E+00 
3.30000000000E+01 3.35000000000E+01 3.40000000000E+01 2.17526369412E+02 9.06094208966E+00 2.46551024360E+02 1.24679639939E+01 1.94745323641E+02 9.13103786217E+00 2.09330916911E+02 1.05967481160E+01 2.25686446993E+02 1.07179891319E+01 2.36654057077E+02 1.08674602507E+01 2.01410094835E+02 8.13610601394E+00 
3.40000000000E+01 3.45000000000E+01 3.50000000000E+01 2.01761391129E+02 9.30811796070E+00 2.18706041015E+02 1.03709227712E+01 1.87073549170E+02 8.77559700456E+00 2.03132514420E+02 9.97367299138E+00 2.01085177960E+02 9.63289563997E+00 2.21400378201E+02 1.09285072511E+01 1.86752193800E+02 8.82152641633E+00 
3.50000000000E+01 3.55000000000E+01 3.60000000000E+01 1.94905966379E+02 9.09985856064E+00 2.14418987207E+02 1.05462538503E+01 1.78719930414E+02 8.36319343144E+00 1.95043904315E+02 1.01589281417E+01 1.95065567467E+02 9.04752083412E+00 2.15276814373E+02 1.14604393794E+01 1.78963235502E+02 8.01521517453E+00 
3.60000000000E+01 3.65000000000E+01 3.70000000000E+01 1.65123278619E+02 7.38581546339E+00 1.80102023384E+02 8.41314787236E+00 1.52403136974E+02 6.76503106817E+00 1.67470698678E+02 8.56568472206E+00 1.62744995593E+02 7.14662554930E+00 1.83584760552E+02 9.70433888787E+00 1.50522002171E+02 6.40322606786E+00 
3.70000000000E+01 3.75000000000E+01 3.80000000000E+01 1.59348245161E+02 8.66707253621E+00 1.75454660887E+02 1.02684761618E+01 1.46006476390E+02 7.70181207154E+00 1.58168474539E+02 9.37071486145E+00 1.60266165449E+02 8.60846987524E+00 1.74635326173E+02 1.09721690779E+01 1.46798630524E+02 7.53407257598E+00 
3.80000000000E+01 3.85000000000E+01 3.90000000000E+01 1.32799751380E+02 1.14025654890E+01 1.42006547016E+02 1.39395584859E+01 1.24034414151E+02 9.68955129801E+00 1.29362223499E+02 1.20165600239E+01 1.35065732466E+02 1.11585584796E+01 1.38686828679E+02 1.46510257914E+01 1.25913878548E+02 9.45060103661E+00 
3.90000000000E+01 3.95000000000E+01 4.00000000000E+01 1.36162275151E+02 1.30821613692E+01 1.49969581979E+02 1.61934113419E+01 1.24741428633E+02 1.10306506923E+01 1.40549817246E+02 1.46988661304E+01 1.32830266484E+02 1.22720959166E+01 1.55834039317E+02 1.80379598636E+01 1.22019300783E+02 1.02257497820E+01 
4.00000000000E+01 4.05000000000E+01 4.10000000000E+01 1.06950467768E+02 7.80021316344E+00 1.15243012373E+02 9.16188954468E+00 9.97799068807E+01 6.98132756160E+00 1.06853801166E+02 8.75292840880E+00 1.07358359846E+02 7.53009858998E+00 1.15240476673E+02 1.02445973122E+01 1.00137421726E+02 6.67295438850E+00 
4.10000000000E+01 4.15000000000E+01 4.20000000000E+01 1.10433031794E+02 6.87990364768E+00 1.19414690252E+02 8.01752212446E+00 1.02618133964E+02 6.09840030831E+00 1.14255580810E+02 7.31817492605E+00 1.07359390800E+02 6.88951403984E+00 1.24191929146E+02 8.56889211065E+00 1.00076009014E+02 6.08968152720E+00 
4.20000000000E+01 4.25000000000E+01 4.30000000000E+01 8.81512851472E+01 7.25748694610E+00 9.45227326663E+01 8.73658038598E+00 8.24457319243E+01 6.28182277906E+00 8.91179137427E+01 7.31972996173E+00 8.75073743127E+01 7.35557044672E+00 9.58360776691E+01 8.73763143191E+00 8.18302876838E+01 6.31398725433E+00 
4.30000000000E+01 4.35000000000E+01 4.40000000000E+01 8.73537383169E+01 7.15437406145E+00 9.43448543332E+01 8.54873002610E+00 8.11179926486E+01 6.22263743697E+00 8.72009451149E+01 7.15510722782E+00 8.76431600598E+01 7.27816193088E+00 9.43487779231E+01 8.51107351591E+00 8.11731600458E+01 6.29672536619E+00 
4.40000000000E+01 4.45000000000E+01 4.50000000000E+01 8.44257458011E+01 5.30401622730E+00 9.34106697818E+01 6.27429181382E+00 7.69162244556E+01 4.84115748220E+00 8.51815738107E+01 6.17403672854E+00 8.39805279464E+01 5.12653998680E+00 9.45419214294E+01 7.13273382123E+00 7.66866444647E+01 4.53113456637E+00 
4.50000000000E+01 4.55000000000E+01 4.60000000000E+01 7.61974414540E+01 4.44619347844E+00 8.35566447246E+01 5.09774660357E+00 7.00410725141E+01 4.10486486955E+00 7.68011312599E+01 4.81187096525E+00 7.58518941845E+01 4.55275836009E+00 8.44061435092E+01 5.44079477095E+00 6.97001204001E+01 4.10385539621E+00 
4.60000000000E+01 4.65000000000E+01 4.70000000000E+01 6.51559698335E+01 4.01627287328E+00 6.90238551153E+01 4.41916592299E+00 6.14666078261E+01 3.84254167977E+00 6.60171260116E+01 4.35475254290E+00 6.44978873126E+01 4.14887165300E+00 7.01591299967E+01 4.81198187241E+00 6.08420020841E+01 3.89532621039E+00 
4.70000000000E+01 4.75000000000E+01 4.80000000000E+01 5.55983535491E+01 3.15319040373E+00 6.12891008410E+01 3.78690838939E+00 5.08853027122E+01 2.89628326118E+00 5.57956847632E+01 3.42566753843E+00 5.57424052489E+01 3.28355691713E+00 6.15462844079E+01 3.85911713427E+00 5.09352699136E+01 2.83287397213E+00 
4.80000000000E+01 4.85000000000E+01 4.90000000000E+01 5.97319260973E+01 4.22437453167E+00 6.57432697209E+01 4.83446463128E+00 5.49946105011E+01 3.83392725753E+00 6.22541021056E+01 5.55263385575E+00 5.85641343299E+01 3.76423217157E+00 6.85704413993E+01 6.50904201452E+00 5.37301260577E+01 3.43359831151E+00 
4.90000000000E+01 4.95000000000E+01 5.00000000000E+01 5.04260369814E+01 3.33830093364E+00 5.55992307604E+01 3.89559739269E+00 4.61485209155E+01 3.12476336516E+00 5.04510875880E+01 3.69187614927E+00 5.05159837738E+01 3.35155760981E+00 5.56450057993E+01 4.15286235467E+00 4.61603744675E+01 3.01241840252E+00 
5.00000000000E+01 5.05000000000E+01 5.10000000000E+01 5.03958816502E+01 3.40951855780E+00 5.54886435589E+01 3.86787857533E+00 4.61780186180E+01 3.11042349263E+00 5.16154385550E+01 3.99735029765E+00 4.93762810667E+01 3.25982267902E+00 5.70357885805E+01 4.62074674198E+00 4.52822734657E+01 2.97534867365E+00 
5.10000000000E+01 5.15000000000E+01 5.20000000000E+01 4.05869421978E+01 3.10809934375E+00 4.74768536025E+01 4.69258731426E+00 3.53771246442E+01 3.37285809893E+00 3.96470016382E+01 4.52727194379E+00 4.18559587541E+01 3.70510172771E+00 4.62045042038E+01 4.60528781820E+00 3.63321484376E+01 2.50764591772E+00 
5.20000000000E+01 5.25000000000E+01 5.30000000000E+01 4.20689632959E+01 2.88756183174E+00 4.64159629973E+01 3.42578471372E+00 3.84838798152E+01 2.74074026917E+00 4.05009311725E+01 2.99187202717E+00 4.35883003111E+01 3.14423221009E+00 4.44170605779E+01 3.26918499807E+00 3.96484728510E+01 2.77623286110E+00 
5.30000000000E+01 5.35000000000E+01 5.40000000000E+01 3.49815567066E+01 2.73447123069E+00 3.78436003167E+01 2.97391672495E+00 3.24869048736E+01 2.58765041279E+00 3.62307162271E+01 3.24135662967E+00 3.41711875978E+01 2.62072220220E+00 3.93790210868E+01 3.61348376967E+00 3.17523381756E+01 2.47384789427E+00 
5.40000000000E+01 5.45000000000E+01 5.50000000000E+01 3.37166581364E+01 4.17272209627E+00 3.66623757916E+01 4.89704323020E+00 3.11758467869E+01 3.71616537735E+00 3.78662343867E+01 6.16275744104E+00 3.08038797487E+01 3.16905062494E+00 4.18527950144E+01 7.29096725050E+00 2.87362134855E+01 2.79763200897E+00 
5.50000000000E+01 5.55000000000E+01 5.60000000000E+01 3.31857262847E+01 3.29927464814E+00 3.66556164204E+01 3.85631078134E+00 3.04686839247E+01 2.92536273555E+00 3.42309261344E+01 3.56966704034E+00 3.24041308299E+01 3.16169686386E+00 3.77559321579E+01 4.18376614093E+00 2.97675782261E+01 2.80638961320E+00 
5.60000000000E+01 5.65000000000E+01 5.70000000000E+01 3.07968904926E+01 2.40703746504E+00 3.49641094783E+01 2.88646190872E+00 2.75391480904E+01 2.45552358444E+00 2.94006898441E+01 2.82094713714E+00 3.21197233557E+01 2.64352687170E+00 3.31199662377E+01 2.89812822870E+00 2.85380508486E+01 2.32717223435E+00 
5.70000000000E+01 5.75000000000E+01 5.80000000000E+01 2.68924644270E+01 2.59212673035E+00 2.89129944266E+01 2.82100366941E+00 2.50963576357E+01 2.43771527977E+00 2.85026810540E+01 2.90796948957E+00 2.55480128609E+01 2.45847741118E+00 3.06314648169E+01 3.18670372670E+00 2.39173836887E+01 2.30466772780E+00 
5.80000000000E+01 5.85000000000E+01 5.90000000000E+01 2.47462082249E+01 1.99235257496E+00 2.79082006699E+01 2.32168670316E+00 2.22441317579E+01 1.83670265412E+00 2.55492004709E+01 2.24049092798E+00 2.41366451049E+01 2.03445844668E+00 2.88548587503E+01 2.52383279540E+00 2.16855546217E+01 1.79516054913E+00 
5.90000000000E+01 5.95000000000E+01 6.00000000000E+01 1.70628384704E+01 1.76018168832E+00 1.94208607258E+01 2.24240731818E+00 1.52219645543E+01 1.61226193283E+00 1.69731505798E+01 1.97782241408E+00 1.71996937527E+01 1.92765968566E+00 1.92413656362E+01 2.25586065077E+00 1.52803945536E+01 1.57568937016E+00 
6.00000000000E+01 6.05000000000E+01 6.10000000000E+01 2.06321800323E+01 1.49175465427E+00 2.35679139725E+01 1.97496753303E+00 1.83819218220E+01 1.61274654458E+00 1.99376171493E+01 1.77501215317E+00 2.14546794046E+01 1.77324879128E+00 2.25267715100E+01 1.68991706182E+00 1.89439394804E+01 1.45170209337E+00 
6.10000000000E+01 6.15000000000E+01 6.20000000000E+01 1.72528540697E+01 1.53480207834E+00 1.88234338210E+01 1.75262217473E+00 1.59193026165E+01 1.38644689285E+00 1.75436720272E+01 1.58450009978E+00 1.70319504251E+01 1.56057377496E+00 1.91399109376E+01 1.83074914832E+00 1.56853810620E+01 1.41097701851E+00 
6.20000000000E+01 6.25000000000E+01 6.30000000000E+01 1.71107722649E+01 1.53661869787E+00 1.86942552398E+01 1.75317246742E+00 1.57738266114E+01 1.37975825058E+00 1.80993907957E+01 1.74748401600E+00 1.61295242945E+01 1.45178002199E+00 1.98734570493E+01 2.02136836655E+00 1.49144966021E+01 1.30648722354E+00 
6.30000000000E+01 6.35000000000E+01 6.40000000000E+01 1.31422128704E+01 1.47558851358E+00 1.44542953993E+01 1.77127352405E+00 1.21314830882E+01 1.33531214460E+00 1.34583826680E+01 1.54022949346E+00 1.30177201652E+01 1.53365067652E+00 1.46921923754E+01 1.78748165987E+00 1.19915287916E+01 1.34303074043E+00 
6.40000000000E+01 6.45000000000E+01 6.50000000000E+01 1.76017645503E+01 2.99894795061E+00 1.90126719809E+01 3.26739372883E+00 1.63678037518E+01 2.78501694077E+00 2.01173190266E+01 4.85321184044E+00 1.56251160984E+01 1.84852768744E+00 2.21053374006E+01 5.58924918117E+00 1.46915780769E+01 1.82017111025E+00 
6.50000000000E+01 6.55000000000E+01 6.60000000000E+01 1.11835586876E+01 1.25868487319E+00 1.14085118254E+01 1.26572657918E+00 1.08363528168E+01 1.28597849582E+00 1.17908077452E+01 1.36106554470E+00 1.08238922047E+01 1.23206218747E+00 1.21037547860E+01 1.38966655467E+00 1.04822561460E+01 1.25688569926E+00 
6.60000000000E+01 6.65000000000E+01 6.70000000000E+01 1.23129384063E+01 1.16754256555E+00 1.44483681825E+01 1.61173125563E+00 1.07025870067E+01 1.24192321989E+00 1.22904252694E+01 1.63439009638E+00 1.24668599557E+01 1.28096419196E+00 1.43935559392E+01 1.64739015745E+00 1.08064652323E+01 9.88266948228E-01 
6.70000000000E+01 6.75000000000E+01 6.80000000000E+01 1.08419414933E+01 1.42622725088E+00 1.16739954428E+01 1.68013962095E+00 1.01059460989E+01 1.29029993919E+00 1.14530140369E+01 1.55320259764E+00 1.00525339024E+01 1.45248962115E+00 1.24080900259E+01 1.82422561113E+00 9.42574450102E+00 1.29585361266E+00 
6.80000000000E+01 6.85000000000E+01 6.90000000000E+01 9.65610699315E+00 1.38930979446E+00 1.06800078900E+01 1.65139313709E+00 8.81775312470E+00 1.21106784935E+00 1.04376801294E+01 1.66387044562E+00 8.87600769280E+00 1.23364354836E+00 1.16158915998E+01 1.97516041710E+00 8.14397700139E+00 1.07114379665E+00 
6.90000000000E+01 6.95000000000E+01 7.00000000000E+01 9.29309440397E+00 1.18636325283E+00 9.89383677674E+00 1.16654673542E+00 8.73402769066E+00 1.24949892682E+00 9.21985879366E+00 1.07413286278E+00 9.42419833571E+00 1.43193177582E+00 9.74150525115E+00 1.11495450358E+00 8.79258597646E+00 1.44559707195E+00 
7.00000000000E+01 7.05000000000E+01 7.10000000000E+01 7.97249979711E+00 8.33242055745E-01 8.81112771389E+00 9.64770918308E-01 7.28186585824E+00 7.58735136117E-01 8.06246477319E+00 9.14018959155E-01 8.00705252916E+00 8.21133990815E-01 8.89141847170E+00 1.05632902446E+00 7.28135813218E+00 7.40948743419E-01 
7.10000000000E+01 7.15000000000E+01 7.20000000000E+01 5.66884464276E+00 7.81134328153E-01 6.02178764930E+00 9.21504434114E-01 5.30359138815E+00 6.84103976560E-01 5.70151608133E+00 8.32014698309E-01 5.58942784856E+00 7.73765691222E-01 6.07556540598E+00 1.00435281728E+00 5.20950242537E+00 6.85659361880E-01 
7.20000000000E+01 7.25000000000E+01 7.30000000000E+01 7.24465982203E+00 9.67713962926E-01 8.02207529339E+00 1.15660327602E+00 6.60868755216E+00 8.36122349697E-01 7.53873535027E+00 9.86512984973E-01 6.95038845800E+00 9.64090524800E-01 8.34746931591E+00 1.18872970948E+00 6.33611868355E+00 8.36034217852E-01 
7.30000000000E+01 7.35000000000E+01 7.40000000000E+01 6.16240557908E+00 8.29826694346E-01 7.20553407373E+00 1.07733154224E+00 5.37235939472E+00 8.75388559810E-01 5.91184593321E+00 9.87963650582E-01 6.49536278792E+00 9.37259865493E-01 6.84277682613E+00 9.42982172443E-01 5.61562490984E+00 7.74624086682E-01 
7.40000000000E+01 7.45000000000E+01 7.50000000000E+01 4.18252496499E+00 6.47011671886E-01 4.06120780490E+00 7.42029262895E-01 4.18542133930E+00 5.96018694359E-01 4.32147017529E+00 7.01014468361E-01 4.09217165268E+00 6.21608430781E-01 4.17116752431E+00 8.05408182533E-01 4.07749185980E+00 5.71972121155E-01 
7.50000000000E+01 7.55000000000E+01 7.60000000000E+01 5.24251056636E+00 7.59864388074E-01 5.87731029674E+00 9.21819848984E-01 4.73487568341E+00 6.45934908334E-01 5.51448714688E+00 7.22826528273E-01 4.95056589206E+00 8.28618316230E-01 6.19106940232E+00 8.77566649469E-01 4.47543990404E+00 7.01173671510E-01 
7.60000000000E+01 7.65000000000E+01 7.70000000000E+01 5.05445340676E+00 4.02503688800E-01 5.72238018979E+00 4.62231948732E-01 4.52965267605E+00 3.62567729647E-01 5.33231098416E+00 4.15769401747E-01 4.77952653952E+00 3.97425182052E-01 6.04246343948E+00 4.81482990806E-01 4.28538543993E+00 3.59119513697E-01 
7.70000000000E+01 7.75000000000E+01 7.80000000000E+01 4.00686759674E+00 9.68849893205E-01 4.59345908338E+00 1.08787501834E+00 3.55387802874E+00 9.07303527884E-01 4.35363415800E+00 1.43589352951E+00 3.74798573166E+00 7.32475781598E-01 5.00644699123E+00 1.62738049611E+00 3.34834351737E+00 6.79295569011E-01 
7.80000000000E+01 7.85000000000E+01 7.90000000000E+01 3.87189372810E+00 5.29034102473E-01 4.23364781895E+00 5.75394046121E-01 3.56696873397E+00 4.99507620455E-01 4.01377710329E+00 4.70660346305E-01 3.74445043021E+00 6.19287817695E-01 4.38470812624E+00 5.26275480940E-01 3.44288690890E+00 5.76497573753E-01 
7.90000000000E+01 7.95000000000E+01 8.00000000000E+01 4.17896583179E+00 5.64833074070E-01 4.43825209149E+00 5.43793408688E-01 3.91034064409E+00 5.97599979586E-01 4.06164272158E+00 4.62333832543E-01 4.36338788353E+00 7.48337847398E-01 4.29746128773E+00 5.32367606048E-01 4.03729353075E+00 7.58363240896E-01 
8.00000000000E+01 8.05000000000E+01 8.10000000000E+01 4.05985651258E+00 1.05170050032E+00 4.61569498050E+00 1.18103135055E+00 3.62523066983E+00 1.01143373481E+00 3.52616747691E+00 9.56277192501E-01 4.59612519058E+00 1.25966781711E+00 3.93266707920E+00 9.94277220264E-01 4.05111756884E+00 1.13919497981E+00 
8.10000000000E+01 8.15000000000E+01 8.20000000000E+01 2.65105879936E+00 3.68820322464E-01 3.01030347375E+00 4.45577192453E-01 2.36942684103E+00 3.16782614239E-01 2.84181506227E+00 3.74499016332E-01 2.46995615763E+00 3.77944233980E-01 3.23455316878E+00 4.51663275558E-01 2.21057184288E+00 3.23081956934E-01 
8.20000000000E+01 8.25000000000E+01 8.30000000000E+01 2.81138235660E+00 8.49686723253E-01 3.01118375000E+00 9.37185919344E-01 2.63173228338E+00 7.92644891971E-01 3.39300739564E+00 1.33552600292E+00 2.45216044632E+00 5.82888861565E-01 3.68305752315E+00 1.52835843043E+00 2.32228477765E+00 5.61956592599E-01 
8.30000000000E+01 8.35000000000E+01 8.40000000000E+01 2.69098791022E+00 3.32312467244E-01 2.96637432969E+00 3.63996453090E-01 2.46368450826E+00 3.10364475911E-01 2.72506304622E+00 3.14712093134E-01 2.65645377056E+00 3.70861016621E-01 2.99228177758E+00 3.52932866985E-01 2.42236077846E+00 3.43075452549E-01 
8.40000000000E+01 8.45000000000E+01 8.50000000000E+01 2.82157257809E+00 4.41591939309E-01 3.02911359242E+00 4.24239985013E-01 2.63587987080E+00 4.51310811285E-01 3.03646726033E+00 5.49847307926E-01 2.67425525424E+00 4.46836964309E-01 3.27179811809E+00 5.75194036289E-01 2.49681270846E+00 4.49574183399E-01 
8.50000000000E+01 8.55000000000E+01 8.60000000000E+01 1.87234266190E+00 2.99788712041E-01 2.03828241918E+00 3.50477631266E-01 1.73101294876E+00 2.67213684301E-01 1.97382536720E+00 3.07239384471E-01 1.77781806110E+00 2.95578795410E-01 2.14886808480E+00 3.63937090234E-01 1.64219954663E+00 2.65089769306E-01 
8.60000000000E+01 8.65000000000E+01 8.70000000000E+01 2.20981981148E+00 3.03770944454E-01 2.36889594664E+00 3.32843191458E-01 2.06645515652E+00 2.86186558567E-01 2.44778983935E+00 3.75247273305E-01 2.02696618236E+00 2.77587066140E-01 2.64669197474E+00 4.23057811897E-01 1.90238664760E+00 2.63025399437E-01 
8.70000000000E+01 8.75000000000E+01 8.80000000000E+01 1.41046816240E+00 1.80801565144E-01 1.58922067269E+00 2.15727346165E-01 1.26770252198E+00 1.55911550153E-01 1.49432426680E+00 1.92125768557E-01 1.32685703955E+00 1.71002043518E-01 1.68465790777E+00 2.30564378137E-01 1.19274607754E+00 1.47958883651E-01 
8.80000000000E+01 8.85000000000E+01 8.90000000000E+01 1.70377667352E+00 3.76935508621E-01 1.92519573809E+00 4.14591106581E-01 1.52868873259E+00 3.48428706906E-01 1.78927032709E+00 3.76480507550E-01 1.63613479606E+00 3.81341401982E-01 2.02362948154E+00 4.12354157378E-01 1.46648962254E+00 3.49858805955E-01 
8.90000000000E+01 8.95000000000E+01 9.00000000000E+01 1.69811478698E+00 3.06353953083E-01 1.84647310450E+00 3.36217086843E-01 1.57119133735E+00 2.89052086308E-01 1.84797258367E+00 3.57424559582E-01 1.58636603209E+00 2.88254010478E-01 2.01223632234E+00 4.08570230691E-01 1.46605656235E+00 2.77171555268E-01 
9.00000000000E+01 9.05000000000E+01 9.10000000000E+01 1.01745760308E+00 2.03269662107E-01 1.15687354403E+00 2.48033117727E-01 9.10224407565E-01 1.71368750196E-01 1.10746495834E+00 2.19289595979E-01 9.44059071426E-01 1.89930919548E-01 1.25928235392E+00 2.68137890604E-01 8.45150800260E-01 1.60345281756E-01 
9.10000000000E+01 9.15000000000E+01 9.20000000000E+01 1.07264327474E+00 1.69330506807E-01 1.19410248731E+00 1.84761665236E-01 9.74313638406E-01 1.63610592749E-01 1.12697261294E+00 1.72750697405E-01 1.03150006784E+00 1.73042019882E-01 1.24559668426E+00 1.92617199590E-01 9.31110448966E-01 1.66271092222E-01 
9.20000000000E+01 9.25000000000E+01 9.30000000000E+01 -1.44051203622E-01 1.23615401874E+00 -4.40095428934E-01 1.54548260260E+00 5.10154914735E-02 1.01540584692E+00 -1.29120148325E-01 1.26341881221E+00 -1.22370444131E-01 1.19237477235E+00 -4.37297804877E-01 1.58056930589E+00 5.80605960017E-02 9.80218174453E-01 
9.30000000000E+01 9.35000000000E+01 9.40000000000E+01 2.23132299829E+00 1.25777069987E+00 2.58460091073E+00 1.56363647450E+00 1.96130689260E+00 1.03832607392E+00 2.25823831741E+00 1.26623950271E+00 2.18669859745E+00 1.23996757208E+00 2.60186968652E+00 1.57967749462E+00 1.91439429420E+00 1.02613714274E+00 
9.40000000000E+01 9.45000000000E+01 9.50000000000E+01 1.05630081733E+00 1.50592670158E-01 1.09027536722E+00 1.34692256628E-01 1.01555839689E+00 1.65745479101E-01 1.04652818986E+00 1.26104389510E-01 1.08047942028E+00 1.85979594381E-01 1.06282960925E+00 1.26434425491E-01 1.02523300903E+00 1.95240436579E-01 
9.50000000000E+01 9.55000000000E+01 9.60000000000E+01 8.27391091891E-01 1.10946676355E-01 8.99594241253E-01 1.17948384191E-01 7.65592809939E-01 1.06360050571E-01 8.95396172438E-01 1.39725770291E-01 7.60376545351E-01 1.01726750318E-01 9.74582201188E-01 1.54124886036E-01 7.04403174265E-01 9.81350775609E-02 
9.60000000000E+01 9.65000000000E+01 9.70000000000E+01 6.55350789837E-01 1.01777517015E-01 6.76213654900E-01 1.02228905663E-01 6.30059919245E-01 1.07094746951E-01 7.25525262257E-01 1.22185638181E-01 6.18135538682E-01 1.17721943296E-01 7.51148800751E-01 1.47279954675E-01 5.91783974352E-01 1.21413653120E-01 
9.70000000000E+01 9.75000000000E+01 9.80000000000E+01 6.16367958142E-01 9.14733671412E-02 6.47191004839E-01 1.00283904317E-01 5.85200986538E-01 8.75642179779E-02 7.16889177960E-01 1.34328742960E-01 5.44319409766E-01 7.65815159293E-02 7.62015850787E-01 1.55898955795E-01 5.19520724888E-01 7.47383199400E-02 
9.80000000000E+01 9.85000000000E+01 9.90000000000E+01 6.07535696024E-01 7.43611864511E-02 6.95721119137E-01 8.77057778663E-02 5.39226248626E-01 6.46302199001E-02 6.54052979767E-01 7.95954362742E-02 5.58626709532E-01 7.00916445789E-02 7.48759848048E-01 9.42397797196E-02 4.95969626052E-01 6.10017212791E-02 
9.90000000000E+01 9.95000000000E+01 1.00000000000E+02 3.23551528217E-01 8.08576508598E-02 3.43804571886E-01 9.43007992332E-02 3.04544397435E-01 7.18068136655E-02 3.17093476378E-01 8.30351360713E-02 3.25581006232E-01 8.10673152938E-02 3.31161136259E-01 9.87762490650E-02 3.03333301259E-01 7.23391334054E-02 
#nx: 3
