#labels: ptz__-2p25__-2p0_lower[1] ptz__-2p25__-2p0_center[2] ptz__-2p25__-2p0_upper[3] tot_scale01[4] tot_scale01_Err[5] tot_scale02[6] tot_scale02_Err[7] tot_scale03[8] tot_scale03_Err[9] tot_scale04[10] tot_scale04_Err[11] tot_scale05[12] tot_scale05_Err[13] tot_scale06[14] tot_scale06_Err[15] tot_scale07[16] tot_scale07_Err[17]
#neval: 1295589542
#overflow:lower center upper 6.92045481410E+02 1.13242112873E+00 7.73284337315E+02 1.26531485351E+00 6.26561473786E+02 1.02529622101E+00 6.77785855971E+02 1.11500354136E+00 6.97865154907E+02 1.15381027414E+00 7.57406923596E+02 1.23576315456E+00 6.31829029258E+02 1.04465430221E+00 
0.00000000000E+00 5.00000000000E-01 1.00000000000E+00 0.00000000000E+00 0.00000000000E+00 0.00000000000E+00 0.00000000000E+00 0.00000000000E+00 0.00000000000E+00 0.00000000000E+00 0.00000000000E+00 0.00000000000E+00 0.00000000000E+00 0.00000000000E+00 0.00000000000E+00 0.00000000000E+00 0.00000000000E+00 
1.00000000000E+00 1.50000000000E+00 2.00000000000E+00 3.11555099959E+04 1.81147582236E+01 3.48176527183E+04 2.02416497245E+01 2.82043586066E+04 1.64004700250E+01 2.77480361887E+04 1.62116730470E+01 3.41935492019E+04 1.96815855040E+01 3.10093550678E+04 1.81147147553E+01 3.09544310340E+04 1.78187806010E+01 
2.00000000000E+00 2.50000000000E+00 3.00000000000E+00 1.57525068534E+04 1.03410724459E+01 1.76040792973E+04 1.15554695796E+01 1.42604039492E+04 9.36229913826E+00 1.40526826847E+04 9.26096239455E+00 1.72625314941E+04 1.12991976434E+01 1.57043075269E+04 1.03482909607E+01 1.56273018362E+04 1.02295960623E+01 
3.00000000000E+00 3.50000000000E+00 4.00000000000E+00 1.00625786814E+04 7.41067122830E+00 1.12445912381E+04 8.26907796482E+00 9.10945607684E+03 6.70920961761E+00 8.98755728891E+03 6.69401838139E+00 1.10120095586E+04 8.07791533166E+00 1.00438450903E+04 7.48005459218E+00 9.96889856139E+03 7.31319200355E+00 
4.00000000000E+00 4.50000000000E+00 5.00000000000E+00 7.15629074191E+03 5.89153171592E+00 7.99742993034E+03 6.58361235173E+00 6.47844901687E+03 5.33376477116E+00 6.39984750421E+03 5.28201326724E+00 7.82373903932E+03 6.38738290101E+00 7.15200993743E+03 5.90236646700E+00 7.08263318500E+03 5.78259229464E+00 
5.00000000000E+00 5.50000000000E+00 6.00000000000E+00 5.43486792749E+03 4.87870159067E+00 6.07366621363E+03 5.45184127776E+00 4.92008377344E+03 4.41679835975E+00 4.86578622324E+03 4.37683078826E+00 5.93508780163E+03 5.31818235599E+00 5.43764683076E+03 4.89090756982E+00 5.37289210263E+03 4.81460590490E+00 
6.00000000000E+00 6.50000000000E+00 7.00000000000E+00 4.29694587865E+03 4.19558592178E+00 4.80197474077E+03 4.68852571621E+00 3.88995809805E+03 3.79832529976E+00 3.85091014974E+03 3.76641498075E+00 4.68786938417E+03 4.56985848693E+00 4.30347646176E+03 4.20883811723E+00 4.24383043169E+03 4.13710252795E+00 
7.00000000000E+00 7.50000000000E+00 8.00000000000E+00 3.50942222050E+03 3.67183029869E+00 3.92190992995E+03 4.10330284213E+00 3.17701366740E+03 3.32411745508E+00 3.14827606802E+03 3.29845484206E+00 3.82570675353E+03 4.01523821642E+00 3.51828325197E+03 3.68596687848E+00 3.46331925243E+03 3.63495695336E+00 
8.00000000000E+00 8.50000000000E+00 9.00000000000E+00 2.93285182826E+03 3.29331162776E+00 3.27755858314E+03 3.68036058510E+00 2.65506331781E+03 2.98140731887E+00 2.63352653144E+03 2.95953333411E+00 3.19360976108E+03 3.58183686096E+00 2.94302629481E+03 3.30728012616E+00 2.89110685094E+03 3.24256152971E+00 
9.00000000000E+00 9.50000000000E+00 1.00000000000E+01 2.48916227201E+03 3.01124272556E+00 2.78118110291E+03 3.35585421066E+00 2.25339777983E+03 2.72602408562E+00 2.23706450083E+03 2.69683379253E+00 2.70818890075E+03 3.26935649727E+00 2.49997149210E+03 3.01374466351E+00 2.45247485715E+03 3.00953544687E+00 
1.00000000000E+01 1.05000000000E+01 1.10000000000E+01 2.14384702193E+03 2.75073274240E+00 2.39580095500E+03 3.07403458576E+00 1.94080205836E+03 2.49020245732E+00 1.92857578968E+03 2.47706106823E+00 2.33044997126E+03 2.98619626299E+00 2.15521161337E+03 2.76813555534E+00 2.10972020951E+03 2.70332670735E+00 
1.10000000000E+01 1.15000000000E+01 1.20000000000E+01 1.86918679839E+03 2.54848750992E+00 2.08886695874E+03 2.84806945656E+00 1.69215158514E+03 2.30708017471E+00 1.68298010204E+03 2.29562822084E+00 2.03010250297E+03 2.76486845135E+00 1.88075963446E+03 2.56542766968E+00 1.83781655299E+03 2.50292891605E+00 
1.20000000000E+01 1.25000000000E+01 1.30000000000E+01 1.64365211704E+03 2.39167714472E+00 1.83682837321E+03 2.67286291941E+00 1.48797617154E+03 2.16509954771E+00 1.48132674087E+03 2.15663340342E+00 1.78509113010E+03 2.63907837613E+00 1.65541099298E+03 2.41013056253E+00 1.61600960120E+03 2.38901806633E+00 
1.30000000000E+01 1.35000000000E+01 1.40000000000E+01 1.46005774109E+03 2.19819447592E+00 1.63164641655E+03 2.45660932218E+00 1.32177705483E+03 1.98996161657E+00 1.31711181766E+03 1.98365107679E+00 1.58313090217E+03 2.38279548601E+00 1.47188884082E+03 2.21679273238E+00 1.43318671143E+03 2.15704447307E+00 
1.40000000000E+01 1.45000000000E+01 1.50000000000E+01 1.30857330452E+03 2.05949272334E+00 1.46235999316E+03 2.30163496751E+00 1.18463909834E+03 1.86437795664E+00 1.18136569241E+03 1.85943051680E+00 1.41771363242E+03 2.22989920700E+00 1.32019153722E+03 2.07800157104E+00 1.28343599287E+03 2.01861010340E+00 
1.50000000000E+01 1.55000000000E+01 1.60000000000E+01 1.17381238454E+03 1.97980618770E+00 1.31176173033E+03 2.21260400811E+00 1.06264126813E+03 1.79222556436E+00 1.06102211666E+03 1.79853234508E+00 1.27064006466E+03 2.14237211201E+00 1.18570662839E+03 2.00996707166E+00 1.15029244475E+03 1.93935872044E+00 
1.60000000000E+01 1.65000000000E+01 1.70000000000E+01 1.06395121632E+03 1.85888801003E+00 1.18899015996E+03 2.07748349471E+00 9.63184482173E+02 1.68275338706E+00 9.62081571851E+02 1.68133334551E+00 1.15092393463E+03 2.00915676763E+00 1.07513961485E+03 1.87900321631E+00 1.04191461673E+03 1.81875550800E+00 
1.70000000000E+01 1.75000000000E+01 1.80000000000E+01 9.65954706949E+02 1.76421824919E+00 1.07947232765E+03 1.97167596998E+00 8.74472120324E+02 1.59705725010E+00 8.74555313885E+02 1.59989610406E+00 1.04392209887E+03 1.90348387174E+00 9.77323726242E+02 1.78798470299E+00 9.45050483601E+02 1.72309984817E+00 
1.80000000000E+01 1.85000000000E+01 1.90000000000E+01 8.79462029278E+02 1.73524382525E+00 9.82810606388E+02 1.93931404405E+00 7.96173743420E+02 1.57081502832E+00 7.96668958255E+02 1.56998929758E+00 9.49799512282E+02 1.87454342741E+00 8.90281349656E+02 1.75458390827E+00 8.59845824294E+02 1.69688959189E+00 
1.90000000000E+01 1.95000000000E+01 2.00000000000E+01 8.07525987729E+02 1.59980978253E+00 9.02420888191E+02 1.78798110629E+00 7.31050507404E+02 1.44819666940E+00 7.32041685735E+02 1.44961338202E+00 8.71467025908E+02 1.72631621928E+00 8.18059608689E+02 1.62007641400E+00 7.88932187509E+02 1.56268866705E+00 
2.00000000000E+01 2.05000000000E+01 2.10000000000E+01 7.42068038034E+02 1.52112644030E+00 8.29272184250E+02 1.70002082183E+00 6.71790728723E+02 1.37698391699E+00 6.73303431744E+02 1.37937483125E+00 8.00208662145E+02 1.64009458441E+00 7.52420771636E+02 1.54156011132E+00 7.24421565401E+02 1.48465505738E+00 
2.10000000000E+01 2.15000000000E+01 2.20000000000E+01 6.82542135417E+02 1.45802385005E+00 7.62748541758E+02 1.62950341006E+00 6.17919144660E+02 1.31966640608E+00 6.19850400163E+02 1.31994908067E+00 7.35489225907E+02 1.57109786139E+00 6.92684804063E+02 1.47515504720E+00 6.65833508567E+02 1.42219365251E+00 
2.20000000000E+01 2.25000000000E+01 2.30000000000E+01 6.31952577296E+02 1.41355041350E+00 7.06213591125E+02 1.57978667265E+00 5.72105603182E+02 1.27960637183E+00 5.74145050764E+02 1.26972492238E+00 6.80513280389E+02 1.52231406990E+00 6.41608335619E+02 1.41901547272E+00 6.16064539565E+02 1.37804234835E+00 
2.30000000000E+01 2.35000000000E+01 2.40000000000E+01 5.86133847021E+02 1.34994286724E+00 6.55010512084E+02 1.50872294478E+00 5.30626089924E+02 1.22201062254E+00 5.33088635739E+02 1.22677956862E+00 6.30669178059E+02 1.45261831186E+00 5.95727251393E+02 1.37103695307E+00 5.70941040908E+02 1.31493346604E+00 
2.40000000000E+01 2.45000000000E+01 2.50000000000E+01 5.43533491633E+02 1.28882411537E+00 6.07391199181E+02 1.44087720839E+00 4.92061191501E+02 1.16669716553E+00 4.94753303055E+02 1.17219285645E+00 5.84389796448E+02 1.38578818403E+00 5.52876439878E+02 1.31048012102E+00 5.29045938477E+02 1.25445326658E+00 
2.50000000000E+01 2.55000000000E+01 2.60000000000E+01 5.08849572692E+02 1.29989608124E+00 5.68644666156E+02 1.45279314949E+00 4.60660710688E+02 1.17670437458E+00 4.63511040177E+02 1.18324247269E+00 5.46760015452E+02 1.38007108095E+00 5.17974304819E+02 1.32238370647E+00 4.94978719760E+02 1.24926175409E+00 
2.60000000000E+01 2.65000000000E+01 2.70000000000E+01 4.72192111818E+02 1.19845490198E+00 5.27703195811E+02 1.33985807403E+00 4.27476935664E+02 1.08489160655E+00 4.30512094097E+02 1.09331028372E+00 5.06845284213E+02 1.28887292107E+00 4.81094981956E+02 1.22185708385E+00 4.58846414242E+02 1.16672286733E+00 
2.70000000000E+01 2.75000000000E+01 2.80000000000E+01 4.42249983245E+02 1.17242137742E+00 4.94216761649E+02 1.31030982751E+00 4.00369584959E+02 1.06131986224E+00 4.03659759375E+02 1.05860252634E+00 4.74470691170E+02 1.25807312617E+00 4.51088355775E+02 1.18307542429E+00 4.29537057989E+02 1.13883741900E+00 
2.80000000000E+01 2.85000000000E+01 2.90000000000E+01 4.13327441275E+02 1.15408133232E+00 4.61896289734E+02 1.28981281064E+00 3.74185544009E+02 1.04471728655E+00 3.77402135243E+02 1.04780105994E+00 4.42941041359E+02 1.22679934464E+00 4.21746300197E+02 1.17100599876E+00 4.00675047915E+02 1.14254629545E+00 
2.90000000000E+01 2.95000000000E+01 3.00000000000E+01 3.88784743730E+02 1.08749769278E+00 4.34468359865E+02 1.21541363215E+00 3.51967856736E+02 9.84433781298E-01 3.55433948194E+02 9.89767213211E-01 4.16538615156E+02 1.16515412411E+00 3.97195834798E+02 1.10616074421E+00 3.77091802174E+02 1.05471384332E+00 
3.00000000000E+01 3.05000000000E+01 3.10000000000E+01 3.66985753585E+02 1.07822839870E+00 4.10106911122E+02 1.20502884275E+00 3.32233823794E+02 9.76058910066E-01 3.35588251009E+02 9.84689613406E-01 3.92906906937E+02 1.15484794415E+00 3.75017482594E+02 1.10046451770E+00 3.55698775960E+02 1.04540289248E+00 
3.10000000000E+01 3.15000000000E+01 3.20000000000E+01 3.44451037905E+02 1.02095259407E+00 3.84922838443E+02 1.14100504731E+00 3.11834019208E+02 9.24218227317E-01 3.15219751609E+02 9.33479887712E-01 3.68535940968E+02 1.09250416242E+00 3.52254461542E+02 1.04322316911E+00 3.33636770420E+02 9.88976093303E-01 
3.20000000000E+01 3.25000000000E+01 3.30000000000E+01 3.24218449844E+02 1.00522208379E+00 3.62313576197E+02 1.12345005742E+00 2.93516946921E+02 9.09962158671E-01 2.97070100052E+02 9.10000753184E-01 3.46614266976E+02 1.07394851955E+00 3.31972854697E+02 1.01700417813E+00 3.13790577885E+02 9.72160369881E-01 
3.30000000000E+01 3.35000000000E+01 3.40000000000E+01 3.07309327414E+02 9.69654954155E-01 3.43419818474E+02 1.08371239056E+00 2.78207610266E+02 8.77757400144E-01 2.81649113093E+02 8.87662389018E-01 3.28351393223E+02 1.03642511244E+00 3.14742204940E+02 9.92053093655E-01 2.97255746052E+02 9.38186106848E-01 
3.40000000000E+01 3.45000000000E+01 3.50000000000E+01 2.89361953209E+02 9.36504426864E-01 3.23360676642E+02 1.04663473554E+00 2.61961657234E+02 8.47766259017E-01 2.65426403323E+02 8.58930700919E-01 3.09148111103E+02 9.95351754855E-01 2.96610805952E+02 9.59918246109E-01 2.79873135223E+02 9.01025408563E-01 
3.50000000000E+01 3.55000000000E+01 3.60000000000E+01 2.73322519331E+02 8.97469499310E-01 3.05434460279E+02 1.00300949418E+00 2.47442458879E+02 8.12430165569E-01 2.50919170098E+02 8.23332434957E-01 2.91602122899E+02 9.57513143778E-01 2.80397110976E+02 9.20132483739E-01 2.63990119049E+02 8.66771283101E-01 
3.60000000000E+01 3.65000000000E+01 3.70000000000E+01 2.57602342449E+02 8.67393163603E-01 2.87870942317E+02 9.69429239753E-01 2.33208477839E+02 7.85182540032E-01 2.36654081728E+02 7.96373413812E-01 2.74742014071E+02 9.46040257056E-01 2.64459443532E+02 8.90034860579E-01 2.48724144146E+02 8.56365811673E-01 
3.70000000000E+01 3.75000000000E+01 3.80000000000E+01 2.44754433228E+02 8.56140887514E-01 2.73511303255E+02 9.56843778760E-01 2.21578558350E+02 7.75003080602E-01 2.25014538321E+02 7.86479655424E-01 2.60779901297E+02 9.12270552096E-01 2.51450416120E+02 8.78967217542E-01 2.36085584519E+02 8.25800338948E-01 
3.80000000000E+01 3.85000000000E+01 3.90000000000E+01 2.31099043590E+02 8.15761655303E-01 2.58253271778E+02 9.11725793731E-01 2.09184283890E+02 7.38059849722E-01 2.12602321054E+02 7.50158756046E-01 2.46091617202E+02 8.68483966226E-01 2.37581553702E+02 8.38384827324E-01 2.22755110841E+02 7.85766765409E-01 
3.90000000000E+01 3.95000000000E+01 4.00000000000E+01 2.21203435624E+02 8.17113278257E-01 2.47256322458E+02 9.13710549878E-01 2.00259684905E+02 7.39693886895E-01 2.03599243188E+02 7.45507252423E-01 2.35349897403E+02 8.69092108757E-01 2.27516363186E+02 8.33152230505E-01 2.13065896896E+02 7.86736378951E-01 
4.00000000000E+01 4.05000000000E+01 4.10000000000E+01 2.09157017757E+02 7.76861657060E-01 2.33732617850E+02 8.68235136962E-01 1.89351125961E+02 7.03239957175E-01 1.92686307098E+02 7.15773018102E-01 2.22484690425E+02 8.24993679066E-01 2.15325113054E+02 7.99941683184E-01 2.01415858816E+02 7.46798450255E-01 
4.10000000000E+01 4.15000000000E+01 4.20000000000E+01 1.98116683478E+02 7.69759773488E-01 2.21393587294E+02 8.60276627067E-01 1.79357184517E+02 6.96824567809E-01 1.82656417581E+02 7.09273742120E-01 2.10557975674E+02 8.18024931183E-01 2.04115540947E+02 7.92660616620E-01 1.90619647379E+02 7.40506210030E-01 
4.20000000000E+01 4.25000000000E+01 4.30000000000E+01 1.89329617886E+02 7.36262465459E-01 2.11574128852E+02 8.22835868590E-01 1.71402149352E+02 6.66504345846E-01 1.74668394154E+02 6.78972809805E-01 2.01128941310E+02 7.81743289084E-01 1.95189088423E+02 7.58792801624E-01 1.82083462157E+02 7.07665645907E-01 
4.30000000000E+01 4.35000000000E+01 4.40000000000E+01 1.79583712150E+02 7.11824205503E-01 2.00680479573E+02 7.95498944418E-01 1.62580796505E+02 6.44397365565E-01 1.65639583672E+02 6.64619968702E-01 1.90602264686E+02 7.55383606825E-01 1.85097273665E+02 7.42731203555E-01 1.72555500872E+02 6.83822349998E-01 
4.40000000000E+01 4.45000000000E+01 4.50000000000E+01 1.71251594516E+02 6.99485313153E-01 1.91373984684E+02 7.81771913150E-01 1.55034716987E+02 6.33187487552E-01 1.58238761705E+02 6.45819736897E-01 1.81644471468E+02 7.42055878594E-01 1.76830953561E+02 7.21775766588E-01 1.64442760299E+02 6.71712803850E-01 
4.50000000000E+01 4.55000000000E+01 4.60000000000E+01 1.63051229656E+02 6.80251417400E-01 1.82206721104E+02 7.60229389295E-01 1.47613032619E+02 6.15805810586E-01 1.50776160074E+02 6.28645943299E-01 1.72827945632E+02 7.21062448259E-01 1.68488536638E+02 7.02542108148E-01 1.56463475487E+02 6.52741907845E-01 
4.60000000000E+01 4.65000000000E+01 4.70000000000E+01 1.55261039179E+02 6.67518481015E-01 1.73500863892E+02 7.46003138463E-01 1.40560742254E+02 6.04276819546E-01 1.43670400304E+02 6.17445718042E-01 1.64470917403E+02 7.06996940131E-01 1.60547562777E+02 6.90028244947E-01 1.48898036162E+02 6.40006293853E-01 
4.70000000000E+01 4.75000000000E+01 4.80000000000E+01 1.47465157362E+02 6.58670414599E-01 1.64788905632E+02 7.36104741806E-01 1.33503125178E+02 5.96273256255E-01 1.36628970983E+02 6.10092930319E-01 1.56110643527E+02 6.97342318263E-01 1.52678926456E+02 6.81804069652E-01 1.41329559109E+02 6.31274390012E-01 
4.80000000000E+01 4.85000000000E+01 4.90000000000E+01 1.41297228372E+02 6.48853665189E-01 1.57895613443E+02 7.25148229680E-01 1.27919680463E+02 5.87377624345E-01 1.30948011854E+02 6.00728634511E-01 1.49477343200E+02 6.86671103631E-01 1.46315799425E+02 6.72390637542E-01 1.35324847510E+02 6.21604073508E-01 
4.90000000000E+01 4.95000000000E+01 5.00000000000E+01 1.34450061259E+02 6.13006225403E-01 1.50243950749E+02 6.85058385305E-01 1.21720872408E+02 5.54943910124E-01 1.24671485081E+02 5.68119146153E-01 1.42205713973E+02 6.47234364508E-01 1.39315865931E+02 6.34883149071E-01 1.28741782130E+02 5.85922852646E-01 
5.00000000000E+01 5.05000000000E+01 5.10000000000E+01 1.28177551923E+02 6.10687959559E-01 1.43234929193E+02 6.82473931195E-01 1.16042012684E+02 5.52841157309E-01 1.18969545186E+02 5.66338707244E-01 1.35415991000E+02 6.45285304056E-01 1.32944483193E+02 6.32899188123E-01 1.22594711667E+02 5.84154085882E-01 
5.10000000000E+01 5.15000000000E+01 5.20000000000E+01 1.22200883105E+02 5.99233721533E-01 1.36553118138E+02 6.69644990602E-01 1.10633153208E+02 5.42489995778E-01 1.13484154944E+02 5.56171779256E-01 1.29041419860E+02 6.32745733533E-01 1.26811955471E+02 6.21512786064E-01 1.16825775771E+02 5.72822602047E-01 
5.20000000000E+01 5.25000000000E+01 5.30000000000E+01 1.18445673283E+02 5.82015804644E-01 1.32359395501E+02 6.50417825171E-01 1.07231798238E+02 5.26893646949E-01 1.10063018194E+02 5.40409223790E-01 1.24774655236E+02 6.05240661297E-01 1.22991368218E+02 6.03911946829E-01 1.12961046476E+02 5.47910629723E-01 
5.30000000000E+01 5.35000000000E+01 5.40000000000E+01 1.12445190034E+02 5.61710556002E-01 1.25653967181E+02 6.27733912900E-01 1.01799456969E+02 5.08506503060E-01 1.04560782621E+02 5.21128605406E-01 1.18576421725E+02 5.92416067034E-01 1.16842773496E+02 5.82371988423E-01 1.07349850140E+02 5.36297790775E-01 
5.40000000000E+01 5.45000000000E+01 5.50000000000E+01 1.08862702592E+02 5.76169788070E-01 1.21650683834E+02 6.43883213879E-01 9.85561271550E+01 5.21602258295E-01 1.01304047516E+02 5.35924066845E-01 1.14745490294E+02 6.07222657328E-01 1.13203461565E+02 5.98897195207E-01 1.03881588830E+02 5.49708051739E-01 
5.50000000000E+01 5.55000000000E+01 5.60000000000E+01 1.03182434681E+02 5.39882748158E-01 1.15302184036E+02 6.03330309985E-01 9.34142618573E+01 4.88752687712E-01 9.61133481195E+01 5.02778517641E-01 1.08664723025E+02 5.68433677167E-01 1.07402166147E+02 5.61855442984E-01 9.83772087831E+01 5.14593814211E-01 
5.60000000000E+01 5.65000000000E+01 5.70000000000E+01 9.71770388557E+01 5.20775821548E-01 1.08592157404E+02 5.81988789833E-01 8.79769057371E+01 4.71448410078E-01 9.05531618458E+01 4.84807706850E-01 1.02306589686E+02 5.48466719390E-01 1.01189586405E+02 5.41782084856E-01 9.26204812597E+01 4.96510194293E-01 
5.70000000000E+01 5.75000000000E+01 5.80000000000E+01 9.45777884282E+01 5.38886320791E-01 1.05687774248E+02 6.02220877963E-01 8.56236123706E+01 4.87848080549E-01 8.82293719912E+01 5.01634769589E-01 9.94954592786E+01 5.67507943838E-01 9.85930711564E+01 5.60581305584E-01 9.00753925920E+01 5.13753201324E-01 
5.80000000000E+01 5.85000000000E+01 5.90000000000E+01 9.05631878631E+01 5.04664842374E-01 1.01199776589E+02 5.63947667038E-01 8.19902524777E+01 4.56886718425E-01 8.45200817540E+01 4.70492805883E-01 9.52588085979E+01 5.33950252076E-01 9.44464391884E+01 5.25754138707E-01 8.62410976916E+01 4.83394397705E-01 
5.90000000000E+01 5.95000000000E+01 6.00000000000E+01 8.75473623217E+01 5.18681871728E-01 9.78298565540E+01 5.79614482705E-01 7.92598442927E+01 4.69574677519E-01 8.17569832820E+01 4.83873770276E-01 9.19925889635E+01 5.45282171162E-01 9.13589208915E+01 5.40709338057E-01 8.32839937404E+01 4.93651841988E-01 
6.00000000000E+01 6.05000000000E+01 6.10000000000E+01 8.38400731592E+01 4.98060543454E-01 9.36877758782E+01 5.56576947050E-01 7.59030888115E+01 4.50901548255E-01 7.83479636960E+01 4.64817992569E-01 8.80438909252E+01 5.23359626740E-01 8.75501103309E+01 5.19421388205E-01 7.97086791934E+01 4.73800908216E-01 
6.10000000000E+01 6.15000000000E+01 6.20000000000E+01 8.01675644253E+01 4.82709015588E-01 8.95821389161E+01 5.39409180487E-01 7.25793867310E+01 4.37011776717E-01 7.49409330601E+01 4.50020790835E-01 8.41438292839E+01 5.06893786161E-01 8.37413678972E+01 5.02874668356E-01 7.61790428390E+01 4.58902796141E-01 
6.20000000000E+01 6.25000000000E+01 6.30000000000E+01 7.68404508555E+01 4.69107919080E-01 8.58650225337E+01 5.24211378024E-01 6.95667243301E+01 4.24697540077E-01 7.19085141794E+01 4.38265842464E-01 8.05904855389E+01 4.92502149790E-01 8.03534824831E+01 4.89740155191E-01 7.29615758875E+01 4.45873466829E-01 
6.30000000000E+01 6.35000000000E+01 6.40000000000E+01 7.43555774362E+01 4.58494221029E-01 8.30908687020E+01 5.12393995002E-01 6.73154347163E+01 4.15061175382E-01 6.96224836783E+01 4.28555640462E-01 7.79469047934E+01 4.81142115375E-01 7.78012798677E+01 4.78927397185E-01 7.05664770012E+01 4.35558789723E-01 
6.40000000000E+01 6.45000000000E+01 6.50000000000E+01 7.11875577894E+01 4.45096791974E-01 7.95479442200E+01 4.97384660838E-01 6.44491289113E+01 4.02956800907E-01 6.67035210304E+01 4.16360940067E-01 7.46781198715E+01 4.84207107648E-01 7.45369140804E+01 4.65265580562E-01 6.76092333178E+01 4.38363524905E-01 
6.50000000000E+01 6.55000000000E+01 6.60000000000E+01 6.79418091776E+01 4.33229378644E-01 7.59214590049E+01 4.84139594842E-01 6.15103150564E+01 3.92202061165E-01 6.37062940601E+01 4.05625618335E-01 7.11368317241E+01 4.53982928227E-01 7.11881734770E+01 4.53286764607E-01 6.44027191228E+01 4.10987228519E-01 
6.60000000000E+01 6.65000000000E+01 6.70000000000E+01 6.58813621571E+01 4.28604260878E-01 7.36203360373E+01 4.78981882975E-01 5.96440658292E+01 3.88007933595E-01 6.18137455501E+01 4.01396126012E-01 6.89399150866E+01 4.49035780737E-01 6.90745773040E+01 4.48569797643E-01 6.24128747792E+01 4.06500906928E-01 
6.70000000000E+01 6.75000000000E+01 6.80000000000E+01 6.21419517153E+01 4.10884807248E-01 6.94405356182E+01 4.59162386033E-01 5.62594031053E+01 3.71977812013E-01 5.83580540414E+01 3.85366330939E-01 6.49781327887E+01 4.29947845831E-01 6.52119076534E+01 4.30639719884E-01 5.88269301490E+01 3.89232421342E-01 
6.80000000000E+01 6.85000000000E+01 6.90000000000E+01 6.07932529285E+01 4.08389201588E-01 6.79322778588E+01 4.56356264213E-01 5.50391273866E+01 3.69729816095E-01 5.71170280060E+01 3.82994664670E-01 6.36116961634E+01 4.36144239089E-01 6.38240192406E+01 4.27972333087E-01 5.75905603552E+01 3.94853040480E-01 
6.90000000000E+01 6.95000000000E+01 7.00000000000E+01 5.78497940954E+01 3.97583390008E-01 6.46441491489E+01 4.44295262154E-01 5.23736295540E+01 3.59937829913E-01 5.43868722084E+01 3.73134355525E-01 6.04304451066E+01 4.15782827485E-01 6.07742270692E+01 4.16967878522E-01 5.47098339513E+01 3.76410684099E-01 
7.00000000000E+01 7.05000000000E+01 7.10000000000E+01 5.61197419282E+01 3.96339446523E-01 6.27257248666E+01 4.43094378061E-01 5.08080867645E+01 3.58815259309E-01 5.28124273454E+01 3.72248134472E-01 5.85867944939E+01 4.14355432543E-01 5.90137592230E+01 4.15971263773E-01 5.30414727781E+01 3.75121704538E-01 
7.10000000000E+01 7.15000000000E+01 7.20000000000E+01 5.39052213857E+01 3.94825974299E-01 6.02359519897E+01 4.41212034935E-01 4.88026771518E+01 3.57442719210E-01 5.07509090449E+01 3.71009657238E-01 5.62392502505E+01 4.12433139496E-01 5.67109251800E+01 4.14591766303E-01 5.09156272036E+01 3.73379478223E-01 
7.20000000000E+01 7.25000000000E+01 7.30000000000E+01 5.13371895092E+01 3.83981469306E-01 5.73657278003E+01 4.29082503124E-01 4.64781191780E+01 3.47632191074E-01 4.83619704184E+01 3.60953960181E-01 5.35326013097E+01 4.00972341762E-01 5.40408664461E+01 4.03343802265E-01 4.84655912134E+01 3.63010975040E-01 
7.30000000000E+01 7.35000000000E+01 7.40000000000E+01 5.00866066991E+01 3.64697420394E-01 5.59687857934E+01 4.07545028357E-01 4.53455760499E+01 3.30166057409E-01 4.72127390538E+01 3.43067481959E-01 5.21999609512E+01 3.80618931396E-01 5.27571858742E+01 3.83368321112E-01 4.72587656296E+01 3.44576955338E-01 
7.40000000000E+01 7.45000000000E+01 7.50000000000E+01 4.85173637584E+01 3.57626994538E-01 5.42143613537E+01 3.99626196376E-01 4.39254444777E+01 3.23776402729E-01 4.57652736269E+01 3.36659066944E-01 5.05349848597E+01 3.73016063492E-01 5.11388958113E+01 3.76190733095E-01 4.57519886008E+01 3.37705990689E-01 
7.50000000000E+01 7.55000000000E+01 7.60000000000E+01 4.54628086903E+01 3.46656192359E-01 5.08017727244E+01 3.87390763306E-01 4.11595888015E+01 3.13829099617E-01 4.29053522565E+01 3.26455774297E-01 4.73326316693E+01 3.61449656434E-01 4.79437187905E+01 3.64809604530E-01 4.28522834610E+01 3.27217671765E-01 
7.60000000000E+01 7.65000000000E+01 7.70000000000E+01 4.35143080779E+01 3.39854303337E-01 4.86236669567E+01 3.79764959825E-01 3.93960197672E+01 3.07686965004E-01 4.11085854161E+01 3.20369468547E-01 4.52645067824E+01 3.54062706596E-01 4.59352661179E+01 3.57987068934E-01 4.09804655719E+01 3.20547815095E-01 
7.70000000000E+01 7.75000000000E+01 7.80000000000E+01 4.28107734594E+01 3.41903862527E-01 4.78370438172E+01 3.82051028121E-01 3.87593770222E+01 3.09545101509E-01 4.04039221727E+01 3.19721326850E-01 4.45065341373E+01 3.56020165965E-01 4.51474676138E+01 3.57259916511E-01 4.02945629892E+01 3.22322636075E-01 
7.80000000000E+01 7.85000000000E+01 7.90000000000E+01 4.13260863719E+01 3.39000258796E-01 4.61796007106E+01 3.78833046458E-01 3.74141882144E+01 3.06899104546E-01 3.92840140562E+01 3.10129643374E-01 4.29490611466E+01 3.52982150259E-01 4.38973411411E+01 3.46560612247E-01 3.88834345469E+01 3.19554500955E-01 
7.90000000000E+01 7.95000000000E+01 8.00000000000E+01 4.03345388046E+01 3.37293586841E-01 4.50714182152E+01 3.76930228909E-01 3.65166209853E+01 3.05351350716E-01 3.81921940466E+01 3.18740464484E-01 4.17432299848E+01 3.38265232927E-01 4.26772944932E+01 3.56192213560E-01 3.77918844784E+01 3.06229732459E-01 
8.00000000000E+01 8.05000000000E+01 8.10000000000E+01 3.81219804006E+01 3.11034162186E-01 4.25990737503E+01 3.47583132280E-01 3.45134584955E+01 2.81579934910E-01 3.60911217086E+01 2.93865154296E-01 3.95807200192E+01 3.23386722420E-01 4.03295320071E+01 3.28391677705E-01 3.58340236960E+01 2.92759977567E-01 
8.10000000000E+01 8.15000000000E+01 8.20000000000E+01 3.69644512610E+01 3.03735694943E-01 4.13058639811E+01 3.39432781761E-01 3.34653361662E+01 2.74969132014E-01 3.50099536331E+01 2.87318389246E-01 3.83556244772E+01 3.15542519469E-01 3.91216369069E+01 3.21080585421E-01 3.47247140317E+01 2.85654707594E-01 
8.20000000000E+01 8.25000000000E+01 8.30000000000E+01 3.55802242060E+01 2.95401784907E-01 3.97585626581E+01 3.30103923537E-01 3.22124499935E+01 2.67434057914E-01 3.37400660390E+01 2.79802211186E-01 3.68888031990E+01 3.06486793715E-01 3.77021635927E+01 3.12668292165E-01 3.33970920536E+01 2.77467628973E-01 
8.30000000000E+01 8.35000000000E+01 8.40000000000E+01 3.47273729499E+01 2.88805755689E-01 3.88057442169E+01 3.22741621958E-01 3.14402059946E+01 2.61457093427E-01 3.29502042200E+01 2.73708335932E-01 3.59695012838E+01 2.99953684399E-01 3.68197252704E+01 3.05866582731E-01 3.25646977872E+01 2.71547601078E-01 
8.40000000000E+01 8.45000000000E+01 8.50000000000E+01 3.34068087131E+01 2.80827458337E-01 3.73290072998E+01 3.13812868266E-01 3.02453401943E+01 2.54242632934E-01 3.17058496067E+01 2.66766404066E-01 3.46020308991E+01 2.91036672939E-01 3.54282301949E+01 2.98096053043E-01 3.13273740853E+01 2.63483198657E-01 
8.50000000000E+01 8.55000000000E+01 8.60000000000E+01 3.17384659320E+01 2.84546740780E-01 3.54649461623E+01 3.17954469241E-01 2.87347845069E+01 2.57619305020E-01 3.01512135622E+01 2.70244521853E-01 3.26746857153E+01 2.84237500835E-01 3.36911950204E+01 3.01968852747E-01 2.95823347278E+01 2.57336361778E-01 
8.60000000000E+01 8.65000000000E+01 8.70000000000E+01 3.06986129739E+01 2.72865695587E-01 3.43033025099E+01 3.04921293317E-01 2.77931438431E+01 2.47031231613E-01 2.90704776550E+01 2.54350428227E-01 3.16882027407E+01 2.81853422183E-01 3.24839035455E+01 2.84228967461E-01 2.86889946129E+01 2.55165555404E-01 
8.70000000000E+01 8.75000000000E+01 8.80000000000E+01 2.98964702715E+01 2.61523149361E-01 3.34067222540E+01 2.92242216167E-01 2.70670879843E+01 2.36765363134E-01 2.84372414932E+01 2.48578821852E-01 3.08962613513E+01 2.68458244858E-01 3.17760120830E+01 2.77772292965E-01 2.79721745581E+01 2.43041199179E-01 
8.80000000000E+01 8.85000000000E+01 8.90000000000E+01 2.84196315000E+01 2.49201465990E-01 3.17564803115E+01 2.78470250242E-01 2.57300139190E+01 2.25611874545E-01 2.70524082476E+01 2.37178399565E-01 2.93678239100E+01 2.57487151549E-01 3.02286088138E+01 2.65031525429E-01 2.65884076056E+01 2.33111291565E-01 
8.90000000000E+01 8.95000000000E+01 9.00000000000E+01 2.72650030781E+01 2.48938975243E-01 3.04666538591E+01 2.78180198043E-01 2.46844184848E+01 2.25372168247E-01 2.59683705202E+01 2.37066766724E-01 2.81619714557E+01 2.57045985444E-01 2.90176409958E+01 2.64909979336E-01 2.54964281198E+01 2.32709805044E-01 
9.00000000000E+01 9.05000000000E+01 9.10000000000E+01 2.69120052679E+01 2.40491130565E-01 3.00719904827E+01 2.68733669680E-01 2.43649709344E+01 2.17728135043E-01 2.56422874229E+01 2.29192688058E-01 2.77854727179E+01 2.48199051174E-01 2.86530810811E+01 2.56105361766E-01 2.51557164754E+01 2.24704833449E-01 
9.10000000000E+01 9.15000000000E+01 9.20000000000E+01 2.57268993141E+01 2.34355128480E-01 2.87472940354E+01 2.61879720446E-01 2.32923152031E+01 2.12171472595E-01 2.45345726986E+01 2.23623031596E-01 2.65421287652E+01 2.41614683977E-01 2.74148914417E+01 2.49884823644E-01 2.40303492866E+01 2.18742615551E-01 
9.20000000000E+01 9.25000000000E+01 9.30000000000E+01 2.54773039309E+01 2.35460035207E-01 2.84701390944E+01 2.63149200535E-01 2.30652144809E+01 2.13149551629E-01 2.43087210712E+01 2.24822449140E-01 2.62494452347E+01 2.42752614313E-01 2.71641655316E+01 2.51256028863E-01 2.37642024260E+01 2.19748627035E-01 
9.30000000000E+01 9.35000000000E+01 9.40000000000E+01 2.40858936195E+01 2.23616113424E-01 2.69140508768E+01 2.49883859952E-01 2.18063246720E+01 2.02446046105E-01 2.29931032594E+01 2.13596113605E-01 2.48278929620E+01 2.30341761938E-01 2.56928557576E+01 2.38683956534E-01 2.24780522947E+01 2.08533428076E-01 
9.40000000000E+01 9.45000000000E+01 9.50000000000E+01 2.30705610750E+01 2.20770631731E-01 2.57793105515E+01 2.46698269924E-01 2.08872101053E+01 1.99873733098E-01 2.20411790473E+01 2.11078612849E-01 2.37574377727E+01 2.27083208963E-01 2.46289714791E+01 2.35864903934E-01 2.15090395951E+01 2.05587210492E-01 
9.50000000000E+01 9.55000000000E+01 9.60000000000E+01 2.26867627364E+01 2.20601841154E-01 2.53503587903E+01 2.46501177090E-01 2.05397889070E+01 1.99726290280E-01 2.16908008814E+01 2.11264316458E-01 2.33539992944E+01 2.26731618770E-01 2.42373765995E+01 2.36064640530E-01 2.11438353178E+01 2.05274498627E-01 
9.60000000000E+01 9.65000000000E+01 9.70000000000E+01 2.17613148906E+01 2.11514621950E-01 2.43161797995E+01 2.36343498809E-01 1.97019732723E+01 1.91501427920E-01 2.08161295158E+01 2.02500022252E-01 2.23920801101E+01 2.17451016492E-01 2.32599243007E+01 2.26266873873E-01 2.02729934322E+01 1.96874007911E-01 
9.70000000000E+01 9.75000000000E+01 9.80000000000E+01 2.10551095279E+01 2.09262924473E-01 2.35275373778E+01 2.33848068078E-01 1.90622866925E+01 1.89449410448E-01 2.01596535512E+01 2.00569257702E-01 2.16471561385E+01 2.14918079434E-01 2.25268436197E+01 2.24129466848E-01 1.95982512882E+01 1.94567142955E-01 
9.80000000000E+01 9.85000000000E+01 9.90000000000E+01 2.03163718814E+01 2.09768158328E-01 2.27023649501E+01 2.34419082056E-01 1.83932719713E+01 1.89902758431E-01 1.94472269295E+01 2.00822949623E-01 2.08876287151E+01 2.15635545574E-01 2.17310365264E+01 2.24419012890E-01 1.89104075963E+01 1.95212491914E-01 
9.90000000000E+01 9.95000000000E+01 1.00000000000E+02 1.99292209666E+01 2.03497540655E-01 2.22695188342E+01 2.27397167693E-01 1.80429140107E+01 1.84235228877E-01 1.90985354437E+01 1.95261152554E-01 2.04725607454E+01 2.08816922020E-01 2.13412101874E+01 2.18191641377E-01 1.85347870972E+01 1.89050062321E-01 
#nx: 3
