#labels: ptz__-5p0__-4p0_lower[1] ptz__-5p0__-4p0_center[2] ptz__-5p0__-4p0_upper[3] tot_scale01[4] tot_scale01_Err[5] tot_scale02[6] tot_scale02_Err[7] tot_scale03[8] tot_scale03_Err[9] tot_scale04[10] tot_scale04_Err[11] tot_scale05[12] tot_scale05_Err[13] tot_scale06[14] tot_scale06_Err[15] tot_scale07[16] tot_scale07_Err[17]
#neval: 1295589542
#overflow:lower center upper 2.06674562332E+00 3.22907178209E-02 2.31028645478E+00 3.61216181737E-02 1.87058725589E+00 2.92096203071E-02 2.25777730898E+00 3.46791371989E-02 1.88932265427E+00 2.99425652528E-02 2.52380328804E+00 3.87915937889E-02 1.70999250278E+00 2.70847124755E-02 
0.00000000000E+00 5.00000000000E-01 1.00000000000E+00 0.00000000000E+00 0.00000000000E+00 0.00000000000E+00 0.00000000000E+00 0.00000000000E+00 0.00000000000E+00 0.00000000000E+00 0.00000000000E+00 0.00000000000E+00 0.00000000000E+00 0.00000000000E+00 0.00000000000E+00 0.00000000000E+00 0.00000000000E+00 
1.00000000000E+00 1.50000000000E+00 2.00000000000E+00 9.90474550652E+03 9.85567882927E+00 1.10738353978E+04 1.10229787911E+01 8.96343100619E+03 8.91652012900E+00 9.44317248336E+03 9.14885954405E+00 1.02329272230E+04 1.02045338382E+01 1.05575082326E+04 1.02315398464E+01 9.26026974427E+03 9.23166902471E+00 
2.00000000000E+00 2.50000000000E+00 3.00000000000E+00 4.85107872653E+03 5.65115190165E+00 5.42363853545E+03 6.32063838394E+00 4.39006662166E+03 5.11253976475E+00 4.62809499149E+03 5.36864751991E+00 5.00604442849E+03 5.85341029538E+00 5.17421167101E+03 6.00423281291E+00 4.53023141647E+03 5.29525975493E+00 
3.00000000000E+00 3.50000000000E+00 4.00000000000E+00 3.02398217222E+03 3.90009738433E+00 3.38088033952E+03 4.36202655497E+00 2.73661352368E+03 3.52844930020E+00 2.88751737973E+03 3.70410399107E+00 3.11738742081E+03 4.03947223754E+00 3.22823158584E+03 4.14250903499E+00 2.82109627298E+03 3.65435587298E+00 
4.00000000000E+00 4.50000000000E+00 5.00000000000E+00 2.10132182189E+03 3.06065686019E+00 2.34931223953E+03 3.42310657895E+00 1.90164185289E+03 2.76903633220E+00 2.00821427828E+03 2.90696042199E+00 2.16402496423E+03 3.16927616977E+00 2.24516252339E+03 3.25096626601E+00 1.95835471279E+03 2.86716081634E+00 
5.00000000000E+00 5.50000000000E+00 6.00000000000E+00 1.55591019217E+03 2.61709462189E+00 1.73952023480E+03 2.92706917586E+00 1.40806656452E+03 2.36770262329E+00 1.48844943724E+03 2.48546913998E+00 1.60086754302E+03 2.70905155610E+00 1.66405929321E+03 2.77964660534E+00 1.44872889390E+03 2.45077687044E+00 
6.00000000000E+00 6.50000000000E+00 7.00000000000E+00 1.20446318730E+03 2.24555531547E+00 1.34660737471E+03 2.51166604961E+00 1.09000938493E+03 2.03147857929E+00 1.15310876470E+03 2.13055543108E+00 1.23811442306E+03 2.32485081188E+00 1.28916138277E+03 2.38285070225E+00 1.12044477112E+03 2.10310333049E+00 
7.00000000000E+00 7.50000000000E+00 8.00000000000E+00 9.63035030318E+02 1.95553532539E+00 1.07667612448E+03 2.18721497105E+00 8.71529902435E+02 1.76914621831E+00 9.22886229332E+02 1.85660630888E+00 9.88959711411E+02 2.02305879883E+00 1.03176562705E+03 2.07640954988E+00 8.94977256148E+02 1.83014129039E+00 
8.00000000000E+00 8.50000000000E+00 9.00000000000E+00 7.84275216246E+02 1.67781002897E+00 8.76823549490E+02 1.87660058970E+00 7.09754504284E+02 1.51788313680E+00 7.52335070277E+02 1.59516571634E+00 8.04594097119E+02 1.73359730911E+00 8.41094541168E+02 1.78403040543E+00 7.28131198543E+02 1.56827350245E+00 
9.00000000000E+00 9.50000000000E+00 1.00000000000E+01 6.53049308003E+02 1.56100736458E+00 7.30112228881E+02 1.74608649918E+00 5.90997559089E+02 1.41213300245E+00 6.27327682284E+02 1.50550458315E+00 6.69302341684E+02 1.61311743601E+00 7.01338572511E+02 1.68385010758E+00 6.05696841597E+02 1.45919616955E+00 
1.00000000000E+01 1.05000000000E+01 1.10000000000E+01 5.49835766840E+02 1.41860326836E+00 6.14720634077E+02 1.58685500791E+00 4.97590169241E+02 1.28327403302E+00 5.28467405326E+02 1.34862587512E+00 5.62982855492E+02 1.46518321333E+00 5.90816807346E+02 1.50845385515E+00 5.09480024671E+02 1.32533734982E+00 
1.10000000000E+01 1.15000000000E+01 1.20000000000E+01 4.66534669250E+02 1.23262005020E+00 5.21582206012E+02 1.37878246006E+00 4.22208930312E+02 1.11505234728E+00 4.48893026873E+02 1.17346403498E+00 4.77194339195E+02 1.27162482945E+00 5.01847546433E+02 1.31250482555E+00 4.31849207460E+02 1.15027363376E+00 
1.20000000000E+01 1.25000000000E+01 1.30000000000E+01 4.03320356262E+02 1.13239997004E+00 4.50910571561E+02 1.26671291064E+00 3.64999711589E+02 1.02436949153E+00 3.88410167818E+02 1.07890923803E+00 4.12170152507E+02 1.16734959384E+00 4.34231127017E+02 1.20677826428E+00 3.73002954389E+02 1.05592633904E+00 
1.30000000000E+01 1.35000000000E+01 1.40000000000E+01 3.47987107404E+02 1.03696649276E+00 3.89057236978E+02 1.16002268783E+00 3.14921361490E+02 9.38002677418E-01 3.35461744556E+02 9.89295750320E-01 3.55304013820E+02 1.06825638827E+00 3.75006410287E+02 1.10566526932E+00 3.21538116325E+02 9.66252530848E-01 
1.40000000000E+01 1.45000000000E+01 1.50000000000E+01 3.04404240146E+02 9.87423519240E-01 3.40328281013E+02 1.10465791100E+00 2.75478367646E+02 8.93149239658E-01 2.93673390418E+02 9.41310164174E-01 3.10487110709E+02 1.01668270594E+00 3.28323237254E+02 1.05297573604E+00 2.80978783213E+02 9.19560305125E-01 
1.50000000000E+01 1.55000000000E+01 1.60000000000E+01 2.69138302192E+02 9.10465323313E-01 3.00898034109E+02 1.01858509621E+00 2.43565099335E+02 8.23524342395E-01 2.59928960372E+02 8.68403642153E-01 2.74276262942E+02 9.37070130062E-01 2.90595312592E+02 9.71440988994E-01 2.48211054149E+02 8.47537183298E-01 
1.60000000000E+01 1.65000000000E+01 1.70000000000E+01 2.36596185485E+02 8.50673789984E-01 2.64510692234E+02 9.51634790711E-01 2.14118357971E+02 7.69479575437E-01 2.28843641714E+02 8.13214803541E-01 2.40794484527E+02 8.73928431275E-01 2.55837859505E+02 9.09652973410E-01 2.17933152568E+02 7.90705794355E-01 
1.70000000000E+01 1.75000000000E+01 1.80000000000E+01 2.08438650826E+02 7.82445524765E-01 2.33028957221E+02 8.75319162830E-01 1.88637239642E+02 7.07756915978E-01 2.01798173221E+02 7.48459471417E-01 2.11947882782E+02 8.03378614142E-01 2.25600201452E+02 8.37228940656E-01 1.91810336724E+02 7.26650869422E-01 
1.80000000000E+01 1.85000000000E+01 1.90000000000E+01 1.85115177002E+02 7.81019299962E-01 2.06955371409E+02 8.73846176592E-01 1.67528564331E+02 7.06389367270E-01 1.79417551089E+02 7.46420102481E-01 1.88000011979E+02 8.01779324167E-01 2.00588753675E+02 8.35051468797E-01 1.70136762659E+02 7.25117784489E-01 
1.90000000000E+01 1.95000000000E+01 2.00000000000E+01 1.66034118182E+02 6.87748840920E-01 1.85621322675E+02 7.69418413727E-01 1.50261394035E+02 6.22076618873E-01 1.60965536437E+02 6.57202098010E-01 1.68493353187E+02 7.05073696719E-01 1.79950697138E+02 7.35179938125E-01 1.52484863265E+02 6.37710100787E-01 
2.00000000000E+01 2.05000000000E+01 2.10000000000E+01 1.49000058730E+02 6.88078888825E-01 1.66575263873E+02 7.69798203537E-01 1.34847092725E+02 6.22368478581E-01 1.44690422256E+02 6.59761548772E-01 1.50796908783E+02 6.63510253732E-01 1.61753968354E+02 7.38052969021E-01 1.36470348626E+02 6.00094770441E-01 
2.10000000000E+01 2.15000000000E+01 2.20000000000E+01 1.34143959115E+02 6.13563885975E-01 1.49966744776E+02 6.86409241244E-01 1.21402170280E+02 5.54984839569E-01 1.30440226231E+02 5.89193683561E-01 1.35846245932E+02 6.27688579787E-01 1.45823145400E+02 6.59091637853E-01 1.22941081538E+02 5.67729631595E-01 
2.20000000000E+01 2.25000000000E+01 2.30000000000E+01 1.19645018069E+02 6.04941466166E-01 1.33756276826E+02 6.76762088103E-01 1.08281267216E+02 5.47186282218E-01 1.16483078413E+02 5.81089426475E-01 1.21034058242E+02 6.18633065839E-01 1.30218768744E+02 6.50022323153E-01 1.09536898962E+02 5.59538196628E-01 
2.30000000000E+01 2.35000000000E+01 2.40000000000E+01 1.09572338485E+02 5.78870667181E-01 1.22498971675E+02 6.47654536215E-01 9.91631326280E+01 5.23567625387E-01 1.06743266880E+02 5.56319647265E-01 1.10773688440E+02 5.91660276204E-01 1.19333657085E+02 6.22367440486E-01 1.00248963283E+02 5.35102543245E-01 
2.40000000000E+01 2.45000000000E+01 2.50000000000E+01 9.87323772317E+01 5.20224379431E-01 1.10378548303E+02 5.82010954290E-01 8.93539909017E+01 4.70542280526E-01 9.63587295313E+01 4.91755297832E-01 9.96999078111E+01 5.30703315477E-01 1.07722719398E+02 5.50125347397E-01 9.02284020810E+01 4.79992605740E-01 
2.50000000000E+01 2.55000000000E+01 2.60000000000E+01 8.93926437547E+01 4.78168291099E-01 9.99362113411E+01 5.34952987910E-01 8.09020047956E+01 4.32506857273E-01 8.72921367949E+01 4.61021115704E-01 9.01819019178E+01 4.87394264814E-01 9.75860470619E+01 5.15726790694E-01 8.16152430902E+01 4.40827257471E-01 
2.60000000000E+01 2.65000000000E+01 2.70000000000E+01 8.20894756063E+01 4.59816562590E-01 9.17729219002E+01 5.14463150889E-01 7.42916963689E+01 4.15881550685E-01 8.02477681532E+01 4.43663640282E-01 8.27306772754E+01 4.68340566492E-01 8.97121802902E+01 4.96347459993E-01 7.48710067890E+01 4.23566635003E-01 
2.70000000000E+01 2.75000000000E+01 2.80000000000E+01 7.39368924231E+01 4.26981435059E-01 8.26539147802E+01 4.77618203454E-01 6.69165544324E+01 3.86252049629E-01 7.23830680300E+01 4.12939037624E-01 7.44199172405E+01 4.34050467113E-01 8.09154625600E+01 4.61875646526E-01 6.73467417934E+01 3.92577186752E-01 
2.80000000000E+01 2.85000000000E+01 2.90000000000E+01 6.81263482226E+01 4.15154449535E-01 7.61616010426E+01 4.64454597537E-01 6.16556274318E+01 3.75511290719E-01 6.67624531851E+01 4.01743022988E-01 6.84205204876E+01 4.20247267914E-01 7.46353767209E+01 4.49413663575E-01 6.19213019675E+01 3.80098564725E-01 
2.90000000000E+01 2.95000000000E+01 3.00000000000E+01 6.10332060037E+01 3.86499143996E-01 6.82295989612E+01 4.32352438984E-01 5.52376411302E+01 3.49620442231E-01 5.98754988036E+01 3.74422140080E-01 6.13109965013E+01 3.92266299413E-01 6.69341451176E+01 4.18808735774E-01 5.54883691299E+01 3.54817775084E-01 
3.00000000000E+01 3.05000000000E+01 3.10000000000E+01 5.68275887487E+01 3.99844549960E-01 6.35319952404E+01 4.47381613987E-01 5.14288878240E+01 3.61628407031E-01 5.58041547393E+01 3.87068935783E-01 5.70456007190E+01 4.05955906475E-01 6.23865575683E+01 4.33049037203E-01 5.16254981154E+01 3.67133941118E-01 
3.10000000000E+01 3.15000000000E+01 3.20000000000E+01 5.22205308119E+01 3.75990049173E-01 5.83789374627E+01 4.20643661641E-01 4.72610809244E+01 3.40084047103E-01 5.13302006041E+01 3.64534901838E-01 5.23872110611E+01 3.81441043221E-01 5.73825297794E+01 4.07792713910E-01 4.74112776537E+01 3.44992114268E-01 
3.20000000000E+01 3.25000000000E+01 3.30000000000E+01 4.65693076769E+01 3.31018632769E-01 5.20609848051E+01 3.70340744452E-01 4.21467423411E+01 2.99401289568E-01 4.58503161786E+01 3.21635423400E-01 4.66319292001E+01 3.35045629879E-01 5.12562319623E+01 3.59811802934E-01 4.22028807823E+01 3.03026038388E-01 
3.30000000000E+01 3.35000000000E+01 3.40000000000E+01 4.32101641017E+01 3.22979790153E-01 4.83064075003E+01 3.61357501328E-01 3.91061722413E+01 2.92123720316E-01 4.25786570442E+01 3.14190905174E-01 4.32314972451E+01 3.26562899714E-01 4.75994985955E+01 3.51494734168E-01 3.91249805844E+01 2.95347910166E-01 
3.40000000000E+01 3.45000000000E+01 3.50000000000E+01 3.95748618578E+01 2.95412820707E-01 4.42407397034E+01 3.30448212568E-01 3.58171614680E+01 2.67232409062E-01 3.90680159017E+01 2.88190552142E-01 3.95164420593E+01 2.98135144777E-01 4.36734149526E+01 3.22348188495E-01 3.57638992519E+01 2.69683218384E-01 
3.50000000000E+01 3.55000000000E+01 3.60000000000E+01 3.70887491263E+01 2.88312164453E-01 4.14629871755E+01 3.22593644348E-01 3.35661794857E+01 2.60753330627E-01 3.66181201922E+01 2.80850092875E-01 3.70452186795E+01 2.91136985904E-01 4.09360392531E+01 3.14216427274E-01 3.35263453379E+01 2.63292713504E-01 
3.60000000000E+01 3.65000000000E+01 3.70000000000E+01 3.37000208306E+01 2.88768572257E-01 3.76727327897E+01 3.23046567048E-01 3.05004858840E+01 2.61202818332E-01 3.33316388629E+01 2.81794585996E-01 3.35590878645E+01 2.96220658687E-01 3.72603131255E+01 3.15220175172E-01 3.03725651669E+01 2.67932724663E-01 
3.70000000000E+01 3.75000000000E+01 3.80000000000E+01 3.10619312727E+01 2.74965805139E-01 3.47241783425E+01 3.07622114189E-01 2.81125219974E+01 2.48706945031E-01 3.09592621751E+01 2.52777142532E-01 3.09487289652E+01 2.77092010227E-01 3.46088402556E+01 2.82770090789E-01 2.80097372281E+01 2.50615210284E-01 
3.80000000000E+01 3.85000000000E+01 3.90000000000E+01 2.84273352300E+01 2.52022804696E-01 3.17805333913E+01 2.81984113734E-01 2.57270821561E+01 2.27935925999E-01 2.81753750463E+01 2.46569679462E-01 2.83064071999E+01 2.53589275440E-01 3.14982509903E+01 2.75859543882E-01 2.56137126308E+01 2.29324923470E-01 
3.90000000000E+01 3.95000000000E+01 4.00000000000E+01 2.62003367462E+01 2.33926918394E-01 2.92905951061E+01 2.61751776327E-01 2.37117805587E+01 2.11560270264E-01 2.59933379324E+01 2.28889293625E-01 2.60557720223E+01 2.35308303297E-01 2.90586434313E+01 2.56090666936E-01 2.35806603013E+01 2.12796132478E-01 
4.00000000000E+01 4.05000000000E+01 4.10000000000E+01 2.38438287253E+01 2.19238180890E-01 2.66547252675E+01 2.45270565446E-01 2.15800070183E+01 1.98304784523E-01 2.36895178280E+01 2.15003788672E-01 2.36835787049E+01 2.20101535623E-01 2.64817653438E+01 2.40513588091E-01 2.14347260638E+01 1.99074765681E-01 
4.10000000000E+01 4.15000000000E+01 4.20000000000E+01 2.19847128807E+01 2.10854367860E-01 2.45770379070E+01 2.35912224653E-01 1.98970233303E+01 1.90708116806E-01 2.18676543768E+01 2.06859131160E-01 2.18141174921E+01 2.11625098748E-01 2.44457172372E+01 2.31421059586E-01 1.97423811993E+01 1.91393456532E-01 
4.20000000000E+01 4.25000000000E+01 4.30000000000E+01 2.05582691092E+01 2.04149478007E-01 2.29826842709E+01 2.28411821962E-01 1.86058489675E+01 1.84643031432E-01 2.04667934697E+01 2.00534305793E-01 2.03818634679E+01 2.04646690201E-01 2.28800216998E+01 2.24347936975E-01 1.84459830463E+01 1.85082241504E-01 
4.30000000000E+01 4.35000000000E+01 4.40000000000E+01 1.90566289455E+01 1.96915333986E-01 2.12831985803E+01 2.20349694233E-01 1.72463670963E+01 1.78086004044E-01 1.89893574265E+01 1.93468338284E-01 1.88771576189E+01 1.97342312037E-01 2.12290314277E+01 2.16463465369E-01 1.70837149805E+01 1.78461444871E-01 
4.40000000000E+01 4.45000000000E+01 4.50000000000E+01 1.72709818060E+01 1.80992854511E-01 1.93069622734E+01 2.02457938513E-01 1.56312489814E+01 1.63727863916E-01 1.72434347467E+01 1.78569911590E-01 1.70775459769E+01 1.80747187274E-01 1.92758714823E+01 1.99734122281E-01 1.54560222102E+01 1.63498216000E-01 
4.50000000000E+01 4.55000000000E+01 4.60000000000E+01 1.60822310446E+01 1.72982767046E-01 1.79767662136E+01 1.93456166011E-01 1.45557874743E+01 1.56506745029E-01 1.60756525752E+01 1.70990844893E-01 1.58870556367E+01 1.72451964729E-01 1.79697980113E+01 1.91221052722E-01 1.43790053670E+01 1.56021185949E-01 
4.60000000000E+01 4.65000000000E+01 4.70000000000E+01 1.46767137155E+01 1.66464018865E-01 1.64067680608E+01 1.86227764716E-01 1.32833471942E+01 1.50570971214E-01 1.46863947690E+01 1.64362853711E-01 1.44855287878E+01 1.66115998504E-01 1.64173439130E+01 1.83863310898E-01 1.31101848323E+01 1.50248631420E-01 
4.70000000000E+01 4.75000000000E+01 4.80000000000E+01 1.37941209727E+01 1.61781631440E-01 1.54194542601E+01 1.80930318865E-01 1.24849802616E+01 1.46373092226E-01 1.38261832677E+01 1.60366064373E-01 1.35926776535E+01 1.60913650512E-01 1.54550902400E+01 1.79338513235E-01 1.23025454067E+01 1.45583011798E-01 
4.80000000000E+01 4.85000000000E+01 4.90000000000E+01 1.26446662884E+01 1.51176111896E-01 1.41348983241E+01 1.69091123795E-01 1.14445027182E+01 1.36764035658E-01 1.26813039754E+01 1.49745859713E-01 1.24549638086E+01 1.50432927044E-01 1.41754852619E+01 1.67480626690E-01 1.12725621162E+01 1.36085872309E-01 
4.90000000000E+01 4.95000000000E+01 5.00000000000E+01 1.13613195441E+01 1.48784568028E-01 1.27005092925E+01 1.66424989325E-01 1.02827426492E+01 1.34594891458E-01 1.14101011823E+01 1.47607677193E-01 1.11732812959E+01 1.47823141795E-01 1.27548479085E+01 1.65098093063E-01 1.01124678392E+01 1.33719676276E-01 
5.00000000000E+01 5.05000000000E+01 5.10000000000E+01 1.07259446821E+01 1.40535700047E-01 1.19904360724E+01 1.57253231780E-01 9.70756085766E+00 1.27097847427E-01 1.07763196149E+01 1.39148151507E-01 1.05475336703E+01 1.39871865294E-01 1.20465565137E+01 1.55686452759E-01 9.54598959496E+00 1.26489917448E-01 
5.10000000000E+01 5.15000000000E+01 5.20000000000E+01 1.00459592611E+01 1.40926850627E-01 1.12299432552E+01 1.57629029924E-01 9.09235695855E+00 1.27490709461E-01 1.01194368316E+01 1.40167424924E-01 9.86485407300E+00 1.39818539426E-01 1.13119246958E+01 1.56771711641E-01 8.92836181882E+00 1.26484013139E-01 
5.20000000000E+01 5.25000000000E+01 5.30000000000E+01 8.77189568728E+00 1.20744247471E-01 9.80527677622E+00 1.35043237447E-01 7.93951924695E+00 1.09239616099E-01 8.84827744083E+00 1.20237349191E-01 8.59691479598E+00 1.19601372363E-01 9.89051341155E+00 1.34467346415E-01 7.78106821417E+00 1.08200787962E-01 
5.30000000000E+01 5.35000000000E+01 5.40000000000E+01 8.32333404339E+00 1.20792039086E-01 9.30437569327E+00 1.35124300680E-01 7.53320003275E+00 1.09265304541E-01 8.39479190997E+00 1.20187694168E-01 8.15294218741E+00 1.19648463327E-01 9.38410392134E+00 1.34437832571E-01 7.37890570573E+00 1.08225125945E-01 
5.40000000000E+01 5.45000000000E+01 5.50000000000E+01 7.71654545650E+00 1.12584399643E-01 8.62599625972E+00 1.25938893673E-01 6.98405867731E+00 1.01843323716E-01 7.82806195390E+00 1.15033743313E-01 7.54703779880E+00 1.11264137053E-01 8.75065282066E+00 1.28672636137E-01 6.83058297988E+00 1.00645432701E-01 
5.50000000000E+01 5.55000000000E+01 5.60000000000E+01 7.15849883214E+00 1.07643863449E-01 8.00195475403E+00 1.20386191770E-01 6.47912651490E+00 9.73906554266E-02 7.24202729473E+00 1.07601954106E-01 7.00321281798E+00 1.06377483943E-01 8.09521077376E+00 1.20332933453E-01 6.33853031382E+00 9.62412833955E-02 
5.60000000000E+01 5.65000000000E+01 5.70000000000E+01 6.67753691842E+00 1.12543213616E-01 7.46443170761E+00 1.25893148987E-01 6.04374116769E+00 1.01805803102E-01 6.76505158369E+00 1.12441138167E-01 6.51879971612E+00 1.11126384284E-01 7.56216204906E+00 1.25771136329E-01 5.90002172991E+00 1.00520084819E-01 
5.70000000000E+01 5.75000000000E+01 5.80000000000E+01 6.01706176569E+00 9.63933993821E-02 6.72589955012E+00 1.07805312137E-01 5.44610072792E+00 8.72110676386E-02 6.10641926965E+00 9.66363427990E-02 5.86758902603E+00 9.49241776242E-02 6.82569592987E+00 1.08071319025E-01 5.30717262034E+00 8.58454995086E-02 
5.80000000000E+01 5.85000000000E+01 5.90000000000E+01 5.66012471652E+00 9.70774341299E-02 6.32717433432E+00 1.08601942476E-01 5.12286673367E+00 8.78098844011E-02 5.75255935105E+00 9.72762962213E-02 5.51694005383E+00 9.56228726147E-02 6.43011897417E+00 1.08814970815E-01 4.99322412479E+00 8.64893726981E-02 
5.90000000000E+01 5.95000000000E+01 6.00000000000E+01 5.22828794332E+00 9.17443975918E-02 5.84424965814E+00 1.02617794958E-01 4.73214337709E+00 8.29973427630E-02 5.31948556752E+00 9.22494556349E-02 5.08294861192E+00 9.01006615356E-02 5.94610713939E+00 1.03176259276E-01 4.60055741950E+00 8.15070641225E-02 
6.00000000000E+01 6.05000000000E+01 6.10000000000E+01 4.85963952000E+00 8.63932596261E-02 5.43247094447E+00 9.66532717148E-02 4.39828611462E+00 7.81431138560E-02 4.94541900514E+00 8.66402145996E-02 4.72243883496E+00 8.50331743369E-02 5.52826723668E+00 9.69214375283E-02 4.27406361586E+00 7.69085964106E-02 
6.10000000000E+01 6.15000000000E+01 6.20000000000E+01 4.45903646441E+00 8.32608807129E-02 4.98476497483E+00 9.31527519945E-02 4.03563876469E+00 7.53074615191E-02 4.54407023534E+00 8.37622572834E-02 4.32997019350E+00 8.17050351514E-02 5.07975611485E+00 9.37083047247E-02 3.91879330443E+00 7.38975312057E-02 
6.20000000000E+01 6.25000000000E+01 6.30000000000E+01 4.14498133379E+00 7.95189684133E-02 4.63361807059E+00 8.89571661451E-02 3.75144484804E+00 7.19287520057E-02 4.23388014966E+00 8.01212899473E-02 4.01741204289E+00 7.79555756712E-02 4.73292612514E+00 8.96244895983E-02 3.63595226081E+00 7.05111251551E-02 
6.30000000000E+01 6.35000000000E+01 6.40000000000E+01 3.71955766919E+00 7.14427682546E-02 4.15763603893E+00 7.98912025277E-02 3.36667149890E+00 6.46432015722E-02 3.80302732680E+00 7.21555078553E-02 3.59316690755E+00 6.99196197198E-02 4.25089918613E+00 8.06852277555E-02 3.25226298203E+00 6.32637393065E-02 
6.40000000000E+01 6.45000000000E+01 6.50000000000E+01 3.52359285136E+00 6.83440664311E-02 3.93851841128E+00 7.64186048784E-02 3.18934471020E+00 6.18441218146E-02 3.61012298181E+00 6.92293785741E-02 3.40612653629E+00 6.66870686343E-02 4.03520462940E+00 7.74062629821E-02 3.08300483637E+00 6.03435652322E-02 
6.50000000000E+01 6.55000000000E+01 6.60000000000E+01 3.17659614919E+00 6.44489263102E-02 3.55090604520E+00 7.20780899284E-02 2.87510710476E+00 5.83100090238E-02 3.25666689844E+00 6.52750601775E-02 3.06905679385E+00 6.28918959474E-02 3.64037243838E+00 7.29990150033E-02 2.77775450826E+00 5.68997272612E-02 
6.60000000000E+01 6.65000000000E+01 6.70000000000E+01 3.04340388632E+00 6.93528525226E-02 3.40177651430E+00 7.75609235945E-02 2.75471170260E+00 6.27478929865E-02 3.12072744414E+00 7.01790217306E-02 2.92822927787E+00 6.27298531986E-02 3.48817054283E+00 7.84815045426E-02 2.65043161928E+00 5.67531121244E-02 
6.70000000000E+01 6.75000000000E+01 6.80000000000E+01 2.80632936764E+00 6.15821577653E-02 3.13704416860E+00 6.88861125878E-02 2.53996170102E+00 5.57074944650E-02 2.88356546626E+00 6.24515785481E-02 2.70573963464E+00 6.00277800670E-02 3.22333133239E+00 6.98528632482E-02 2.44889403414E+00 5.42983746009E-02 
6.80000000000E+01 6.85000000000E+01 6.90000000000E+01 2.46747897282E+00 5.47881245850E-02 2.75823439160E+00 6.12801693213E-02 2.23329020887E+00 4.95653332877E-02 2.54154996688E+00 5.57480566674E-02 2.37437015355E+00 5.32566079116E-02 2.84099673568E+00 6.23502623997E-02 2.14900032280E+00 4.81779772774E-02 
6.90000000000E+01 6.95000000000E+01 7.00000000000E+01 2.35395983301E+00 5.31549236385E-02 2.63115556130E+00 5.94387567747E-02 2.13066183464E+00 4.80971240139E-02 2.42652948799E+00 5.42066497382E-02 2.26199668832E+00 5.15612627482E-02 2.71225310365E+00 6.06131513413E-02 2.04741397049E+00 4.66542539324E-02 
7.00000000000E+01 7.05000000000E+01 7.10000000000E+01 2.10441896781E+00 4.84029813640E-02 2.35202745316E+00 5.41133774821E-02 1.90492172029E+00 4.38048058934E-02 2.17260337947E+00 4.94772453422E-02 2.02202640142E+00 4.68724289304E-02 2.42822031423E+00 5.53130616834E-02 1.83033279871E+00 4.24190004812E-02 
7.10000000000E+01 7.15000000000E+01 7.20000000000E+01 2.01040753744E+00 4.76818213963E-02 2.26110033344E+00 5.47465884827E-02 1.81967268612E+00 4.31414556094E-02 2.07914751184E+00 4.87615812480E-02 1.92890760425E+00 4.61825209782E-02 2.32400634221E+00 5.45297690409E-02 1.74589446546E+00 4.17835818058E-02 
7.20000000000E+01 7.25000000000E+01 7.30000000000E+01 1.82027881126E+00 4.58252954326E-02 2.03466535999E+00 5.12413691584E-02 1.64758326158E+00 4.14657909107E-02 1.88178545395E+00 4.69017702259E-02 1.74580773408E+00 4.43107451120E-02 2.10339565742E+00 5.24430397016E-02 1.58016773886E+00 4.00943255574E-02 
7.30000000000E+01 7.35000000000E+01 7.40000000000E+01 1.63987309733E+00 4.23340375733E-02 1.83277176326E+00 4.73245531830E-02 1.48444719426E+00 3.83148978952E-02 1.69997697374E+00 4.34346342902E-02 1.58035068156E+00 4.04525408432E-02 1.89993431612E+00 4.85535705601E-02 1.43054450581E+00 3.66090378645E-02 
7.40000000000E+01 7.45000000000E+01 7.50000000000E+01 1.60603383528E+00 4.49919540538E-02 1.79528097940E+00 5.03262872554E-02 1.45360497875E+00 4.07010803193E-02 1.66168852877E+00 4.59805170897E-02 1.53614112528E+00 4.34991226855E-02 1.85748579109E+00 5.14289955126E-02 1.39033621881E+00 3.93492155729E-02 
7.50000000000E+01 7.55000000000E+01 7.60000000000E+01 1.39117886937E+00 3.86721015462E-02 1.55510307664E+00 4.32576086642E-02 1.25914533504E+00 3.49836134291E-02 1.44514275247E+00 3.96683724969E-02 1.32863817772E+00 3.73179669644E-02 1.61540849062E+00 4.43696415913E-02 1.20253214562E+00 3.37574841964E-02 
7.60000000000E+01 7.65000000000E+01 7.70000000000E+01 1.26386916201E+00 3.69540109346E-02 1.41257736818E+00 4.13271577441E-02 1.14398813967E+00 3.34344244903E-02 1.31507352692E+00 3.79994642434E-02 1.20515683162E+00 3.55827904345E-02 1.46990936104E+00 4.24953182670E-02 1.09084393802E+00 3.21928868503E-02 
7.70000000000E+01 7.75000000000E+01 7.80000000000E+01 1.26329629347E+00 3.63489881898E-02 1.41207037534E+00 4.06413613886E-02 1.14345165775E+00 3.28933047490E-02 1.30273060122E+00 3.58088893014E-02 1.20407856132E+00 3.48993647351E-02 1.45612041317E+00 4.00358659044E-02 1.08984816995E+00 3.15812824080E-02 
7.80000000000E+01 7.85000000000E+01 7.90000000000E+01 1.15945012452E+00 3.39170147894E-02 1.29738123696E+00 3.79361820004E-02 1.04935545254E+00 3.06797495280E-02 1.20790095946E+00 3.49417923200E-02 1.10516423087E+00 3.26071199097E-02 1.35030257710E+00 3.90871043080E-02 1.00021925710E+00 2.94941159128E-02 
7.90000000000E+01 7.95000000000E+01 8.00000000000E+01 1.01977459672E+00 3.05960436645E-02 1.13984561076E+00 3.42102948562E-02 9.23047850721E-01 2.76865264521E-02 1.06516411849E+00 3.16408485147E-02 9.69380470989E-01 2.93224229047E-02 1.19056720217E+00 3.53773265446E-02 8.77427824957E-01 2.65334341373E-02 
8.00000000000E+01 8.05000000000E+01 8.10000000000E+01 9.82841099135E-01 3.06271029805E-02 1.09853903042E+00 3.42410677116E-02 8.89633156191E-01 2.77171603732E-02 1.02631938742E+00 3.16493540258E-02 9.34405652845E-01 2.93686956583E-02 1.14712788695E+00 3.53830995839E-02 8.45787287900E-01 2.65778772390E-02 
8.10000000000E+01 8.15000000000E+01 8.20000000000E+01 9.06455739451E-01 2.81573211468E-02 1.01321188690E+00 3.14853750045E-02 8.20459872845E-01 2.54785422418E-02 9.54741826414E-01 2.92799825342E-02 8.58603033805E-01 2.68724231400E-02 1.06719448843E+00 3.27400651811E-02 7.77142557913E-01 2.43153897078E-02 
8.20000000000E+01 8.25000000000E+01 8.30000000000E+01 8.29519552752E-01 2.70549397324E-02 9.27135537228E-01 3.02476430100E-02 7.50874327952E-01 2.44843439106E-02 8.70232067447E-01 2.81080127918E-02 7.87105001941E-01 2.58393761848E-02 9.72629416489E-01 3.14239812852E-02 7.12476337012E-01 2.33837994928E-02 
8.30000000000E+01 8.35000000000E+01 8.40000000000E+01 7.96956620796E-01 2.83402822136E-02 8.90967548921E-01 3.17213124928E-02 7.21253055129E-01 2.56242427431E-02 8.34716768205E-01 2.92586738614E-02 7.37032521745E-01 2.59550377312E-02 9.33165903719E-01 3.27461506105E-02 6.67057233063E-01 2.34780545247E-02 
8.40000000000E+01 8.45000000000E+01 8.50000000000E+01 6.64910741492E-01 2.39931534076E-02 7.43248985094E-01 2.68372449177E-02 6.01811618719E-01 2.17053423528E-02 6.99591007772E-01 2.49367735384E-02 6.27875575125E-01 2.28876392408E-02 7.82008423867E-01 2.78910713717E-02 5.68288174224E-01 2.07044705142E-02 
8.50000000000E+01 8.55000000000E+01 8.60000000000E+01 6.99281670773E-01 2.62020812199E-02 7.81583918192E-01 2.92943659050E-02 6.32975072026E-01 2.37122560677E-02 7.35848765330E-01 2.72943010036E-02 6.60358979777E-01 2.49486586206E-02 8.13112214845E-01 3.06824098104E-02 5.97740225003E-01 2.25775924686E-02 
8.60000000000E+01 8.65000000000E+01 8.70000000000E+01 5.71350063048E-01 2.12659978314E-02 6.38683101664E-01 2.37809827715E-02 5.17118172893E-01 1.92419235124E-02 6.02229787816E-01 2.21569513090E-02 5.38956748918E-01 2.02471337903E-02 6.73194339667E-01 2.47762716757E-02 4.87795977893E-01 1.83195266232E-02 
8.70000000000E+01 8.75000000000E+01 8.80000000000E+01 5.67824673201E-01 2.18387073674E-02 6.34678139233E-01 2.44169952459E-02 5.13968305690E-01 1.97628862689E-02 6.00678519702E-01 2.28311961212E-02 5.34703773604E-01 2.07434834184E-02 6.71392637721E-01 2.55258610888E-02 4.83985257651E-01 1.87713781876E-02 
8.80000000000E+01 8.85000000000E+01 8.90000000000E+01 4.81578747613E-01 1.95311965718E-02 5.38296164845E-01 2.18417368144E-02 4.35890565381E-01 1.76716937668E-02 5.08543549605E-01 2.03790798523E-02 4.53478015059E-01 1.85761918090E-02 5.68431412750E-01 2.27890029064E-02 4.10453081804E-01 1.68071519642E-02 
8.90000000000E+01 8.95000000000E+01 9.00000000000E+01 4.46075138443E-01 1.77408789823E-02 4.98567458822E-01 1.98341967211E-02 4.03783246561E-01 1.60553135275E-02 4.72980304194E-01 1.86213251616E-02 4.18597719195E-01 1.67841094567E-02 5.28636253231E-01 2.08182497845E-02 3.78909810440E-01 1.51893149164E-02 
9.00000000000E+01 9.05000000000E+01 9.10000000000E+01 4.43725968103E-01 1.90570539685E-02 5.02788963453E-01 2.25442993678E-02 4.01586928132E-01 1.72369429014E-02 4.70239999672E-01 1.99574886361E-02 4.22143550110E-01 1.90977197302E-02 5.25685056361E-01 2.23272060805E-02 3.82059881875E-01 1.72714374036E-02 
9.10000000000E+01 9.15000000000E+01 9.20000000000E+01 4.03423181144E-01 1.67373332921E-02 4.50886537854E-01 1.87124766240E-02 3.65181751866E-01 1.51470025334E-02 4.28601642050E-01 1.75982847067E-02 3.77803734616E-01 1.58117974628E-02 4.79022811009E-01 1.96743508853E-02 3.41988742660E-01 1.43090836019E-02 
9.20000000000E+01 9.25000000000E+01 9.30000000000E+01 3.59381912573E-01 1.57682115964E-02 4.01751201693E-01 1.76357570455E-02 3.25259115708E-01 1.42656439562E-02 3.82061473754E-01 1.65454225646E-02 3.36017718021E-01 1.49183883901E-02 4.27098424155E-01 1.85040749218E-02 3.04110541021E-01 1.34963494532E-02 
9.30000000000E+01 9.35000000000E+01 9.40000000000E+01 3.12640126208E-01 1.56821012733E-02 3.49362613446E-01 1.75456891711E-02 2.83042319889E-01 1.41837488306E-02 3.32833678179E-01 1.64417886615E-02 2.92146919450E-01 1.48402016533E-02 3.71929406895E-01 1.83948659519E-02 2.64489668329E-01 1.34219371056E-02 
9.40000000000E+01 9.45000000000E+01 9.50000000000E+01 2.90561238935E-01 1.33966660111E-02 3.24763957113E-01 1.49758563455E-02 2.63006633314E-01 1.21248162668E-02 3.09843482443E-01 1.41248133327E-02 2.71198150711E-01 1.26216422691E-02 3.46313523610E-01 1.57895417400E-02 2.45478706773E-01 1.14232329176E-02 
9.50000000000E+01 9.55000000000E+01 9.60000000000E+01 2.68397044496E-01 1.30754082551E-02 2.99972223145E-01 1.46110275011E-02 2.42956682321E-01 1.18377938598E-02 2.86719607059E-01 1.38583975860E-02 2.50142619480E-01 1.22655848202E-02 3.20447833733E-01 1.54855766591E-02 2.26431280241E-01 1.11044139222E-02 
9.60000000000E+01 9.65000000000E+01 9.70000000000E+01 2.43908507167E-01 1.33673961858E-02 2.72626942954E-01 1.49518341515E-02 2.20773209756E-01 1.20927512472E-02 2.60664040450E-01 1.41199708471E-02 2.27220238769E-01 1.25696661011E-02 2.91352963435E-01 1.57933580789E-02 2.05666775335E-01 1.13709844715E-02 
9.70000000000E+01 9.75000000000E+01 9.80000000000E+01 2.31016005742E-01 1.24073811914E-02 2.58250825864E-01 1.38755046755E-02 2.09081899812E-01 1.12259510717E-02 2.46790921752E-01 1.31247302260E-02 2.15270074115E-01 1.16549450300E-02 2.75882520063E-01 1.46773005251E-02 1.94829672703E-01 1.05449631758E-02 
9.80000000000E+01 9.85000000000E+01 9.90000000000E+01 2.18804899318E-01 1.15150213884E-02 2.44514111680E-01 1.28669018356E-02 1.98085349149E-01 1.04253650277E-02 2.35284115665E-01 1.22531006682E-02 2.02787598104E-01 1.07644699530E-02 2.62928779229E-01 1.36915103893E-02 1.83584419925E-01 9.74578087248E-03 
9.90000000000E+01 9.95000000000E+01 1.00000000000E+02 2.17803310470E-01 1.17367815928E-02 2.43435118871E-01 1.31216112377E-02 1.97152562756E-01 1.06216762076E-02 2.33616717670E-01 1.24405876304E-02 2.02294755559E-01 1.10238447472E-02 2.61107571808E-01 1.39081422721E-02 1.83112800492E-01 9.97618172271E-03 
#nx: 3
