#labels: ptz__-0p75__-0p5_lower[1] ptz__-0p75__-0p5_center[2] ptz__-0p75__-0p5_upper[3] tot_scale01[4] tot_scale01_Err[5] tot_scale02[6] tot_scale02_Err[7] tot_scale03[8] tot_scale03_Err[9] tot_scale04[10] tot_scale04_Err[11] tot_scale05[12] tot_scale05_Err[13] tot_scale06[14] tot_scale06_Err[15] tot_scale07[16] tot_scale07_Err[17]
#neval: 20669464888
#overflow:lower center upper 1.45403641826E+03 1.67111355205E+00 1.55692455839E+03 1.92507317100E+00 1.36133705437E+03 1.50734458053E+00 1.45389442510E+03 1.71572604198E+00 1.45760510251E+03 1.71576383756E+00 1.56328329321E+03 1.96242510637E+00 1.36645784721E+03 1.52515790201E+00 
0.00000000000E+00 5.00000000000E-01 1.00000000000E+00 0.00000000000E+00 0.00000000000E+00 0.00000000000E+00 0.00000000000E+00 0.00000000000E+00 0.00000000000E+00 0.00000000000E+00 0.00000000000E+00 0.00000000000E+00 0.00000000000E+00 0.00000000000E+00 0.00000000000E+00 0.00000000000E+00 0.00000000000E+00 
1.00000000000E+00 1.50000000000E+00 2.00000000000E+00 4.38015974141E+03 6.42895081026E+01 -4.05693362003E+03 7.84225430206E+01 9.81817572851E+03 5.41720588724E+01 5.63732918659E+03 5.84763145467E+01 3.09309578618E+03 7.07550234387E+01 -1.33023980813E+03 7.13344338543E+01 9.43409860214E+03 5.95928433455E+01 
2.00000000000E+00 2.50000000000E+00 3.00000000000E+00 8.87352383479E+03 3.57166453634E+01 6.25795152810E+03 4.34636046266E+01 1.04318049474E+04 3.01487008523E+01 8.82813480615E+03 3.23928701712E+01 8.82593514154E+03 3.92031963531E+01 6.77042730657E+03 3.94125434123E+01 1.07259319913E+04 3.30779532950E+01 
3.00000000000E+00 3.50000000000E+00 4.00000000000E+00 8.04342723430E+03 2.58831112774E+01 6.95418732345E+03 3.15502374521E+01 8.61641868227E+03 2.18347558918E+01 7.78372482633E+03 2.35794626322E+01 8.20448639475E+03 2.78785891649E+01 6.99195292705E+03 2.86680971392E+01 8.95866202973E+03 2.35008897353E+01 
4.00000000000E+00 4.50000000000E+00 5.00000000000E+00 6.87225135561E+03 2.08354641486E+01 6.36658360550E+03 2.54349316816E+01 7.08029278535E+03 1.75450026771E+01 6.58491547844E+03 1.89706041738E+01 7.09221758720E+03 2.24022748544E+01 6.26618967379E+03 2.31274223820E+01 7.41190079553E+03 1.88544500497E+01 
5.00000000000E+00 5.50000000000E+00 6.00000000000E+00 5.81556754767E+03 1.64342399264E+01 5.58183870797E+03 2.00262901460E+01 5.86553276770E+03 1.38751764138E+01 5.54956189316E+03 1.50087331874E+01 6.01873976677E+03 1.78867289384E+01 5.44132465559E+03 1.82682471946E+01 6.14407198093E+03 1.50787973489E+01 
6.00000000000E+00 6.50000000000E+00 7.00000000000E+00 4.99130888051E+03 1.45523191261E+01 4.89817112422E+03 1.77562359909E+01 4.96584965447E+03 1.22565041408E+01 4.74078282332E+03 1.40358199681E+01 5.18184299723E+03 1.55309585631E+01 4.73483708573E+03 1.71388018472E+01 5.20936193121E+03 1.30725848995E+01 
7.00000000000E+00 7.50000000000E+00 8.00000000000E+00 4.30109489353E+03 1.22784070481E+01 4.27978783989E+03 1.49723307965E+01 4.23884359076E+03 1.03564996544E+01 4.08335494747E+03 1.12314683806E+01 4.47245338033E+03 1.33129245029E+01 4.13041927704E+03 1.36768186906E+01 4.45058092487E+03 1.11996541751E+01 
8.00000000000E+00 8.50000000000E+00 9.00000000000E+00 3.75017817530E+03 1.11186640463E+01 3.77297431263E+03 1.35745587695E+01 3.66768142466E+03 9.20835480783E+00 3.55617096411E+03 1.01798899054E+01 3.89992758145E+03 1.20413303815E+01 3.63160442822E+03 1.23977686152E+01 3.85069300218E+03 9.94964526323E+00 
9.00000000000E+00 9.50000000000E+00 1.00000000000E+01 3.29805673478E+03 1.02956083272E+01 3.34488110713E+03 1.25766504304E+01 3.21063578398E+03 8.66724097772E+00 3.13091590637E+03 9.43631081450E+00 3.43192387165E+03 1.11427593815E+01 3.21990884615E+03 1.15063238380E+01 3.36828594958E+03 9.36730250752E+00 
1.00000000000E+01 1.05000000000E+01 1.10000000000E+01 2.93694855875E+03 9.25109323249E+00 2.99917343168E+03 1.13096566873E+01 2.84520631010E+03 7.78951032581E+00 2.78672716763E+03 8.48905799855E+00 3.05944617992E+03 1.00118345999E+01 2.88492157736E+03 1.03506937076E+01 2.98687662935E+03 8.41018880766E+00 
1.10000000000E+01 1.15000000000E+01 1.20000000000E+01 2.64476525932E+03 8.28319623064E+00 2.71774085089E+03 1.01114637995E+01 2.54946739658E+03 6.98150473985E+00 2.50786197125E+03 7.61698644248E+00 2.75195056930E+03 8.94642487811E+00 2.61086165336E+03 9.27707970482E+00 2.67366597735E+03 7.52221950030E+00 
1.20000000000E+01 1.25000000000E+01 1.30000000000E+01 2.37080030857E+03 8.12437388365E+00 2.44766473927E+03 9.93169637411E+00 2.28035065479E+03 6.83617075867E+00 2.24409261835E+03 7.12087844921E+00 2.46626811694E+03 8.64284459691E+00 2.34211029704E+03 8.66452080320E+00 2.39020158026E+03 7.25462212091E+00 
1.30000000000E+01 1.35000000000E+01 1.40000000000E+01 2.14831265345E+03 7.02930172693E+00 2.22467573083E+03 8.57854754525E+00 2.06113847196E+03 5.93537685371E+00 2.03867758410E+03 6.47429210135E+00 2.23528014477E+03 7.60356525290E+00 2.13623879132E+03 7.87463536516E+00 2.15979403993E+03 6.39846343986E+00 
1.40000000000E+01 1.45000000000E+01 1.50000000000E+01 1.94438729150E+03 6.56234780096E+00 2.01677022307E+03 8.00119609563E+00 1.86361271720E+03 5.53788768294E+00 1.84507831547E+03 6.03302275953E+00 2.02366740866E+03 7.12249751359E+00 1.93654624364E+03 7.33775078910E+00 1.95265029043E+03 5.98870508460E+00 
1.50000000000E+01 1.55000000000E+01 1.60000000000E+01 1.77734799167E+03 6.34990345560E+00 1.84807857658E+03 7.75656284513E+00 1.69891617546E+03 5.35193996465E+00 1.68962580608E+03 5.86721784765E+00 1.84542327122E+03 6.73941142140E+00 1.77793321171E+03 7.14242502075E+00 1.77771303622E+03 5.66637031734E+00 
1.60000000000E+01 1.65000000000E+01 1.70000000000E+01 1.63046366636E+03 5.91575890481E+00 1.70233602058E+03 7.22948643635E+00 1.55535607105E+03 4.98918341020E+00 1.54886031219E+03 5.45968235252E+00 1.69677026087E+03 6.36955400463E+00 1.63375610923E+03 6.64504383177E+00 1.62942518881E+03 5.34960901444E+00 
1.70000000000E+01 1.75000000000E+01 1.80000000000E+01 1.49098188951E+03 5.72083191968E+00 1.55801782018E+03 6.99879090241E+00 1.42111734835E+03 4.82059054484E+00 1.41697410159E+03 5.28752788104E+00 1.54845715925E+03 5.88497024888E+00 1.49733015378E+03 6.44587353242E+00 1.48569273772E+03 4.94600206267E+00 
1.80000000000E+01 1.85000000000E+01 1.90000000000E+01 1.37233627840E+03 5.27407762425E+00 1.43464913300E+03 6.44283324626E+00 1.30743318859E+03 4.44367788916E+00 1.30761033107E+03 4.88067799620E+00 1.42335323170E+03 5.63118426552E+00 1.38212208445E+03 5.94239783461E+00 1.36535251660E+03 4.73136561170E+00 
1.90000000000E+01 1.95000000000E+01 2.00000000000E+01 1.28088921732E+03 5.20853282517E+00 1.34381075055E+03 6.36488929385E+00 1.21669591543E+03 4.38531517621E+00 1.21918296641E+03 4.80501740328E+00 1.33083563208E+03 5.59287347123E+00 1.29340989744E+03 5.85461000748E+00 1.27226553035E+03 4.69372140929E+00 
2.00000000000E+01 2.05000000000E+01 2.10000000000E+01 1.17579176470E+03 4.93309371289E+00 1.23314494949E+03 6.03953119675E+00 1.11715437168E+03 4.15090137576E+00 1.11994180583E+03 4.54097446657E+00 1.22000736082E+03 5.29323451750E+00 1.18720334152E+03 5.53963221550E+00 1.16694758756E+03 4.43739710731E+00 
2.10000000000E+01 2.15000000000E+01 2.20000000000E+01 1.09245908428E+03 4.64359524906E+00 1.14781235807E+03 5.67978438771E+00 1.03753827871E+03 3.91428024373E+00 1.04278158892E+03 4.23987085586E+00 1.13392969752E+03 4.99412076807E+00 1.10651953253E+03 5.16031704005E+00 1.08319958471E+03 4.19063344307E+00 
2.20000000000E+01 2.25000000000E+01 2.30000000000E+01 1.02166769677E+03 4.35639457366E+00 1.07524654769E+03 5.32351033671E+00 9.69323278658E+02 3.67008577298E+00 9.74044480350E+02 4.04534536897E+00 1.06074101340E+03 4.68047341643E+00 1.03463833556E+03 4.93029525768E+00 1.01184958640E+03 3.93121357894E+00 
2.30000000000E+01 2.35000000000E+01 2.40000000000E+01 9.56931793485E+02 4.19773937306E+00 1.00898619986E+03 5.13875085102E+00 9.06335253412E+02 3.53989251271E+00 9.12595154508E+02 3.90147718043E+00 9.92715167178E+02 4.50769605252E+00 9.71831857652E+02 4.75148718192E+00 9.45557686350E+02 3.78335404040E+00 
2.40000000000E+01 2.45000000000E+01 2.50000000000E+01 8.97994585095E+02 4.04859902592E+00 9.47019568623E+02 4.95133935508E+00 8.49932069444E+02 3.41290187698E+00 8.57083930713E+02 3.76124947922E+00 9.31608022996E+02 4.33548984301E+00 9.13083007027E+02 4.58044967915E+00 8.86598549991E+02 3.64360777436E+00 
2.50000000000E+01 2.55000000000E+01 2.60000000000E+01 8.37898886068E+02 4.02245733864E+00 8.84626173047E+02 4.92368884523E+00 7.92738035469E+02 3.38573941290E+00 7.99251691872E+02 3.70899729957E+00 8.68395760222E+02 4.31263898189E+00 8.51935766840E+02 4.53894755141E+00 8.26386533219E+02 3.61161848110E+00 
2.60000000000E+01 2.65000000000E+01 2.70000000000E+01 7.80558485702E+02 3.79182985274E+00 8.23687444203E+02 4.64081406936E+00 7.38392628515E+02 3.19224858258E+00 7.44387402574E+02 3.46620530441E+00 8.07975305521E+02 4.04263993169E+00 7.93397715377E+02 4.22513090779E+00 7.68964546863E+02 3.39126447536E+00 
2.70000000000E+01 2.75000000000E+01 2.80000000000E+01 7.36396108961E+02 3.59243563128E+00 7.77624389988E+02 4.39210230838E+00 6.96637363475E+02 3.02905767043E+00 7.05050514398E+02 3.34328732237E+00 7.61564873750E+02 3.84134951548E+00 7.52433288393E+02 4.07273443365E+00 7.24542685074E+02 3.22438212650E+00 
2.80000000000E+01 2.85000000000E+01 2.90000000000E+01 6.91235287538E+02 3.51172906346E+00 7.30394116429E+02 4.29614801270E+00 6.53539942654E+02 2.95825449360E+00 6.60702873774E+02 3.27276834225E+00 7.15079358554E+02 3.77099982708E+00 7.04684303386E+02 3.98885822790E+00 6.80088591075E+02 3.16296065992E+00 
2.90000000000E+01 2.95000000000E+01 3.00000000000E+01 6.51136600321E+02 3.32524311921E+00 6.88511014320E+02 4.06472750758E+00 6.15530017011E+02 2.83952296603E+00 6.23937729679E+02 3.09746713504E+00 6.73262524903E+02 3.60739013423E+00 6.65472186654E+02 3.77077904594E+00 6.39875057682E+02 3.02568180399E+00 
3.00000000000E+01 3.05000000000E+01 3.10000000000E+01 6.12456721004E+02 3.29639795954E+00 6.47408875624E+02 4.03683964683E+00 5.78841590836E+02 2.77122940550E+00 5.86440685783E+02 3.08452609675E+00 6.32815045073E+02 3.51741813377E+00 6.25917066509E+02 3.76327977206E+00 6.01534768049E+02 2.94858260691E+00 
3.10000000000E+01 3.15000000000E+01 3.20000000000E+01 5.74595513497E+02 3.19431529337E+00 6.06706986973E+02 3.90852332666E+00 5.43259474781E+02 2.69004678108E+00 5.51266904912E+02 2.99013717905E+00 5.92898889459E+02 3.38664889480E+00 5.88340745370E+02 3.64570232919E+00 5.64117272400E+02 2.84210871425E+00 
3.20000000000E+01 3.25000000000E+01 3.30000000000E+01 5.57252363683E+02 3.03797959468E+00 5.90789109252E+02 3.71901983135E+00 5.25357281843E+02 2.56296502516E+00 5.35144037552E+02 2.84753281209E+00 5.74695217193E+02 3.21923028425E+00 5.73123217444E+02 3.47035162346E+00 5.45231756879E+02 2.70472044482E+00 
3.30000000000E+01 3.35000000000E+01 3.40000000000E+01 5.21005921141E+02 2.96505021558E+00 5.52368008456E+02 3.62759533832E+00 4.91659091760E+02 2.49672049378E+00 4.99322289928E+02 2.77613613977E+00 5.38336666021E+02 3.16541081375E+00 5.33656177815E+02 3.38550188895E+00 5.10443068938E+02 2.65629857101E+00 
3.40000000000E+01 3.45000000000E+01 3.50000000000E+01 4.90491319827E+02 2.90665570635E+00 5.19367143633E+02 3.56479673516E+00 4.62943815990E+02 2.44928848073E+00 4.70922226442E+02 2.73464531400E+00 5.05649044266E+02 3.09326906740E+00 5.03160774495E+02 3.33469378282E+00 4.80003550994E+02 2.59050764522E+00 
3.50000000000E+01 3.55000000000E+01 3.60000000000E+01 4.67437646941E+02 2.74846383912E+00 4.95869750916E+02 3.34886536326E+00 4.40616679333E+02 2.31634083686E+00 4.48935921524E+02 2.55590059854E+00 4.81676342914E+02 2.92750077725E+00 4.80600417065E+02 3.11399841933E+00 4.56603865784E+02 2.45478762202E+00 
3.60000000000E+01 3.65000000000E+01 3.70000000000E+01 4.45635293059E+02 2.85824300986E+00 4.72860108310E+02 3.50648182489E+00 4.19993251141E+02 2.40142690931E+00 4.28904031488E+02 2.69158632143E+00 4.60047356825E+02 3.03442967985E+00 4.59229551942E+02 3.28436115300E+00 4.35614251618E+02 2.53910002649E+00 
3.70000000000E+01 3.75000000000E+01 3.80000000000E+01 4.23635506944E+02 2.69353191191E+00 4.49732627153E+02 3.29922796354E+00 3.98657244806E+02 2.26722533527E+00 4.06179136584E+02 2.52759027231E+00 4.37083759412E+02 2.85975778771E+00 4.35355232842E+02 3.08452110740E+00 4.13780595723E+02 2.39792449222E+00 
3.80000000000E+01 3.85000000000E+01 3.90000000000E+01 3.98578740425E+02 2.63337702149E+00 4.22224876403E+02 3.22845725623E+00 3.75921479875E+02 2.21454292272E+00 3.83214373055E+02 2.47315472718E+00 4.11164143053E+02 2.77480730171E+00 4.09554848735E+02 3.01933364423E+00 3.89951099323E+02 2.32449980573E+00 
3.90000000000E+01 3.95000000000E+01 4.00000000000E+01 3.79402473732E+02 2.58580819077E+00 4.02057496961E+02 3.17160184797E+00 3.58039091139E+02 2.17353338055E+00 3.66153429300E+02 2.41971461180E+00 3.89921171735E+02 2.74923783146E+00 3.91740135360E+02 2.95254441661E+00 3.69772578630E+02 2.30029223127E+00 
4.00000000000E+01 4.05000000000E+01 4.10000000000E+01 3.66492108526E+02 2.53650307579E+00 3.89467028022E+02 3.11207474352E+00 3.44965662380E+02 2.13038463071E+00 3.52613595224E+02 2.37516841407E+00 3.77673179105E+02 2.69298379483E+00 3.77902150845E+02 2.90334257508E+00 3.57385268210E+02 2.25329402054E+00 
4.10000000000E+01 4.15000000000E+01 4.20000000000E+01 3.47867357465E+02 2.39657057193E+00 3.69518205316E+02 2.93823729424E+00 3.27305769389E+02 2.01639333661E+00 3.35227191581E+02 2.25136024377E+00 3.57735025185E+02 2.54473497913E+00 3.59363278658E+02 2.74707863948E+00 3.38700306712E+02 2.13167846457E+00 
4.20000000000E+01 4.25000000000E+01 4.30000000000E+01 3.30288940774E+02 2.30545867541E+00 3.50936755882E+02 2.82436189042E+00 3.10834273560E+02 1.94045045317E+00 3.18715606455E+02 2.17740734456E+00 3.39272084572E+02 2.44351364986E+00 3.41682006514E+02 2.65604404014E+00 3.21043248922E+02 2.04777638683E+00 
4.30000000000E+01 4.35000000000E+01 4.40000000000E+01 3.17881838311E+02 2.22780274235E+00 3.38240706609E+02 2.72951097489E+00 2.99178679593E+02 1.87564778204E+00 3.07211150935E+02 2.10575575716E+00 3.27044025391E+02 2.32925607531E+00 3.29662741079E+02 2.56834603212E+00 3.08988104496E+02 1.95147519227E+00 
4.40000000000E+01 4.45000000000E+01 4.50000000000E+01 3.00753020313E+02 2.19188297459E+00 3.19107061415E+02 2.68268614339E+00 2.83367528495E+02 1.84764694539E+00 2.90610816369E+02 2.05323348563E+00 3.08913510955E+02 2.31642690843E+00 3.11403961158E+02 2.50218489440E+00 2.92590305990E+02 1.94356403732E+00 
4.50000000000E+01 4.55000000000E+01 4.60000000000E+01 2.88500676705E+02 2.11829889248E+00 3.07068249117E+02 2.59608146488E+00 2.71169888076E+02 1.78218618119E+00 2.78482830011E+02 2.00033091826E+00 2.96417685165E+02 2.23929761914E+00 2.99041304912E+02 2.44187729592E+00 2.80035513482E+02 1.87594751754E+00 
4.60000000000E+01 4.65000000000E+01 4.70000000000E+01 2.71715806132E+02 2.05208503547E+00 2.88672333314E+02 2.51296228066E+00 2.56046288340E+02 1.72905883718E+00 2.63311733424E+02 1.93462489560E+00 2.79091257010E+02 2.16231906865E+00 2.82286345704E+02 2.35850581359E+00 2.63976266845E+02 1.81164146489E+00 
4.70000000000E+01 4.75000000000E+01 4.80000000000E+01 2.58787442654E+02 2.01892417409E+00 2.75308812899E+02 2.47449059782E+00 2.43467543097E+02 1.69878104685E+00 2.51214788287E+02 2.16044471794E+00 2.65570690283E+02 2.13999640475E+00 2.69609161274E+02 2.64971847353E+00 2.51065190097E+02 1.79265527110E+00 
4.80000000000E+01 4.85000000000E+01 4.90000000000E+01 2.51815472278E+02 1.98267993589E+00 2.67932664963E+02 2.42994060234E+00 2.37127961832E+02 1.67472636045E+00 2.45046966047E+02 1.89762759171E+00 2.58733225209E+02 2.11963838937E+00 2.62164136091E+02 2.29031305669E+00 2.44476923887E+02 1.77431437061E+00 
4.90000000000E+01 4.95000000000E+01 5.00000000000E+01 2.37333831979E+02 2.00393747424E+00 2.51972311315E+02 2.46068066446E+00 2.23543630951E+02 1.68180085028E+00 2.29678432076E+02 1.90683486749E+00 2.43103625277E+02 2.11297335548E+00 2.45989493293E+02 2.33296264884E+00 2.30489934547E+02 1.76275728275E+00 
5.00000000000E+01 5.05000000000E+01 5.10000000000E+01 2.32786625009E+02 1.86211833754E+00 2.48284611385E+02 2.28183611721E+00 2.18376468736E+02 1.56919478577E+00 2.25117444349E+02 1.77009619386E+00 2.38948668427E+02 1.97485275334E+00 2.42191411767E+02 2.15727529608E+00 2.25326297434E+02 1.65382206767E+00 
5.10000000000E+01 5.15000000000E+01 5.20000000000E+01 2.22648215184E+02 1.79260777240E+00 2.37289935207E+02 2.19565674654E+00 2.08841334389E+02 1.50854960341E+00 2.15842495820E+02 1.70841245738E+00 2.27829136544E+02 1.89066822230E+00 2.32159459278E+02 2.07205503765E+00 2.15037440812E+02 1.58415205948E+00 
5.20000000000E+01 5.25000000000E+01 5.30000000000E+01 2.08810493193E+02 1.74889733443E+00 2.22329326341E+02 2.14067176223E+00 1.96248717600E+02 1.47384709998E+00 2.01809713224E+02 1.64920195966E+00 2.13951205829E+02 1.83729970497E+00 2.16643998587E+02 2.01116196208E+00 2.01979431859E+02 1.54158282282E+00 
5.30000000000E+01 5.35000000000E+01 5.40000000000E+01 2.02117567162E+02 1.70741739823E+00 2.15214356733E+02 2.08752443496E+00 1.90007126190E+02 1.43719810851E+00 1.95786227244E+02 1.88029320716E+00 2.06390029042E+02 1.80272184173E+00 2.11132404484E+02 1.97663128593E+00 1.94933651172E+02 1.51145153699E+00 
5.40000000000E+01 5.45000000000E+01 5.50000000000E+01 1.93067651132E+02 1.68600154871E+00 2.05448049703E+02 2.06657279601E+00 1.81599973068E+02 1.41840539867E+00 1.87320433132E+02 1.58858850495E+00 1.97553882288E+02 1.77012714839E+00 2.01033461396E+02 1.93835114520E+00 1.86690842103E+02 1.48315404135E+00 
5.50000000000E+01 5.55000000000E+01 5.60000000000E+01 1.86238578825E+02 1.77713141623E+00 1.98671842347E+02 2.17291689999E+00 1.75061036771E+02 1.48942368290E+00 1.80728036665E+02 1.70283528290E+00 1.91021497534E+02 1.84301338849E+00 1.94065084151E+02 2.08626418072E+00 1.80201031199E+02 1.53440099430E+00 
5.60000000000E+01 5.65000000000E+01 5.70000000000E+01 1.76091180032E+02 1.56588037068E+00 1.87169617986E+02 1.91810239236E+00 1.65771017184E+02 1.31828368883E+00 1.71146881081E+02 1.48443303357E+00 1.80077060205E+02 1.64610829131E+00 1.83302048476E+02 1.81130399685E+00 1.70284206877E+02 1.37965107772E+00 
5.70000000000E+01 5.75000000000E+01 5.80000000000E+01 1.73573212902E+02 1.60997319783E+00 1.85151612503E+02 1.97370803308E+00 1.62879279784E+02 1.35256070875E+00 1.67766634322E+02 1.52063316653E+00 1.77359842021E+02 1.69526935761E+00 1.80422317541E+02 1.85787121602E+00 1.67260768214E+02 1.41928163122E+00 
5.80000000000E+01 5.85000000000E+01 5.90000000000E+01 1.63233717927E+02 1.63575661226E+00 1.73853515727E+02 2.00930283372E+00 1.53363683048E+02 1.37145922282E+00 1.58492796327E+02 1.55172409155E+00 1.67014548988E+02 1.73164001074E+00 1.70194306165E+02 1.89978043394E+00 1.57693355821E+02 1.44621469787E+00 
5.90000000000E+01 5.95000000000E+01 6.00000000000E+01 1.59458395338E+02 1.58416683562E+00 1.70125626649E+02 1.94469631717E+00 1.49816547706E+02 1.32847898542E+00 1.55217470110E+02 1.50678216940E+00 1.63130020816E+02 1.66114562737E+00 1.66754357629E+02 1.84440010371E+00 1.53830701220E+02 1.38882765255E+00 
6.00000000000E+01 6.05000000000E+01 6.10000000000E+01 1.53105828101E+02 1.57457568542E+00 1.63405545310E+02 1.92547975277E+00 1.43697619497E+02 1.31598345926E+00 1.48639094403E+02 1.48381554666E+00 1.56643778432E+02 1.63268561191E+00 1.59891428976E+02 1.81700597350E+00 1.47544709293E+02 1.36420785677E+00 
6.10000000000E+01 6.15000000000E+01 6.20000000000E+01 1.45606988873E+02 1.39729071215E+00 1.55289363769E+02 1.71098504680E+00 1.36720909063E+02 1.17722522129E+00 1.41617945664E+02 1.34341302905E+00 1.48812012286E+02 1.47530555223E+00 1.52261328069E+02 1.63875530812E+00 1.40487639538E+02 1.23658136184E+00 
6.20000000000E+01 6.25000000000E+01 6.30000000000E+01 1.42415413418E+02 1.39347480731E+00 1.52444164531E+02 1.70945488183E+00 1.33430533563E+02 1.17102720031E+00 1.38728103839E+02 1.32799930319E+00 1.45835769442E+02 1.46801925255E+00 1.49555091170E+02 1.62272925609E+00 1.37030040890E+02 1.22848388667E+00 
6.30000000000E+01 6.35000000000E+01 6.40000000000E+01 1.34616483048E+02 1.39270583105E+00 1.43405853764E+02 1.70934933526E+00 1.26390684085E+02 1.16927188707E+00 1.31369736626E+02 1.33348550046E+00 1.37639531265E+02 1.45588439037E+00 1.41093806003E+02 1.63211718732E+00 1.29872673404E+02 1.21615545028E+00 
6.40000000000E+01 6.45000000000E+01 6.50000000000E+01 1.28924920813E+02 1.37940342033E+00 1.37812677131E+02 1.71989312258E+00 1.20986719352E+02 1.15755333307E+00 1.25664099349E+02 1.31198675466E+00 1.32090835055E+02 1.45772003495E+00 1.35133960515E+02 1.60599938484E+00 1.24382812296E+02 1.21747616338E+00 
6.50000000000E+01 6.55000000000E+01 6.60000000000E+01 1.24636514712E+02 1.27698739410E+00 1.32957344431E+02 1.56536490369E+00 1.16949209906E+02 1.07410114271E+00 1.20931149602E+02 1.22356909033E+00 1.27405664348E+02 1.33518911245E+00 1.29965860227E+02 1.49320100988E+00 1.20029785419E+02 1.11829903969E+00 
6.60000000000E+01 6.65000000000E+01 6.70000000000E+01 1.20598781689E+02 1.23072979402E+00 1.28506592775E+02 1.50641835504E+00 1.13415596241E+02 1.03615007375E+00 1.18035485072E+02 1.17101403794E+00 1.22999813786E+02 1.27149329891E+00 1.26716492484E+02 1.42851988268E+00 1.16078036744E+02 1.06760536898E+00 
6.70000000000E+01 6.75000000000E+01 6.80000000000E+01 1.14833051991E+02 1.31630794430E+00 1.22499108663E+02 1.61721023736E+00 1.07830484543E+02 1.10332985166E+00 1.12047886801E+02 1.25143024655E+00 1.17187780933E+02 1.37857957146E+00 1.20359917989E+02 1.53247322315E+00 1.10461585143E+02 1.15160043189E+00 
6.80000000000E+01 6.85000000000E+01 6.90000000000E+01 1.13617744404E+02 1.31710348359E+00 1.21664297641E+02 1.62077134120E+00 1.06293412310E+02 1.10237071423E+00 1.10713724967E+02 1.26006054631E+00 1.15889559745E+02 1.38306748837E+00 1.19355690876E+02 1.54526628086E+00 1.08808134036E+02 1.15302353670E+00 
6.90000000000E+01 6.95000000000E+01 7.00000000000E+01 1.05513946791E+02 1.22247615531E+00 1.12512610739E+02 1.50158852859E+00 9.92581811478E+01 1.02547752535E+00 1.03212608486E+02 1.16653917952E+00 1.07622165930E+02 1.26110495037E+00 1.10931863762E+02 1.42764346384E+00 1.01542851891E+02 1.05476392255E+00 
7.00000000000E+01 7.05000000000E+01 7.10000000000E+01 1.04136035223E+02 1.21500265408E+00 1.11518196410E+02 1.49282772979E+00 9.75487335869E+01 1.01820874648E+00 1.02072382735E+02 1.18023319850E+00 1.05920270820E+02 1.25666203118E+00 1.09975795261E+02 1.44547879120E+00 9.96440158117E+01 1.04993395702E+00 
7.10000000000E+01 7.15000000000E+01 7.20000000000E+01 9.97518549276E+01 1.12827316062E+00 1.06355921667E+02 1.38259020911E+00 9.36218929771E+01 9.49293980088E-01 9.74458514825E+01 1.10750329668E+00 1.01594094823E+02 1.16861136100E+00 1.04626489905E+02 1.35346965998E+00 9.57078980657E+01 9.79312289075E-01 
7.20000000000E+01 7.25000000000E+01 7.30000000000E+01 9.49009020606E+01 1.12164929542E+00 1.01172817677E+02 1.37638822098E+00 8.90130036888E+01 9.41624685822E-01 9.27002499658E+01 1.08336504324E+00 9.65157177067E+01 1.15352455183E+00 9.96992123630E+01 1.31538572568E+00 9.09647453059E+01 9.65553545991E-01 
7.30000000000E+01 7.35000000000E+01 7.40000000000E+01 9.41375410512E+01 1.06291179318E+00 1.00651134638E+02 1.30237659726E+00 8.82661963271E+01 8.94425236808E-01 9.19942674743E+01 1.02228645360E+00 9.59110624618E+01 1.10647116139E+00 9.90116680923E+01 1.24820251691E+00 9.01786041757E+01 9.27088339153E-01 
7.40000000000E+01 7.45000000000E+01 7.50000000000E+01 9.02944713025E+01 1.00958234913E+00 9.64810570642E+01 1.23450560322E+00 8.46502957841E+01 8.50972515202E-01 8.83791453121E+01 9.74529042410E-01 9.16182905741E+01 1.04912704432E+00 9.51096488046E+01 1.18814341152E+00 8.62537680774E+01 8.81267785716E-01 
7.50000000000E+01 7.55000000000E+01 7.60000000000E+01 8.73262100955E+01 1.07788877703E+00 9.35818115639E+01 1.32420223398E+00 8.17336968182E+01 9.04548528337E-01 8.51874815270E+01 1.04801627265E+00 8.91842282380E+01 1.12048939123E+00 9.18981775484E+01 1.28227864330E+00 8.37697100495E+01 9.36370798840E-01 
7.60000000000E+01 7.65000000000E+01 7.70000000000E+01 8.36711639071E+01 1.06501453487E+00 8.93611038401E+01 1.30668461423E+00 7.85401485663E+01 8.94741620721E-01 8.17730766924E+01 1.03034976609E+00 8.51913394577E+01 1.08843434937E+00 8.78340760935E+01 1.25992396076E+00 8.02456321626E+01 9.11550790620E-01 
7.70000000000E+01 7.75000000000E+01 7.80000000000E+01 8.08486934248E+01 9.96460206251E-01 8.66332778989E+01 1.22128183458E+00 7.56480192417E+01 8.37857552743E-01 7.94696910448E+01 9.58622085874E-01 8.22180811340E+01 1.02969628241E+00 8.57485109560E+01 1.17173082800E+00 7.72889328977E+01 8.64864142414E-01 
7.80000000000E+01 7.85000000000E+01 7.90000000000E+01 7.66716231153E+01 9.39888656882E-01 8.16623431902E+01 1.15030976746E+00 7.22010676962E+01 8.04174903012E-01 7.49315575745E+01 9.05415372334E-01 7.84590960534E+01 9.81472445755E-01 8.04078826065E+01 1.10407193152E+00 7.39320649068E+01 8.22861035776E-01 
7.90000000000E+01 7.95000000000E+01 8.00000000000E+01 7.48849081925E+01 9.49387087914E-01 7.99888436249E+01 1.16377608274E+00 7.02012543559E+01 7.98115940967E-01 7.34538907562E+01 9.12052358063E-01 7.60144796973E+01 9.77931650974E-01 7.89316670832E+01 1.11636078986E+00 7.15595596112E+01 8.19531899691E-01 
8.00000000000E+01 8.05000000000E+01 8.10000000000E+01 7.25212256989E+01 9.15543771658E-01 7.75019341314E+01 1.12100427293E+00 6.78999517849E+01 7.71196620316E-01 7.05547603304E+01 8.89151491923E-01 7.37588018307E+01 9.47367038887E-01 7.59989481019E+01 1.08488142051E+00 6.93237396990E+01 7.94613135131E-01 
8.10000000000E+01 8.15000000000E+01 8.20000000000E+01 7.01398838037E+01 8.57059768573E-01 7.49558231555E+01 1.04885525144E+00 6.58362032854E+01 7.22902866574E-01 6.89132187150E+01 8.27869293810E-01 7.15199360836E+01 8.88552811410E-01 7.41115758605E+01 1.00877947397E+00 6.72528402790E+01 7.45426310995E-01 
8.20000000000E+01 8.25000000000E+01 8.30000000000E+01 6.64431897385E+01 8.65908540739E-01 7.08764465463E+01 1.05734926446E+00 6.22850065519E+01 7.28271037396E-01 6.49508197091E+01 8.34192584247E-01 6.75032691583E+01 8.92459678844E-01 6.98887049068E+01 1.01894133428E+00 6.34739196912E+01 7.46249959286E-01 
8.30000000000E+01 8.35000000000E+01 8.40000000000E+01 6.55059571971E+01 8.27824171863E-01 6.97928194077E+01 1.01263758327E+00 6.15121734554E+01 6.98068399249E-01 6.43565268025E+01 8.00282421629E-01 6.67859506745E+01 8.85515039294E-01 6.90585320048E+01 9.74909887947E-01 6.29028275514E+01 7.42572368516E-01 
8.40000000000E+01 8.45000000000E+01 8.50000000000E+01 6.30267722674E+01 9.05780125696E-01 6.76271520957E+01 1.11419920828E+00 5.88904448518E+01 7.58723477007E-01 6.17430389156E+01 8.81011532780E-01 6.44430795917E+01 9.33150318316E-01 6.66717806782E+01 1.08433296050E+00 6.03242192848E+01 7.79196852926E-01 
8.50000000000E+01 8.55000000000E+01 8.60000000000E+01 5.96172508531E+01 9.92542086649E-01 6.36311149674E+01 1.22432083680E+00 5.59024310870E+01 8.28859945735E-01 5.87101381042E+01 9.85176245716E-01 6.02558348529E+01 1.00832989179E+00 6.31311507369E+01 1.21293612584E+00 5.67839852817E+01 8.39205101794E-01 
8.60000000000E+01 8.65000000000E+01 8.70000000000E+01 5.84981951968E+01 9.07506350134E-01 6.25949366542E+01 1.11760676789E+00 5.47930330640E+01 7.59266457820E-01 5.75740002841E+01 8.86848110881E-01 5.94499280001E+01 9.23686191155E-01 6.19935862365E+01 1.08869193232E+00 5.58460468603E+01 7.70359513539E-01 
8.70000000000E+01 8.75000000000E+01 8.80000000000E+01 5.69982785418E+01 8.70484488312E-01 6.09795936345E+01 1.07143548361E+00 5.33245818148E+01 7.28697325104E-01 5.60907899592E+01 8.43218515987E-01 5.77501425090E+01 9.01752237953E-01 6.03982374644E+01 1.03424751537E+00 5.43203186476E+01 7.52461143101E-01 
8.80000000000E+01 8.85000000000E+01 8.90000000000E+01 5.54207014883E+01 8.16466335451E-01 5.94157955427E+01 1.00371754892E+00 5.17678772905E+01 6.84556785957E-01 5.39826311973E+01 8.19822684374E-01 5.61169682548E+01 8.45740551343E-01 5.80761014685E+01 1.00528476185E+00 5.26507933085E+01 7.06292326718E-01 
8.90000000000E+01 8.95000000000E+01 9.00000000000E+01 5.25140829421E+01 7.64086140639E-01 5.60099190642E+01 9.37603815265E-01 4.93188585934E+01 6.42181506081E-01 5.19039750179E+01 7.43588931264E-01 5.31260707783E+01 7.88647685577E-01 5.56962335830E+01 9.09943784202E-01 5.00438943336E+01 6.60049834092E-01 
9.00000000000E+01 9.05000000000E+01 9.10000000000E+01 5.05059602242E+01 7.12301647692E-01 5.40090623436E+01 8.72616062365E-01 4.74665672078E+01 6.00579300549E-01 4.97740142993E+01 6.95501739321E-01 5.13369309670E+01 7.30899882260E-01 5.34576909277E+01 8.48440143094E-01 4.82335859682E+01 6.13016024542E-01 
9.10000000000E+01 9.15000000000E+01 9.20000000000E+01 5.00646189981E+01 7.12914099451E-01 5.36355612185E+01 8.73849023354E-01 4.68894282352E+01 5.99618698482E-01 4.93144837296E+01 6.92130087596E-01 5.03479918809E+01 7.31985258285E-01 5.30990369211E+01 8.45889679984E-01 4.74416134131E+01 6.16498257895E-01 
9.20000000000E+01 9.25000000000E+01 9.30000000000E+01 4.77482181389E+01 6.61244205429E-01 5.09814505973E+01 8.09653160416E-01 4.47379998897E+01 5.57499421336E-01 4.70327343833E+01 6.43448655410E-01 4.83133635838E+01 6.82423441347E-01 5.06062473718E+01 7.84061520487E-01 4.54220542767E+01 5.72545474725E-01 
9.30000000000E+01 9.35000000000E+01 9.40000000000E+01 4.80947307572E+01 6.67786202088E-01 5.16042419350E+01 8.17452078352E-01 4.48671726381E+01 5.62516731533E-01 4.74419500450E+01 6.49603001787E-01 4.86640188811E+01 6.88830977667E-01 5.12998146532E+01 7.92282728349E-01 4.56129144997E+01 5.78133472728E-01 
9.40000000000E+01 9.45000000000E+01 9.50000000000E+01 4.44355018561E+01 6.48723492553E-01 4.74827649041E+01 7.94519218070E-01 4.16434391748E+01 5.44925429244E-01 4.37831930066E+01 6.28351204797E-01 4.49281783804E+01 6.73690648170E-01 4.68712083366E+01 7.63149925883E-01 4.22098451063E+01 5.64703865599E-01 
9.50000000000E+01 9.55000000000E+01 9.60000000000E+01 4.46079779228E+01 6.59267861572E-01 4.80558726445E+01 8.22239817925E-01 4.16858842947E+01 5.54944264821E-01 4.37926505285E+01 6.59568719224E-01 4.53237205098E+01 6.79136620324E-01 4.74448882646E+01 7.89905527694E-01 4.24643798765E+01 5.69288037369E-01 
9.60000000000E+01 9.65000000000E+01 9.70000000000E+01 4.22299013424E+01 6.46752417475E-01 4.52518919079E+01 7.93175371897E-01 3.94812526516E+01 5.44586951147E-01 4.14926018316E+01 6.29661132932E-01 4.25019506846E+01 6.70355154143E-01 4.47290424381E+01 7.68045459052E-01 3.99079030519E+01 5.61358405871E-01 
9.70000000000E+01 9.75000000000E+01 9.80000000000E+01 4.16731612816E+01 6.13517290199E-01 4.46000163648E+01 7.51747014014E-01 3.89850604409E+01 5.16685282338E-01 4.10872704129E+01 6.00624616254E-01 4.21349716235E+01 6.32070816981E-01 4.42520099895E+01 7.32888701806E-01 3.95511216672E+01 5.30012194367E-01 
9.80000000000E+01 9.85000000000E+01 9.90000000000E+01 4.06568184298E+01 6.26565223906E-01 4.36355620829E+01 7.66470228165E-01 3.79998230179E+01 5.26143975809E-01 4.01332402473E+01 6.13408891773E-01 4.11654714410E+01 6.39018554440E-01 4.33031738327E+01 7.49715054357E-01 3.85839165484E+01 5.34965101949E-01 
9.90000000000E+01 9.95000000000E+01 1.00000000000E+02 3.96104945836E+01 5.90701068130E-01 4.24234266965E+01 7.23133752157E-01 3.70863876596E+01 4.97775286524E-01 3.91685751928E+01 5.76194637033E-01 3.99833822088E+01 6.06203436454E-01 4.21980948426E+01 7.02852068685E-01 3.74921471371E+01 5.08870967231E-01 
#nx: 3
