#labels: ptz__-2p5__-2p25_lower[1] ptz__-2p5__-2p25_center[2] ptz__-2p5__-2p25_upper[3] tot_scale01[4] tot_scale01_Err[5] tot_scale02[6] tot_scale02_Err[7] tot_scale03[8] tot_scale03_Err[9] tot_scale04[10] tot_scale04_Err[11] tot_scale05[12] tot_scale05_Err[13] tot_scale06[14] tot_scale06_Err[15] tot_scale07[16] tot_scale07_Err[17]
#neval: 19373875346
#overflow:lower center upper 3.21924891196E+02 8.07056173419E-01 3.28097736159E+02 9.91752074122E-01 3.12482559141E+02 7.28634188819E-01 3.41877529098E+02 9.28979712947E-01 3.13079733857E+02 7.92180228407E-01 3.54572387414E+02 1.09024785947E+00 3.05620103353E+02 6.76188624994E-01 
0.00000000000E+00 5.00000000000E-01 1.00000000000E+00 0.00000000000E+00 0.00000000000E+00 0.00000000000E+00 0.00000000000E+00 0.00000000000E+00 0.00000000000E+00 0.00000000000E+00 0.00000000000E+00 0.00000000000E+00 0.00000000000E+00 0.00000000000E+00 0.00000000000E+00 0.00000000000E+00 0.00000000000E+00 
1.00000000000E+00 1.50000000000E+00 2.00000000000E+00 -2.36378423847E+04 5.80835478338E+01 -3.32399491897E+04 7.14300653368E+01 -1.69304031600E+04 4.85059724430E+01 -1.98345226690E+04 5.61366952945E+01 -2.70819151650E+04 6.24095205256E+01 -2.81003893866E+04 6.94349223818E+01 -1.95231099337E+04 5.21395581964E+01 
2.00000000000E+00 2.50000000000E+00 3.00000000000E+00 -6.71511888708E+03 2.97643766862E+01 -1.02573260208E+04 3.64813234924E+01 -4.27514933547E+03 2.49693064039E+01 -5.30383667133E+03 2.83833358973E+01 -8.01245016786E+03 3.21905364154E+01 -8.29776304506E+03 3.48076738956E+01 -5.22299030820E+03 2.69727652403E+01 
3.00000000000E+00 3.50000000000E+00 4.00000000000E+00 -2.49795288709E+03 2.10775769625E+01 -4.32002379657E+03 2.58270574327E+01 -1.26223284868E+03 1.76773545460E+01 -1.76302662100E+03 1.95446865575E+01 -3.17591660462E+03 2.27028807927E+01 -3.27385316805E+03 2.39386228097E+01 -1.74391158704E+03 1.90218523221E+01 
4.00000000000E+00 4.50000000000E+00 5.00000000000E+00 -9.63486523415E+02 1.66057142635E+01 -2.02678016508E+03 2.47790212355E+01 -2.30052965057E+02 1.39132185957E+01 -4.94752917508E+02 1.84983440822E+01 -1.38135589112E+03 1.78431965929E+01 -1.38147681685E+03 2.28043855962E+01 -5.21448240392E+02 1.49152853141E+01 
5.00000000000E+00 5.50000000000E+00 6.00000000000E+00 -2.84136455503E+02 1.43431845171E+01 -9.98230699281E+02 1.76446765285E+01 1.87234399776E+02 1.19872225466E+01 1.18694320299E+01 1.32233553670E+01 -5.66865819184E+02 1.50779258454E+01 -5.60741544542E+02 1.62240909605E+01 -4.45841291713E+00 1.25865239178E+01 
6.00000000000E+00 6.50000000000E+00 7.00000000000E+00 5.44789209022E+01 1.14586621390E+01 -4.44055468631E+02 1.40667913020E+01 3.81493197977E+02 9.61271254478E+00 2.76598818646E+02 1.06851610100E+01 -1.52921269016E+02 1.22829148864E+01 -1.14702398519E+02 1.30848244739E+01 2.40406247744E+02 1.02679729771E+01 
7.00000000000E+00 7.50000000000E+00 8.00000000000E+00 2.14238507154E+02 1.00158263273E+01 -1.47567951786E+02 1.23085115407E+01 4.48001456455E+02 8.39278269082E+00 3.78001608352E+02 9.36125876896E+00 6.08787910777E+01 1.07340083497E+01 9.86358325268E+01 1.14673277673E+01 3.45796767392E+02 8.96042836311E+00 
8.00000000000E+00 8.50000000000E+00 9.00000000000E+00 3.07614894550E+02 9.17730071561E+00 3.77319284851E+01 1.12988799239E+01 4.78814615173E+02 7.67822517526E+00 4.37081608263E+02 8.59504445983E+00 1.88861186098E+02 9.84399318363E+00 2.34031169117E+02 1.05479654588E+01 4.01872743933E+02 8.20527330384E+00 
9.00000000000E+00 9.50000000000E+00 1.00000000000E+01 3.41145694755E+02 8.06961871843E+00 1.32463135316E+02 9.93399585015E+00 4.72198169365E+02 6.75275750512E+00 4.43180585864E+02 7.72125799839E+00 2.45085209470E+02 8.61962112364E+00 2.89560630671E+02 9.47768531500E+00 4.10322828659E+02 7.18337704542E+00 
1.00000000000E+01 1.05000000000E+01 1.10000000000E+01 3.46750601284E+02 7.61457183245E+00 1.79082078811E+02 9.38590770742E+00 4.50536647504E+02 6.36154103009E+00 4.32752346848E+02 7.18352658702E+00 2.67785977928E+02 8.13459889483E+00 3.12113191082E+02 8.82119256727E+00 3.99803973977E+02 6.76878442618E+00 
1.10000000000E+01 1.15000000000E+01 1.20000000000E+01 3.61475415894E+02 6.87278720822E+00 2.31437512149E+02 8.46833694226E+00 4.40645809749E+02 5.74562804010E+00 4.30770059009E+02 6.43939452786E+00 2.98647027643E+02 7.31585023067E+00 3.39302565324E+02 7.90163767452E+00 4.01448226020E+02 6.08890243349E+00 
1.20000000000E+01 1.25000000000E+01 1.30000000000E+01 3.42923770552E+02 6.25663437365E+00 2.33641286581E+02 7.70493624682E+00 4.09413302339E+02 5.22951689290E+00 4.05117771078E+02 5.86950572944E+00 2.86850575284E+02 6.64682070222E+00 3.30013226081E+02 7.19914619242E+00 3.74604697079E+02 5.53645758034E+00 
1.30000000000E+01 1.35000000000E+01 1.40000000000E+01 3.31451815700E+02 5.81514803790E+00 2.41086724390E+02 7.16691727696E+00 3.85178053174E+02 4.85968278059E+00 3.84371360273E+02 5.47343433616E+00 2.83311362450E+02 6.17715518579E+00 3.23682311547E+02 6.71682026106E+00 3.55016608907E+02 5.13921695134E+00 
1.40000000000E+01 1.45000000000E+01 1.50000000000E+01 3.33469810893E+02 5.69885697916E+00 2.59577135888E+02 6.92438105320E+00 3.74717671124E+02 4.74983465294E+00 3.74460485478E+02 5.24593442698E+00 2.92066822841E+02 6.01056551597E+00 3.28052499433E+02 6.44396839612E+00 3.49160986823E+02 4.98619038676E+00 
1.50000000000E+01 1.55000000000E+01 1.60000000000E+01 2.96037679871E+02 5.24208580733E+00 2.31735872572E+02 6.47081872228E+00 3.32926520261E+02 4.37593350961E+00 3.37306524649E+02 4.91681477412E+00 2.58452159632E+02 5.55105109517E+00 2.96555434562E+02 6.03794456495E+00 3.09743597985E+02 4.61102098198E+00 
1.60000000000E+01 1.65000000000E+01 1.70000000000E+01 2.89540921621E+02 4.99630601014E+00 2.36651655749E+02 6.16975169094E+00 3.19536303144E+02 4.16736026439E+00 3.25117427037E+02 4.68038257591E+00 2.58713691017E+02 5.26623308960E+00 2.92746675909E+02 5.75552100273E+00 3.00651829275E+02 4.37309761517E+00 
1.70000000000E+01 1.75000000000E+01 1.80000000000E+01 2.73761037367E+02 4.70967375617E+00 2.28451846180E+02 5.81607926548E+00 2.99036414688E+02 3.93209358300E+00 3.06519851666E+02 4.43882225919E+00 2.45616954423E+02 4.98073632774E+00 2.79919014726E+02 5.45554990505E+00 2.81641326332E+02 4.13539984576E+00 
1.80000000000E+01 1.85000000000E+01 1.90000000000E+01 2.60582635058E+02 4.52058245011E+00 2.21437722979E+02 5.58802675885E+00 2.81975221532E+02 3.76793930889E+00 2.91573748657E+02 4.32905298161E+00 2.33797156001E+02 4.77847615394E+00 2.69025002663E+02 5.32313451119E+00 2.65143859220E+02 3.96337194282E+00 
1.90000000000E+01 1.95000000000E+01 2.00000000000E+01 2.35471919038E+02 4.33352806404E+00 1.98246448723E+02 5.35878107421E+00 2.55883233213E+02 3.60928742604E+00 2.62204653295E+02 4.10320826498E+00 2.11033086871E+02 4.56885808904E+00 2.40352255716E+02 5.05386393141E+00 2.40574163924E+02 3.78761003445E+00 
2.00000000000E+01 2.05000000000E+01 2.10000000000E+01 2.37613037501E+02 3.94473150630E+00 2.08620719465E+02 4.87411248294E+00 2.52346982599E+02 3.28645764860E+00 2.62356444989E+02 3.74685284637E+00 2.15232215282E+02 4.14473898708E+00 2.47669969193E+02 4.60533765301E+00 2.38558982394E+02 3.44005662252E+00 
2.10000000000E+01 2.15000000000E+01 2.20000000000E+01 2.18590470727E+02 3.82457536310E+00 1.91895977618E+02 4.66860556716E+00 2.31876468970E+02 3.18994322042E+00 2.40859167918E+02 3.63718626181E+00 1.99417142437E+02 4.03198967724E+00 2.26570659335E+02 4.42196943326E+00 2.20287515205E+02 3.34230709153E+00 
2.20000000000E+01 2.25000000000E+01 2.30000000000E+01 2.04584297724E+02 3.70548472326E+00 1.81066316388E+02 4.58127916456E+00 2.16568227096E+02 3.08912753483E+00 2.24811042781E+02 3.53248087330E+00 1.87664655030E+02 4.00073465953E+00 2.12600976534E+02 4.34874906133E+00 2.06054827127E+02 3.31411230482E+00 
2.30000000000E+01 2.35000000000E+01 2.40000000000E+01 1.95098053194E+02 3.57923265196E+00 1.74898826106E+02 4.42837950880E+00 2.04774576719E+02 2.98181769592E+00 2.14186811756E+02 3.39995308478E+00 1.78666300703E+02 3.77236704259E+00 2.04501854601E+02 4.18558308907E+00 1.94560098576E+02 3.12412657163E+00 
2.40000000000E+01 2.45000000000E+01 2.50000000000E+01 1.87317663232E+02 3.42779709771E+00 1.69262555252E+02 4.23507961479E+00 1.95677965136E+02 2.85931064403E+00 2.05234861451E+02 3.28747459126E+00 1.72338300163E+02 3.59083945945E+00 1.97575514336E+02 4.04659148202E+00 1.86663980984E+02 2.97993573298E+00 
2.50000000000E+01 2.55000000000E+01 2.60000000000E+01 1.77208657912E+02 3.25881075349E+00 1.62565609535E+02 4.02832101079E+00 1.84188180885E+02 2.71617432270E+00 1.92758068256E+02 3.11008280582E+00 1.64363703815E+02 3.42577865349E+00 1.86610607274E+02 3.82574343440E+00 1.76271128910E+02 2.83322486328E+00 
2.60000000000E+01 2.65000000000E+01 2.70000000000E+01 1.62134721441E+02 3.56304120265E+00 1.46314866283E+02 4.40869251747E+00 1.69652399547E+02 2.95776132147E+00 1.77696559846E+02 3.32980852462E+00 1.49215921153E+02 3.76494104448E+00 1.70665573873E+02 4.11065276689E+00 1.61281630899E+02 3.11186378151E+00 
2.70000000000E+01 2.75000000000E+01 2.80000000000E+01 1.60964667003E+02 3.50045728721E+00 1.48804907534E+02 4.34291150669E+00 1.66177421560E+02 2.90352880856E+00 1.74611149431E+02 3.29333427695E+00 1.49842410956E+02 3.63971245958E+00 1.70411975988E+02 4.06855094079E+00 1.59403214914E+02 3.00713660785E+00 
2.80000000000E+01 2.85000000000E+01 2.90000000000E+01 1.45592582991E+02 3.10757412032E+00 1.32965604734E+02 3.84902671950E+00 1.51077289278E+02 2.58439772409E+00 1.57578589540E+02 2.92123492759E+00 1.34670749524E+02 3.24072229133E+00 1.52595683225E+02 3.59864000988E+00 1.44541448012E+02 2.68090006502E+00 
2.90000000000E+01 2.95000000000E+01 3.00000000000E+01 1.39890185633E+02 2.95723890686E+00 1.29281736784E+02 3.66373091102E+00 1.44405527984E+02 2.46045209333E+00 1.51368932451E+02 2.82261678791E+00 1.29593667913E+02 3.09052127993E+00 1.47634024902E+02 3.47598270250E+00 1.38160722359E+02 2.55942997510E+00 
3.00000000000E+01 3.05000000000E+01 3.10000000000E+01 1.33751350005E+02 2.69918383718E+00 1.24067114796E+02 3.33969828946E+00 1.38050382338E+02 2.24728378898E+00 1.45634186171E+02 2.58213074817E+00 1.24238096398E+02 2.82896844571E+00 1.42044634685E+02 3.18216306795E+00 1.31844240127E+02 2.34376997062E+00 
3.10000000000E+01 3.15000000000E+01 3.20000000000E+01 1.23595947763E+02 2.53980049691E+00 1.13866910321E+02 3.14571437770E+00 1.27807325402E+02 2.11737540102E+00 1.35214621679E+02 2.42343661226E+00 1.13398998874E+02 2.65519782018E+00 1.31710877578E+02 2.98136655178E+00 1.21381211590E+02 2.19845470350E+00 
3.20000000000E+01 3.25000000000E+01 3.30000000000E+01 1.21119990927E+02 2.59370703763E+00 1.13567923524E+02 3.21483937285E+00 1.23815572879E+02 2.15978290015E+00 1.31772217866E+02 2.47781428668E+00 1.11633277649E+02 2.73209730774E+00 1.29851594091E+02 3.05378263100E+00 1.17876154710E+02 2.25980579856E+00 
3.30000000000E+01 3.35000000000E+01 3.40000000000E+01 1.10402621123E+02 2.55249280768E+00 1.02179648854E+02 3.16316505290E+00 1.13876317384E+02 2.12237422839E+00 1.19969242685E+02 2.45555698921E+00 1.02125233882E+02 2.64106761725E+00 1.16967816549E+02 3.02812228540E+00 1.08676879924E+02 2.18538893497E+00 
3.40000000000E+01 3.45000000000E+01 3.50000000000E+01 1.08955120985E+02 2.36618975501E+00 1.02259343366E+02 2.93246046985E+00 1.11387018378E+02 1.96993683128E+00 1.17920312059E+02 2.28248933973E+00 1.01655261975E+02 2.48764188684E+00 1.16287333565E+02 2.81176599976E+00 1.06809640412E+02 2.05882611970E+00 
3.50000000000E+01 3.55000000000E+01 3.60000000000E+01 1.03768359346E+02 2.35290369140E+00 9.75967469336E+01 2.91663472973E+00 1.05942304113E+02 1.95682997386E+00 1.12553851036E+02 2.25442821707E+00 9.68765218478E+01 2.45808503615E+00 1.11089906707E+02 2.77993439103E+00 1.01684426473E+02 2.03311854641E+00 
3.60000000000E+01 3.65000000000E+01 3.70000000000E+01 1.01845806284E+02 2.22098637395E+00 9.68131312700E+01 2.75055825939E+00 1.03176732441E+02 1.84705710756E+00 1.09686948028E+02 2.13586346756E+00 9.55422079108E+01 2.31599114315E+00 1.09364179686E+02 2.63461395724E+00 9.93396873084E+01 1.91629528641E+00 
3.70000000000E+01 3.75000000000E+01 3.80000000000E+01 9.17523287429E+01 2.20903590062E+00 8.61715390087E+01 2.73769840653E+00 9.39229343758E+01 1.83778986657E+00 1.00119994455E+02 2.10836550592E+00 8.60630655783E+01 2.29310938300E+00 9.87211955490E+01 2.59752269917E+00 9.03061955634E+01 1.89711430999E+00 
3.80000000000E+01 3.85000000000E+01 3.90000000000E+01 9.16954578837E+01 2.18907083295E+00 8.68486954236E+01 2.71258880242E+00 9.29692884561E+01 1.81831907997E+00 9.92086473972E+01 2.09035491860E+00 8.51572335747E+01 2.27512184757E+00 9.88381047789E+01 2.57847940598E+00 8.86364567491E+01 1.88132869416E+00 
3.90000000000E+01 3.95000000000E+01 4.00000000000E+01 8.47611052158E+01 2.06614189306E+00 8.00775344345E+01 2.56060651447E+00 8.61758388931E+01 1.71829383277E+00 9.20412812833E+01 1.99350273289E+00 7.90054138124E+01 2.15168217555E+00 9.14184075564E+01 2.45825153779E+00 8.26642751083E+01 1.78009584434E+00 
4.00000000000E+01 4.05000000000E+01 4.10000000000E+01 7.84839130068E+01 2.01197510742E+00 7.40636498808E+01 2.49560949432E+00 8.02575732578E+01 1.67487578206E+00 8.52220275503E+01 1.94481498367E+00 7.37410462519E+01 2.08964905017E+00 8.41374946154E+01 2.39697987598E+00 7.70920129952E+01 1.72739914152E+00 
4.10000000000E+01 4.15000000000E+01 4.20000000000E+01 7.70768897959E+01 1.93011843638E+00 7.32685701246E+01 2.39338368541E+00 7.83047121073E+01 1.60512740778E+00 8.34523658396E+01 1.87242617741E+00 7.24264034141E+01 1.99048239888E+00 8.33133257127E+01 2.33885825291E+00 7.53446940637E+01 1.64650186649E+00 
4.20000000000E+01 4.25000000000E+01 4.30000000000E+01 7.78759597608E+01 1.97520111440E+00 7.51673528143E+01 2.45126723219E+00 7.81080661646E+01 1.64318002122E+00 8.37855290728E+01 1.90755478466E+00 7.28866446661E+01 2.04242177422E+00 8.42224670950E+01 2.35312003298E+00 7.50217154473E+01 1.68775701794E+00 
4.30000000000E+01 4.35000000000E+01 4.40000000000E+01 7.15460604812E+01 2.04360127189E+00 6.86233080011E+01 2.53817405323E+00 7.23171131750E+01 1.69718759953E+00 7.61443769013E+01 1.83501057426E+00 6.59371782075E+01 1.96969373635E+00 7.60027435742E+01 2.26208165671E+00 6.87143691541E+01 1.62786819456E+00 
4.40000000000E+01 4.45000000000E+01 4.50000000000E+01 7.42060355424E+01 1.97594289755E+00 7.29627570966E+01 2.45309720610E+00 7.38818509080E+01 1.64050654343E+00 7.86464339098E+01 1.89969390012E+00 7.01368727483E+01 2.03857363404E+00 7.98379619409E+01 2.34343975465E+00 7.12180344369E+01 1.68365678096E+00 
4.50000000000E+01 4.55000000000E+01 4.60000000000E+01 6.35256906071E+01 1.89193731314E+00 6.04223994193E+01 2.34684627849E+00 6.44656085218E+01 1.57266426954E+00 6.90140221150E+01 1.90891258515E+00 5.96622214702E+01 1.95233939132E+00 6.86553386118E+01 2.35760126458E+00 6.21323942273E+01 1.61178799898E+00 
4.60000000000E+01 4.65000000000E+01 4.70000000000E+01 6.33524877018E+01 1.79969370519E+00 6.12152671210E+01 2.23318705414E+00 6.34313084468E+01 1.49627362973E+00 6.79318448269E+01 1.74464261047E+00 5.98700795340E+01 1.87646897915E+00 6.81262147417E+01 2.15203395698E+00 6.13707932079E+01 1.55060187983E+00 
4.70000000000E+01 4.75000000000E+01 4.80000000000E+01 6.17472245181E+01 1.66543938278E+00 5.99866391064E+01 2.06534316144E+00 6.18522893549E+01 1.38596052745E+00 6.66215204031E+01 1.60761708030E+00 5.79279242220E+01 1.71657027597E+00 6.71283284705E+01 1.98184569964E+00 5.94122378255E+01 1.41248134958E+00 
4.80000000000E+01 4.85000000000E+01 4.90000000000E+01 5.94835838593E+01 1.63232763750E+00 5.81613120889E+01 2.02532448387E+00 5.93383655267E+01 1.35754516809E+00 6.35743737932E+01 1.58137539004E+00 5.72387650340E+01 1.70303443556E+00 6.44977542323E+01 1.94636375595E+00 5.80921388639E+01 1.40695052519E+00 
4.90000000000E+01 4.95000000000E+01 5.00000000000E+01 5.44623699301E+01 1.54188605188E+00 5.20055416719E+01 1.91059969387E+00 5.50983908696E+01 1.28374229837E+00 5.89167401330E+01 1.50200819697E+00 5.03433408209E+01 1.60966498238E+00 5.88216748938E+01 1.85104862894E+00 5.23626978088E+01 1.33184323759E+00 
5.00000000000E+01 5.05000000000E+01 5.10000000000E+01 5.32539498276E+01 1.49116472828E+00 5.15978313132E+01 1.84429377919E+00 5.34363184939E+01 1.24072105299E+00 5.78973109073E+01 1.45509276819E+00 5.01621196933E+01 1.52662544870E+00 5.82342100585E+01 1.79411863194E+00 5.15348066494E+01 1.26286618696E+00 
5.10000000000E+01 5.15000000000E+01 5.20000000000E+01 5.34636573382E+01 1.52311336438E+00 5.25150995100E+01 1.89066892333E+00 5.32198951824E+01 1.26647626842E+00 5.74812357519E+01 1.48958528068E+00 5.07777170426E+01 1.57176431903E+00 5.82897591073E+01 1.83703972709E+00 5.14755294285E+01 1.29847135727E+00 
5.20000000000E+01 5.25000000000E+01 5.30000000000E+01 4.65859127377E+01 1.45924373944E+00 4.47052840111E+01 1.81140912179E+00 4.69728809309E+01 1.21285457553E+00 5.05442953766E+01 1.42447163490E+00 4.38100033314E+01 1.49981398501E+00 5.05617311920E+01 1.75713695472E+00 4.52007584401E+01 1.23912254014E+00 
5.30000000000E+01 5.35000000000E+01 5.40000000000E+01 4.77080843787E+01 1.41459665203E+00 4.66074597123E+01 1.75901044740E+00 4.75099749335E+01 1.17709796465E+00 5.09661731308E+01 1.37642426403E+00 4.47950801374E+01 1.46017174763E+00 5.22115479235E+01 1.70026955015E+00 4.56612749349E+01 1.20415018197E+00 
5.40000000000E+01 5.45000000000E+01 5.50000000000E+01 4.47584280355E+01 1.38144782980E+00 4.36499373399E+01 1.71703398283E+00 4.48259787378E+01 1.15020465373E+00 4.81917166293E+01 1.34567407722E+00 4.22255992164E+01 1.42322813378E+00 4.85998471036E+01 1.65747717109E+00 4.34043451500E+01 1.17679619665E+00 
5.50000000000E+01 5.55000000000E+01 5.60000000000E+01 4.32812733532E+01 1.27456247546E+00 4.24553143530E+01 1.58278055261E+00 4.31610521068E+01 1.06104188995E+00 4.66376923306E+01 1.24611185928E+00 4.11133206089E+01 1.31105786864E+00 4.72692402383E+01 1.53578699711E+00 4.16901623567E+01 1.08284410065E+00 
5.60000000000E+01 5.65000000000E+01 5.70000000000E+01 4.26826558759E+01 1.28095587421E+00 4.16819530509E+01 1.58934396030E+00 4.26274640182E+01 1.06566130840E+00 4.58711799482E+01 1.25725455815E+00 4.03319238722E+01 1.31532255695E+00 4.62264299235E+01 1.55004650831E+00 4.10352217884E+01 1.08716195733E+00 
5.70000000000E+01 5.75000000000E+01 5.80000000000E+01 4.17865582877E+01 1.35920627487E+00 4.12595639184E+01 1.68825737533E+00 4.14184882006E+01 1.12858339292E+00 4.52923897986E+01 1.39308689915E+00 3.95322457550E+01 1.39410226486E+00 4.62685678670E+01 1.72351010017E+00 3.99215610362E+01 1.15053731049E+00 
5.80000000000E+01 5.85000000000E+01 5.90000000000E+01 3.54512256769E+01 1.41909384558E+00 3.39718243230E+01 1.76515136539E+00 3.58465196695E+01 1.17503803377E+00 3.88638566158E+01 1.38910536980E+00 3.32826521077E+01 1.45405160510E+00 3.84560355216E+01 1.72020600584E+00 3.44108473052E+01 1.19818809004E+00 
5.90000000000E+01 5.95000000000E+01 6.00000000000E+01 3.76356366999E+01 1.24569785396E+00 3.73665887256E+01 1.55267274566E+00 3.73133686497E+01 1.03789230680E+00 4.05915888749E+01 1.22710478821E+00 3.55188963676E+01 1.27130991250E+00 4.13330750530E+01 1.50806596955E+00 3.59160585463E+01 1.04864353916E+00 
6.00000000000E+01 6.05000000000E+01 6.10000000000E+01 3.47095789245E+01 1.17715026899E+00 3.37717657153E+01 1.46068165873E+00 3.47236209638E+01 9.79908472908E-01 3.69297762427E+01 1.14399862323E+00 3.29352312646E+01 1.20357173163E+00 3.70703572314E+01 1.40730856195E+00 3.35657485630E+01 9.94676861993E-01 
6.10000000000E+01 6.15000000000E+01 6.20000000000E+01 3.45786461794E+01 1.20235893711E+00 3.40170144869E+01 1.49468694179E+00 3.43236317517E+01 9.98516195690E-01 3.70173430633E+01 1.16612170267E+00 3.27859633878E+01 1.23583537218E+00 3.75968809961E+01 1.43931409674E+00 3.31352106035E+01 1.01942804174E+00 
6.20000000000E+01 6.25000000000E+01 6.30000000000E+01 3.16694388890E+01 1.21081851721E+00 3.06801492682E+01 1.50483257761E+00 3.18418919966E+01 1.00394693307E+00 3.40656606012E+01 1.18656167571E+00 2.99922558750E+01 1.23019856424E+00 3.42866843235E+01 1.46848625520E+00 3.06722026958E+01 1.01504971177E+00 
6.30000000000E+01 6.35000000000E+01 6.40000000000E+01 3.05814065838E+01 1.12770538381E+00 3.02151743303E+01 1.40736052874E+00 3.06363661646E+01 9.39563968429E-01 3.34182600297E+01 1.10296183847E+00 2.90779139380E+01 1.14938869532E+00 3.39674191310E+01 1.36145067396E+00 2.94573513638E+01 9.47615049173E-01 
6.40000000000E+01 6.45000000000E+01 6.50000000000E+01 2.89333698253E+01 1.10388151019E+00 2.81761239693E+01 1.37257781517E+00 2.90340281250E+01 9.15752426109E-01 3.13139852417E+01 1.07924135765E+00 2.72466358456E+01 1.13468793586E+00 3.14346175309E+01 1.33428828711E+00 2.78927904459E+01 9.35588581833E-01 
6.50000000000E+01 6.55000000000E+01 6.60000000000E+01 3.04792081840E+01 1.23319846439E+00 3.05912608635E+01 1.53601836707E+00 3.00131304008E+01 1.02116679173E+00 3.27300138846E+01 1.19578587680E+00 2.91561472360E+01 1.26365276260E+00 3.35944173320E+01 1.47982506361E+00 2.90514610884E+01 1.03963866938E+00 
6.60000000000E+01 6.65000000000E+01 6.70000000000E+01 2.60587649754E+01 1.55165061969E+00 2.53376411075E+01 1.93450395019E+00 2.61227510580E+01 1.27901662712E+00 2.86266850863E+01 1.51551955548E+00 2.49311123459E+01 1.59480219869E+00 2.88880115223E+01 1.88323025169E+00 2.54005981633E+01 1.31004829452E+00 
6.70000000000E+01 6.75000000000E+01 6.80000000000E+01 2.79806936200E+01 1.23083031445E+00 2.79636804959E+01 1.53296949617E+00 2.75270047349E+01 1.01682526758E+00 2.99475910073E+01 1.20829797366E+00 2.68811959751E+01 1.25103504679E+00 3.10276603854E+01 1.49980256698E+00 2.67877311921E+01 1.02928695428E+00 
6.80000000000E+01 6.85000000000E+01 6.90000000000E+01 2.51204673031E+01 9.35262101919E-01 2.45112644075E+01 1.16231130525E+00 2.50427930313E+01 7.75955853018E-01 2.72507763024E+01 9.06918889816E-01 2.38103872624E+01 9.56435285533E-01 2.75666142385E+01 1.12022137049E+00 2.41807938832E+01 7.89028471857E-01 
6.90000000000E+01 6.95000000000E+01 7.00000000000E+01 2.50462330635E+01 9.04279746554E-01 2.47757696141E+01 1.12501224156E+00 2.48476390213E+01 7.51451424592E-01 2.69950179138E+01 8.84762119112E-01 2.35538871124E+01 9.24365253587E-01 2.75060344039E+01 1.09219617638E+00 2.37645401618E+01 7.62372412510E-01 
7.00000000000E+01 7.05000000000E+01 7.10000000000E+01 2.57516438460E+01 1.03649489628E+00 2.58939818422E+01 1.28981076489E+00 2.51183339477E+01 8.59085124161E-01 2.72593470392E+01 1.00729653055E+00 2.43909015700E+01 9.39053895765E-01 2.83994294567E+01 1.24554823819E+00 2.42132750365E+01 7.75008909892E-01 
7.10000000000E+01 7.15000000000E+01 7.20000000000E+01 2.41701683121E+01 9.25092585402E-01 2.39442068913E+01 1.15074898079E+00 2.38935299132E+01 7.66681508638E-01 2.58892084052E+01 9.07895610051E-01 2.26203491427E+01 9.20022434777E-01 2.62563356216E+01 1.12249368022E+00 2.28273357096E+01 7.58845388788E-01 
7.20000000000E+01 7.25000000000E+01 7.30000000000E+01 2.36934476103E+01 9.03334327532E-01 2.37928102158E+01 1.12427601880E+00 2.33168434802E+01 7.49666049929E-01 2.53682535239E+01 8.91041980017E-01 2.26978298980E+01 9.21577627493E-01 2.61462450467E+01 1.10215983388E+00 2.26133074155E+01 7.59784286826E-01 
7.30000000000E+01 7.35000000000E+01 7.40000000000E+01 2.04134947713E+01 8.82960455073E-01 1.99265244008E+01 1.09822185574E+00 2.05235635788E+01 7.31772297622E-01 2.20360380903E+01 8.73032872021E-01 1.94858088443E+01 8.97591393693E-01 2.20876065266E+01 1.07969458350E+00 1.98945943554E+01 7.40079479362E-01 
7.40000000000E+01 7.45000000000E+01 7.50000000000E+01 2.21643981943E+01 8.81857136232E-01 2.23643075242E+01 1.09741396738E+00 2.16338221040E+01 7.30317158151E-01 2.36504328623E+01 8.74025895389E-01 2.09436394075E+01 8.89968879017E-01 2.45066514715E+01 1.08221618378E+00 2.07802508458E+01 7.33262777648E-01 
7.50000000000E+01 7.55000000000E+01 7.60000000000E+01 1.97422509735E+01 8.25269826128E-01 1.94767807336E+01 1.02647924758E+00 1.95834328207E+01 6.84207501581E-01 2.11969419071E+01 8.24989034528E-01 1.90289746488E+01 8.34318681801E-01 2.12799712757E+01 1.02334887513E+00 1.91107659825E+01 6.87890775004E-01 
7.60000000000E+01 7.65000000000E+01 7.70000000000E+01 1.99136131483E+01 8.26902359992E-01 2.01008581282E+01 1.03162050382E+00 1.95851542058E+01 6.85506515314E-01 2.14427807601E+01 8.25132455098E-01 1.93437863386E+01 8.42652412476E-01 2.21494143553E+01 1.02140032711E+00 1.92156995198E+01 6.94356423138E-01 
7.70000000000E+01 7.75000000000E+01 7.80000000000E+01 1.94776701800E+01 7.90184800932E-01 1.94783658983E+01 9.82833897721E-01 1.91374924992E+01 6.55239697395E-01 2.09556548127E+01 7.86013976159E-01 1.89931084969E+01 8.33973994539E-01 2.15811455356E+01 9.72799265207E-01 1.88598234759E+01 6.87375955575E-01 
7.80000000000E+01 7.85000000000E+01 7.90000000000E+01 1.73984350507E+01 8.51502595083E-01 1.70691704729E+01 1.06009781282E+00 1.74736870540E+01 7.05343995342E-01 1.89956040693E+01 8.42717990171E-01 1.65005786194E+01 8.63656739550E-01 1.91419529095E+01 1.04279424877E+00 1.67357939530E+01 7.11401960650E-01 
7.90000000000E+01 7.95000000000E+01 8.00000000000E+01 1.70219342567E+01 8.24391761668E-01 1.66472666258E+01 1.02588923340E+00 1.69934566241E+01 6.82307162981E-01 1.83999691338E+01 8.16478171387E-01 1.62303975082E+01 8.39564604293E-01 1.85337369473E+01 1.01134296014E+00 1.64448626440E+01 6.91630872705E-01 
8.00000000000E+01 8.05000000000E+01 8.10000000000E+01 1.74579952891E+01 7.40133290924E-01 1.73919974670E+01 9.19745731269E-01 1.71920998931E+01 6.13822106564E-01 1.87518645882E+01 7.29661171783E-01 1.65348455710E+01 7.50498715937E-01 1.92067485886E+01 9.02567195116E-01 1.66120075982E+01 6.19213238837E-01 
8.10000000000E+01 8.15000000000E+01 8.20000000000E+01 1.75092044542E+01 7.11184757579E-01 1.76402999029E+01 8.83555254015E-01 1.71122704065E+01 5.90335443747E-01 1.87185801495E+01 7.02974736560E-01 1.68248135693E+01 7.18825766466E-01 1.94190253731E+01 8.68566751805E-01 1.66621045376E+01 5.92953824368E-01 
8.20000000000E+01 8.25000000000E+01 8.30000000000E+01 1.47026061084E+01 7.34362926035E-01 1.43390749644E+01 9.14138424289E-01 1.47517074926E+01 6.08340328538E-01 1.59606345145E+01 7.26819222972E-01 1.39860408866E+01 7.45213815078E-01 1.60169473868E+01 8.99247779222E-01 1.42388880591E+01 6.14111964728E-01 
8.30000000000E+01 8.35000000000E+01 8.40000000000E+01 1.60845839289E+01 7.15840609831E-01 1.60832505488E+01 8.90462843448E-01 1.59195862438E+01 5.93948376267E-01 1.75100662411E+01 7.16401572453E-01 1.54438441389E+01 7.26930691268E-01 1.79824544530E+01 8.85796319838E-01 1.53948168947E+01 5.99549109644E-01 
8.40000000000E+01 8.45000000000E+01 8.50000000000E+01 1.48409647914E+01 6.66813845200E-01 1.46781120156E+01 8.29024884842E-01 1.44523691371E+01 5.52824994772E-01 1.59355036757E+01 6.63035253948E-01 1.39945391966E+01 6.58449599666E-01 1.62284472216E+01 8.18852957242E-01 1.40287180652E+01 5.43465112869E-01 
8.50000000000E+01 8.55000000000E+01 8.60000000000E+01 1.41256181161E+01 6.74152324394E-01 1.40183137584E+01 8.38606805829E-01 1.39773766551E+01 5.58932765532E-01 1.53563464116E+01 6.67134372496E-01 1.34388546054E+01 6.82940666970E-01 1.57094042142E+01 8.24964478825E-01 1.34945102444E+01 5.63037398793E-01 
8.60000000000E+01 8.65000000000E+01 8.70000000000E+01 1.37322491533E+01 6.29907497530E-01 1.35717188163E+01 7.83462375803E-01 1.36279690213E+01 5.22904672138E-01 1.48862412568E+01 6.26846823227E-01 1.30562315794E+01 6.28747979501E-01 1.51524215076E+01 7.74722145179E-01 1.31449780009E+01 5.18975615530E-01 
8.70000000000E+01 8.75000000000E+01 8.80000000000E+01 1.40232383889E+01 6.11843459680E-01 1.40941289858E+01 7.60371010008E-01 1.37019741024E+01 5.08461060780E-01 1.49382404758E+01 6.08031503966E-01 1.33489529450E+01 6.19189428303E-01 1.53998336491E+01 7.50467691204E-01 1.32550265767E+01 5.11296006144E-01 
8.80000000000E+01 8.85000000000E+01 8.90000000000E+01 1.35329787558E+01 6.45580452761E-01 1.37419486821E+01 8.03130546416E-01 1.32003760549E+01 5.35009265410E-01 1.43171309327E+01 6.32106467297E-01 1.30959171622E+01 6.50408074351E-01 1.48687391048E+01 7.81571785686E-01 1.28794782223E+01 5.35995915865E-01 
8.90000000000E+01 8.95000000000E+01 9.00000000000E+01 1.12114231493E+01 5.92392123263E-01 1.09903962838E+01 7.36611277884E-01 1.12531223227E+01 4.92984283795E-01 1.20519763081E+01 5.93655318516E-01 1.08337733284E+01 6.00480436074E-01 1.21120138441E+01 7.32353366860E-01 1.09445792369E+01 4.95352436132E-01 
9.00000000000E+01 9.05000000000E+01 9.10000000000E+01 1.22250333605E+01 5.79221973257E-01 1.21839432639E+01 7.19635834628E-01 1.21527788700E+01 4.81878168808E-01 1.31520059767E+01 5.76671373496E-01 1.17727158242E+01 5.93268725310E-01 1.33853748378E+01 7.11276035838E-01 1.18195592304E+01 4.90265012556E-01 
9.10000000000E+01 9.15000000000E+01 9.20000000000E+01 1.12307891343E+01 6.33553897572E-01 1.11139048471E+01 7.88004286393E-01 1.11442844988E+01 5.24642607910E-01 1.23141064322E+01 6.00012319761E-01 1.07259529749E+01 6.36744840071E-01 1.25688000909E+01 7.42552954225E-01 1.07596128970E+01 5.24922213586E-01 
9.20000000000E+01 9.25000000000E+01 9.30000000000E+01 1.05343282508E+01 5.75631926065E-01 1.02686954493E+01 7.16093187674E-01 1.05079036924E+01 4.77660184101E-01 1.12757425257E+01 5.73918485469E-01 9.97408770016E+00 5.82271828105E-01 1.13241998476E+01 7.09327942018E-01 1.01197914737E+01 4.80059300429E-01 
9.30000000000E+01 9.35000000000E+01 9.40000000000E+01 1.10963729498E+01 5.61103851341E-01 1.10993908536E+01 7.00887339515E-01 1.08849935330E+01 4.65366531004E-01 1.18876183226E+01 5.61715138080E-01 1.06087714884E+01 5.65922994434E-01 1.21320750549E+01 6.95684889151E-01 1.05764163733E+01 4.67192074403E-01 
9.40000000000E+01 9.45000000000E+01 9.50000000000E+01 1.03763352522E+01 5.32932270094E-01 1.03799675066E+01 6.63062825401E-01 1.02826366227E+01 4.42902634914E-01 1.11941126827E+01 5.31661432902E-01 1.00649882078E+01 5.40317893817E-01 1.14009646264E+01 6.56291528176E-01 1.00418401133E+01 4.45952248024E-01 
9.50000000000E+01 9.55000000000E+01 9.60000000000E+01 1.09449095161E+01 5.23722406921E-01 1.11022164679E+01 6.52148102106E-01 1.06808517673E+01 4.35665770495E-01 1.17315329181E+01 5.22385899756E-01 1.05595301936E+01 5.30447674908E-01 1.21505939097E+01 6.44181220919E-01 1.04325753994E+01 4.37366026707E-01 
9.60000000000E+01 9.65000000000E+01 9.70000000000E+01 9.59246513936E+00 5.13647714867E-01 9.53366691329E+00 6.38517602178E-01 9.45155333601E+00 4.25980057704E-01 1.02575503487E+01 5.05465382286E-01 9.25836977287E+00 5.22422410747E-01 1.05003134706E+01 6.24866342974E-01 9.22296027637E+00 4.31125301161E-01 
9.70000000000E+01 9.75000000000E+01 9.80000000000E+01 9.41918434391E+00 5.05972504830E-01 9.30977890565E+00 6.28893983184E-01 9.33523587542E+00 4.19985391334E-01 1.04614009834E+01 5.06135653828E-01 8.92259161366E+00 5.08834007610E-01 1.06911008832E+01 6.25453246064E-01 8.97822544647E+00 4.19976695181E-01 
9.80000000000E+01 9.85000000000E+01 9.90000000000E+01 8.57609707079E+00 4.96936509808E-01 8.43533947620E+00 6.17657920213E-01 8.57948697449E+00 4.12542864199E-01 9.36013042055E+00 4.95455699113E-01 8.18204185996E+00 4.99262256394E-01 9.41074214307E+00 6.14158429218E-01 8.25297962273E+00 4.11961096784E-01 
9.90000000000E+01 9.95000000000E+01 1.00000000000E+02 9.39800120059E+00 4.78445847020E-01 9.53067707019E+00 5.95517923952E-01 9.18269761857E+00 3.97195793554E-01 9.99770678384E+00 4.81269922710E-01 9.19390990805E+00 4.84108085788E-01 1.02771380278E+01 5.90448589314E-01 9.02296349797E+00 3.99064235705E-01 
#nx: 3
