#labels: ptz__-1p5__-1p25_lower[1] ptz__-1p5__-1p25_center[2] ptz__-1p5__-1p25_upper[3] tot_scale01[4] tot_scale01_Err[5] tot_scale02[6] tot_scale02_Err[7] tot_scale03[8] tot_scale03_Err[9] tot_scale04[10] tot_scale04_Err[11] tot_scale05[12] tot_scale05_Err[13] tot_scale06[14] tot_scale06_Err[15] tot_scale07[16] tot_scale07_Err[17]
#neval: 85816003356
#overflow:lower center upper 1.34355099654E+03 5.02932970795E+00 1.34554425785E+03 6.72225209335E+00 1.32335574935E+03 3.88215760825E+00 1.34843809143E+03 4.98963278911E+00 1.34954180408E+03 5.29012955270E+00 1.34645106461E+03 6.74497577870E+00 1.32809043107E+03 4.13760267990E+00 
0.00000000000E+00 5.00000000000E-01 1.00000000000E+00 0.00000000000E+00 0.00000000000E+00 0.00000000000E+00 0.00000000000E+00 0.00000000000E+00 0.00000000000E+00 0.00000000000E+00 0.00000000000E+00 0.00000000000E+00 0.00000000000E+00 0.00000000000E+00 0.00000000000E+00 0.00000000000E+00 0.00000000000E+00 
1.00000000000E+00 1.50000000000E+00 2.00000000000E+00 -8.66768537734E+03 4.37338569903E+02 -1.31281937082E+04 5.92966983070E+02 -4.14730676802E+03 3.36297698118E+02 -6.68662933531E+03 3.89698148357E+02 -1.12863666819E+04 4.98400041550E+02 -1.03235625314E+04 5.21666592520E+02 -6.10236224279E+03 3.81442639664E+02 
2.00000000000E+00 2.50000000000E+00 3.00000000000E+00 2.83954418626E+03 1.84552656538E+02 8.82926414561E+02 2.42844728847E+02 4.58210603396E+03 1.44716002359E+02 3.36643209765E+03 1.59865505432E+02 2.27426188332E+03 2.11219166676E+02 1.51990931878E+03 2.17062514314E+02 4.28801721655E+03 1.69002947710E+02 
3.00000000000E+00 3.50000000000E+00 4.00000000000E+00 4.16078994492E+03 1.17644399598E+02 2.89699223948E+03 1.60391337606E+02 5.17190846343E+03 9.90995418285E+01 4.50154143713E+03 1.12627115573E+02 4.02993979087E+03 1.35963565675E+02 3.08862577441E+03 1.44771603597E+02 5.12508015543E+03 1.07461978312E+02 
4.00000000000E+00 4.50000000000E+00 5.00000000000E+00 4.40330363828E+03 9.90162852962E+01 3.60511702306E+03 1.31708712278E+02 4.97649034275E+03 7.82679535876E+01 4.55196697357E+03 8.52173418494E+01 4.42357534334E+03 1.10341826627E+02 3.92621673646E+03 1.14794780683E+02 4.91605310810E+03 8.87251180485E+01 
5.00000000000E+00 5.50000000000E+00 6.00000000000E+00 4.41041453567E+03 8.01483495362E+01 4.00631255919E+03 1.06850923063E+02 4.71555897864E+03 6.34761645232E+01 4.41250854883E+03 7.37976263562E+01 4.40473486352E+03 9.07318704770E+01 4.03557864657E+03 9.70510163793E+01 4.78243996560E+03 7.23154498700E+01 
6.00000000000E+00 6.50000000000E+00 7.00000000000E+00 3.74061261802E+03 6.11674594430E+01 3.43806953539E+03 8.13421887859E+01 4.05582156625E+03 5.01118562543E+01 3.83367575382E+03 5.87848162094E+01 3.74364128119E+03 6.95252339517E+01 3.52064683844E+03 7.74546598138E+01 4.00684121607E+03 5.71477273445E+01 
7.00000000000E+00 7.50000000000E+00 8.00000000000E+00 3.66868202960E+03 5.23271861552E+01 3.55311189264E+03 6.87595088955E+01 3.76663745184E+03 4.19713042679E+01 3.61236590658E+03 4.57903924139E+01 3.67786572642E+03 5.97956159176E+01 3.57806556551E+03 6.04905507307E+01 3.79160819301E+03 4.80278535986E+01 
8.00000000000E+00 8.50000000000E+00 9.00000000000E+00 3.08239962607E+03 4.31008536620E+01 2.91420876604E+03 5.61110418551E+01 3.19177711221E+03 3.50171142546E+01 3.07497568317E+03 3.86604430466E+01 3.04384988996E+03 5.06713833702E+01 2.94528390489E+03 5.10247003756E+01 3.20425226278E+03 4.13047123323E+01 
9.00000000000E+00 9.50000000000E+00 1.00000000000E+01 2.88820512485E+03 4.32743902551E+01 2.86217891237E+03 5.65662521844E+01 2.91924799627E+03 3.43402276579E+01 2.83967835184E+03 3.81357001573E+01 3.01907193726E+03 4.99021710066E+01 2.83430524313E+03 5.03540110189E+01 3.00683619861E+03 4.00949319189E+01 
1.00000000000E+01 1.05000000000E+01 1.10000000000E+01 2.58155229811E+03 3.39054497854E+01 2.47946286910E+03 4.41779445169E+01 2.60588822880E+03 2.74727993696E+01 2.54073358310E+03 3.05580325516E+01 2.60680391765E+03 4.01331622247E+01 2.51791111133E+03 4.02278948452E+01 2.63784079977E+03 3.24670367008E+01 
1.10000000000E+01 1.15000000000E+01 1.20000000000E+01 2.34059730047E+03 3.64472712305E+01 2.29949382731E+03 4.80152376780E+01 2.34014576288E+03 2.89592573508E+01 2.30636258909E+03 3.31432465936E+01 2.39777101145E+03 4.08224199658E+01 2.28595269519E+03 4.43364161195E+01 2.40421888423E+03 3.25413157364E+01 
1.20000000000E+01 1.25000000000E+01 1.30000000000E+01 2.07552030119E+03 3.37902594479E+01 2.03091498775E+03 4.47139913671E+01 2.08805777979E+03 2.69589685365E+01 2.04175579920E+03 3.03828278125E+01 2.07560832276E+03 3.79744300412E+01 2.01472694860E+03 4.01153852215E+01 2.12326468346E+03 3.03318446112E+01 
1.30000000000E+01 1.35000000000E+01 1.40000000000E+01 2.00536867527E+03 2.94731696308E+01 1.98898707007E+03 3.89478850689E+01 1.99261461977E+03 2.34150620720E+01 2.00113245943E+03 2.59679946854E+01 2.09231540657E+03 3.26935688754E+01 2.02657448922E+03 3.43546618191E+01 2.08177383989E+03 2.62146339022E+01 
1.40000000000E+01 1.45000000000E+01 1.50000000000E+01 1.83666954462E+03 7.74672298142E+01 1.83564311116E+03 1.07296924992E+02 1.80246046599E+03 5.79057486069E+01 1.81643895936E+03 7.22816592400E+01 1.84140785654E+03 8.13300144978E+01 1.84990676973E+03 1.00352113929E+02 1.81861752343E+03 6.10587578816E+01 
1.50000000000E+01 1.55000000000E+01 1.60000000000E+01 1.62454636201E+03 2.86457912685E+01 1.61275007029E+03 3.83248269407E+01 1.61683602879E+03 2.24361474490E+01 1.60221528039E+03 2.61146293021E+01 1.65828369916E+03 3.14132298153E+01 1.59866517261E+03 3.51129511033E+01 1.69915060124E+03 2.42199418412E+01 
1.60000000000E+01 1.65000000000E+01 1.70000000000E+01 1.55067565091E+03 2.53096384526E+01 1.54424319742E+03 3.23626564379E+01 1.52076590989E+03 2.03397560332E+01 1.53811205305E+03 2.25510383305E+01 1.57289040071E+03 2.80932546255E+01 1.56836099927E+03 2.93598897882E+01 1.54868148758E+03 2.25938451498E+01 
1.70000000000E+01 1.75000000000E+01 1.80000000000E+01 1.44428947233E+03 2.40380690772E+01 1.47619524824E+03 3.04038562007E+01 1.40754103422E+03 1.90494960072E+01 1.41574621886E+03 2.17547484807E+01 1.45960942806E+03 2.67375415545E+01 1.43452396763E+03 2.83694737923E+01 1.43239916732E+03 2.15390237190E+01 
1.80000000000E+01 1.85000000000E+01 1.90000000000E+01 1.34527693534E+03 1.95915693163E+01 1.37146350434E+03 2.57471183313E+01 1.31328768570E+03 1.60548079230E+01 1.30664208139E+03 1.76853197015E+01 1.37908355065E+03 2.25733301702E+01 1.31779271088E+03 2.30813897980E+01 1.36108661155E+03 1.83629471957E+01 
1.90000000000E+01 1.95000000000E+01 2.00000000000E+01 1.20164732793E+03 1.83507200126E+01 1.20649950403E+03 2.40479171353E+01 1.19934050712E+03 1.48821239754E+01 1.19518428156E+03 1.66102812666E+01 1.21757430825E+03 2.05529641338E+01 1.20709291716E+03 2.17188122611E+01 1.21353381824E+03 1.62560694529E+01 
2.00000000000E+01 2.05000000000E+01 2.10000000000E+01 1.17105035250E+03 2.23926676742E+01 1.18559618650E+03 2.99664927730E+01 1.13660239297E+03 1.75603275147E+01 1.13281777865E+03 2.00494449306E+01 1.17545045339E+03 2.47857220393E+01 1.15579017594E+03 2.68519227880E+01 1.16045127304E+03 1.95209071356E+01 
2.10000000000E+01 2.15000000000E+01 2.20000000000E+01 1.05751587700E+03 1.70957194707E+01 1.06183263623E+03 2.29459137762E+01 1.02916337509E+03 1.35659640878E+01 1.03939152589E+03 1.59916551142E+01 1.06541749210E+03 1.94263077410E+01 1.05985874001E+03 2.13253318109E+01 1.04257542078E+03 1.54666277351E+01 
2.20000000000E+01 2.25000000000E+01 2.30000000000E+01 6.21664916309E+02 3.27712766584E+02 5.15238075296E+02 4.58015758966E+02 6.97213580405E+02 2.42872677547E+02 6.63458861676E+02 3.05593562260E+02 6.26923298779E+02 3.44826348201E+02 5.56517296276E+02 4.27161401648E+02 7.07145698008E+02 2.55558338371E+02 
2.30000000000E+01 2.35000000000E+01 2.40000000000E+01 9.46043822359E+02 1.47859267419E+01 9.68836625849E+02 1.94738042924E+01 9.25911992066E+02 1.18679102412E+01 9.32756176115E+02 1.44653409982E+01 9.58951515542E+02 1.61333770509E+01 9.60391213049E+02 1.92252255891E+01 9.37788613871E+02 1.29784237047E+01 
2.40000000000E+01 2.45000000000E+01 2.50000000000E+01 8.47642796640E+02 1.36730087065E+01 8.64356885707E+02 1.78151028457E+01 8.35729046479E+02 1.10760971201E+01 8.43974705217E+02 1.24718780974E+01 8.82217782589E+02 1.48894339531E+01 8.44301086533E+02 1.57181789745E+01 8.78583300323E+02 1.20136823515E+01 
2.50000000000E+01 2.55000000000E+01 2.60000000000E+01 7.82509275858E+02 1.35797166418E+01 7.90465636174E+02 1.75853521988E+01 7.77584374527E+02 1.04835429287E+01 7.82791919007E+02 1.20887125185E+01 7.98865599954E+02 1.50565870543E+01 7.91295037806E+02 1.54988884332E+01 7.87283981375E+02 1.21164410042E+01 
2.60000000000E+01 2.65000000000E+01 2.70000000000E+01 7.32593814809E+02 1.59118259766E+01 7.35369982590E+02 2.14279956174E+01 7.36290766184E+02 1.25349302772E+01 7.40248048226E+02 1.53949410841E+01 7.46493846782E+02 1.71271270001E+01 7.34751410382E+02 2.05875543274E+01 7.41431208178E+02 1.34776311727E+01 
2.70000000000E+01 2.75000000000E+01 2.80000000000E+01 7.34003674532E+02 1.62618811925E+01 7.58643629242E+02 2.18493893820E+01 7.20860699790E+02 1.27388325570E+01 7.37886013303E+02 1.56469615338E+01 7.45155220360E+02 1.78452267917E+01 7.57505229279E+02 2.10236280325E+01 7.28353944204E+02 1.39971262117E+01 
2.80000000000E+01 2.85000000000E+01 2.90000000000E+01 6.49593341970E+02 2.61006534209E+01 6.43258880010E+02 3.59230285567E+01 6.37014070226E+02 1.96787207006E+01 6.57510392482E+02 2.49903803617E+01 6.52648952981E+02 2.77212401811E+01 6.67741268788E+02 3.44091404569E+01 6.47164937653E+02 2.09754674994E+01 
2.90000000000E+01 2.95000000000E+01 3.00000000000E+01 6.47961115145E+02 1.02522816938E+01 6.61311665063E+02 1.32439428340E+01 6.23678763308E+02 8.25452011249E+00 6.30548348005E+02 9.03495747156E+00 6.61862939034E+02 1.13103339605E+01 6.59224683695E+02 1.17882473022E+01 6.44209384366E+02 9.16409819275E+00 
3.00000000000E+01 3.05000000000E+01 3.10000000000E+01 6.30830817426E+02 9.79156592864E+00 6.57711886743E+02 1.29538997194E+01 6.15258981440E+02 7.82148795760E+00 6.12697767511E+02 9.30898796318E+00 6.47578321721E+02 1.13798624932E+01 6.29084382653E+02 1.21539719403E+01 6.27661491939E+02 9.14716741290E+00 
3.10000000000E+01 3.15000000000E+01 3.20000000000E+01 5.69732000888E+02 9.02316487623E+00 5.83828723758E+02 1.18079159559E+01 5.56494430693E+02 7.33584637660E+00 5.29897403474E+02 8.71988975218E+00 5.81642385659E+02 1.07736350301E+01 5.28840738113E+02 1.12814645119E+01 5.57626368621E+02 9.10803761061E+00 
3.20000000000E+01 3.25000000000E+01 3.30000000000E+01 5.34704058938E+02 1.01900641337E+01 5.51869991618E+02 1.32842731863E+01 5.16649979530E+02 8.42332452533E+00 5.24891480376E+02 9.83127247730E+00 5.31464728857E+02 1.15433240801E+01 5.49117321595E+02 1.30993527834E+01 5.28318912086E+02 9.23124485922E+00 
3.30000000000E+01 3.35000000000E+01 3.40000000000E+01 5.46979496651E+02 1.01383986277E+01 5.49391863977E+02 1.36002029425E+01 5.19247886367E+02 8.07552226819E+00 5.23958838612E+02 9.39053759573E+00 5.35029193497E+02 1.18161112482E+01 5.28296144197E+02 1.22229085889E+01 5.15434466882E+02 9.39923546805E+00 
3.40000000000E+01 3.45000000000E+01 3.50000000000E+01 4.59227718693E+02 8.53118827385E+00 4.63813529363E+02 1.12034474388E+01 4.54474090665E+02 6.86033154699E+00 4.56832760274E+02 7.31355936990E+00 4.79222835886E+02 9.28134382033E+00 4.72269773402E+02 9.74221470223E+00 4.69525157963E+02 7.80216196823E+00 
3.50000000000E+01 3.55000000000E+01 3.60000000000E+01 4.93598366718E+02 1.31854832151E+01 5.17715962927E+02 1.80008946885E+01 4.74585187475E+02 1.02088157750E+01 4.84565146427E+02 1.23533580286E+01 4.83617017775E+02 1.44984747049E+01 5.08705951674E+02 1.66994975401E+01 4.68181013190E+02 1.12084018300E+01 
3.60000000000E+01 3.65000000000E+01 3.70000000000E+01 4.42311316667E+02 8.00040497988E+00 4.45465744061E+02 1.00571002019E+01 4.20815674729E+02 6.51093301160E+00 4.33194334802E+02 7.86050354433E+00 4.39915610844E+02 9.11636760544E+00 4.43279838875E+02 1.00595016868E+01 4.32257272627E+02 7.32892697396E+00 
3.70000000000E+01 3.75000000000E+01 3.80000000000E+01 3.97446644599E+02 7.01526992941E+00 4.01895898316E+02 9.09067075120E+00 3.90251137485E+02 5.71689308547E+00 3.89167151660E+02 7.30899276171E+00 3.90786085219E+02 8.44932520295E+00 3.93013198105E+02 9.67197119733E+00 3.88167477639E+02 6.80556130468E+00 
3.80000000000E+01 3.85000000000E+01 3.90000000000E+01 3.99396724595E+02 7.01018180255E+00 4.02856357044E+02 9.23617751957E+00 3.88999602766E+02 5.66000658137E+00 3.90718318340E+02 6.95034980621E+00 4.12436168435E+02 8.26405291435E+00 4.01094374825E+02 9.10775325801E+00 3.98936480072E+02 6.67432375112E+00 
3.90000000000E+01 3.95000000000E+01 4.00000000000E+01 3.73580664516E+02 6.71389557066E+00 3.79247817114E+02 8.49199278096E+00 3.60792288089E+02 5.46635164841E+00 3.72339666992E+02 6.15780237324E+00 3.86475591259E+02 7.32871111247E+00 3.82402000578E+02 7.97810195071E+00 3.66934366172E+02 5.98968460593E+00 
4.00000000000E+01 4.05000000000E+01 4.10000000000E+01 3.60254094316E+02 6.50508038417E+00 3.76281099331E+02 8.89984627884E+00 3.49265537325E+02 5.30843810147E+00 3.44116013111E+02 6.00994820894E+00 3.71408060369E+02 7.69788597493E+00 3.53774020859E+02 7.79243894840E+00 3.59620133770E+02 6.17450288632E+00 
4.10000000000E+01 4.15000000000E+01 4.20000000000E+01 3.53228988558E+02 6.08659442213E+00 3.63984797001E+02 7.74209295653E+00 3.39607069046E+02 5.13834396538E+00 3.41861535900E+02 5.44648747797E+00 7.18114890623E+02 3.49492345292E+02 3.52302614447E+02 7.08996316498E+00 6.11084860050E+02 2.59385730973E+02 
4.20000000000E+01 4.25000000000E+01 4.30000000000E+01 3.30847304847E+02 5.98598722764E+00 3.35480769254E+02 7.88935924705E+00 3.24313482012E+02 4.92469044557E+00 3.28182445975E+02 6.17010889163E+00 3.29223321557E+02 6.86005748122E+00 3.34766864904E+02 8.33853086473E+00 3.20119395456E+02 5.61482747489E+00 
4.30000000000E+01 4.35000000000E+01 4.40000000000E+01 3.13238423891E+02 5.68507163293E+00 3.23576429948E+02 7.41561244179E+00 3.01203000252E+02 4.51902301279E+00 3.00220330542E+02 5.42999443502E+00 3.20399057433E+02 6.35839849025E+00 3.06644829310E+02 7.03787792911E+00 3.06338862462E+02 5.15673969491E+00 
4.40000000000E+01 4.45000000000E+01 4.50000000000E+01 2.88662103941E+02 5.08235648551E+00 2.87742370320E+02 6.46428612655E+00 2.79299622214E+02 4.17461071645E+00 2.77732529679E+02 4.96502913221E+00 2.87646769897E+02 5.64987199302E+00 2.87489880485E+02 6.55315469468E+00 2.81630609606E+02 4.67954909423E+00 
4.50000000000E+01 4.55000000000E+01 4.60000000000E+01 2.77668151729E+02 6.44899253227E+00 2.81237595331E+02 8.51087963386E+00 2.73590050803E+02 5.16322574650E+00 2.77108645073E+02 5.99876409512E+00 2.82747924908E+02 7.20043468467E+00 2.78686188133E+02 8.00614883607E+00 2.74464102154E+02 5.75106795183E+00 
4.60000000000E+01 4.65000000000E+01 4.70000000000E+01 2.60607818633E+02 4.74121525498E+00 2.63408287621E+02 6.17423603095E+00 2.50062460207E+02 3.80485083286E+00 2.62164790525E+02 4.49318525422E+00 2.58153514953E+02 5.79266615770E+00 2.72303072970E+02 5.90983798846E+00 2.51589442856E+02 4.55325714007E+00 
4.70000000000E+01 4.75000000000E+01 4.80000000000E+01 2.71804302573E+02 5.27511678049E+00 2.70890077658E+02 6.78724444916E+00 2.60206257368E+02 4.15197059447E+00 2.61119316296E+02 5.13087446098E+00 2.71766642047E+02 5.84295677821E+00 2.71411604353E+02 6.87759115477E+00 2.61192247703E+02 4.72358003591E+00 
4.80000000000E+01 4.85000000000E+01 4.90000000000E+01 2.32802366109E+02 5.09558150228E+00 2.38799317893E+02 6.69241587712E+00 2.30993520508E+02 4.14093581504E+00 2.26336950716E+02 5.03338656288E+00 2.36663370654E+02 5.74156971201E+00 2.27959304763E+02 6.54053868058E+00 2.34407195184E+02 4.65421346121E+00 
4.90000000000E+01 4.95000000000E+01 5.00000000000E+01 2.46395860073E+02 5.79393940551E+00 2.56805612486E+02 7.79086064666E+00 2.36516132517E+02 4.60315375804E+00 2.44153885708E+02 5.70061075458E+00 2.46857300732E+02 6.33530168669E+00 2.56237501941E+02 7.64123188702E+00 2.35817106087E+02 4.98717915510E+00 
5.00000000000E+01 5.05000000000E+01 5.10000000000E+01 2.37608971306E+02 5.87417729558E+00 2.48020768149E+02 7.78118652307E+00 2.28302891562E+02 4.69948755605E+00 2.35812934149E+02 5.99572959474E+00 2.42526226661E+02 6.26310541813E+00 2.42767921830E+02 7.88108034960E+00 2.36398578005E+02 5.08931619159E+00 
5.10000000000E+01 5.15000000000E+01 5.20000000000E+01 2.15454264071E+02 4.51387151516E+00 2.21167474800E+02 5.85504391137E+00 2.10080265021E+02 3.69721535042E+00 2.11899324272E+02 4.21555578719E+00 2.12038503242E+02 5.28478973585E+00 2.19177666227E+02 5.53643214991E+00 2.09886661615E+02 4.35119306195E+00 
5.20000000000E+01 5.25000000000E+01 5.30000000000E+01 2.10492019612E+02 4.24658916042E+00 2.15443303523E+02 5.50495226990E+00 2.05096515295E+02 3.49047886728E+00 2.04607576037E+02 4.01428559417E+00 2.09858111785E+02 5.10782563915E+00 2.06658170060E+02 5.20131944698E+00 2.06993733766E+02 4.12841004429E+00 
5.30000000000E+01 5.35000000000E+01 5.40000000000E+01 1.99755500418E+02 5.62148962853E+00 2.00589815818E+02 7.46293194533E+00 1.97212992258E+02 4.48665195563E+00 1.98057318496E+02 5.12129958947E+00 2.04608025336E+02 5.88984327439E+00 1.98616557192E+02 6.84958463521E+00 1.97738259508E+02 4.75550282917E+00 
5.40000000000E+01 5.45000000000E+01 5.50000000000E+01 1.83421187264E+02 4.93177644815E+00 1.89946623476E+02 6.36070149977E+00 1.81496311295E+02 3.96043333222E+00 1.81583101881E+02 4.70603407261E+00 1.89201663033E+02 5.21095872987E+00 1.84349608235E+02 6.17664975341E+00 1.78547321367E+02 4.75010005183E+00 
5.50000000000E+01 5.55000000000E+01 5.60000000000E+01 1.87556889452E+02 4.37825379739E+00 2.04345661797E+02 5.88888525451E+00 1.81161566830E+02 3.55616087609E+00 1.80485785818E+02 4.15958306947E+00 1.89572788469E+02 4.52253237711E+00 1.89033237877E+02 5.50644277133E+00 1.79957089219E+02 3.58466477210E+00 
5.60000000000E+01 5.65000000000E+01 5.70000000000E+01 1.81373413224E+02 3.89360235082E+00 1.90928187700E+02 5.08055150796E+00 1.74498240022E+02 3.19614031702E+00 1.80540165875E+02 3.99405591703E+00 1.83560297145E+02 4.40335435087E+00 1.90836978624E+02 5.25688145110E+00 1.75772892389E+02 3.58750144443E+00 
5.70000000000E+01 5.75000000000E+01 5.80000000000E+01 1.56985323241E+02 3.68540721751E+00 1.50312130262E+02 4.85442646155E+00 1.51375827902E+02 2.91819338499E+00 1.55805164417E+02 3.62796479730E+00 1.54144795481E+02 4.02685154387E+00 1.53985440549E+02 4.70971909899E+00 1.49333136596E+02 3.22387323887E+00 
5.80000000000E+01 5.85000000000E+01 5.90000000000E+01 1.51537184261E+02 4.14371115601E+00 1.49128673991E+02 5.34188222661E+00 1.46048795561E+02 3.86272715913E+00 1.52335732460E+02 4.12749884916E+00 1.46639286380E+02 4.63170961106E+00 1.54707211856E+02 5.40639213253E+00 1.45428030281E+02 3.74614958303E+00 
5.90000000000E+01 5.95000000000E+01 6.00000000000E+01 1.74966781886E+02 3.87060815537E+00 1.82610150658E+02 5.08652580124E+00 1.63925212756E+02 3.07451573266E+00 1.64261460533E+02 3.73227872405E+00 1.76983950112E+02 4.07439008775E+00 1.76226071275E+02 4.93714657152E+00 1.64894494792E+02 3.25726721954E+00 
6.00000000000E+01 6.05000000000E+01 6.10000000000E+01 1.53582447242E+02 3.06236874343E+00 1.63457984998E+02 3.99383792051E+00 1.48618231385E+02 2.57613645601E+00 1.52426203600E+02 2.99919327871E+00 1.54472692072E+02 3.40794528763E+00 1.52618115248E+02 3.86755873928E+00 1.49937408792E+02 2.86286070534E+00 
6.10000000000E+01 6.15000000000E+01 6.20000000000E+01 1.26857250193E+02 3.16572023522E+00 1.25898617230E+02 4.12807841593E+00 1.26980986497E+02 2.57559520922E+00 1.29409101409E+02 2.95866199647E+00 1.28580066734E+02 3.58397074940E+00 1.34421010686E+02 3.93879714831E+00 1.25285089390E+02 2.84164145617E+00 
6.20000000000E+01 6.25000000000E+01 6.30000000000E+01 1.45059335593E+02 8.86888136057E+00 1.46417065376E+02 1.21507446937E+01 1.35653235185E+02 6.68863239439E+00 1.45916464933E+02 8.68716852832E+00 1.42705084594E+02 9.07113228623E+00 1.48391613869E+02 1.19118522576E+01 1.35083727125E+02 6.87938088295E+00 
6.30000000000E+01 6.35000000000E+01 6.40000000000E+01 1.27120973042E+02 8.49231945150E+00 1.31338809081E+02 1.16659806463E+01 1.24078438867E+02 6.41526397746E+00 1.22902405025E+02 8.35154566192E+00 1.22647486796E+02 8.64619986311E+00 1.25267458396E+02 1.14750385669E+01 1.22373905801E+02 6.57210946447E+00 
6.40000000000E+01 6.45000000000E+01 6.50000000000E+01 1.23382860342E+02 2.98237794206E+00 1.29893419811E+02 3.82429982717E+00 1.21628281498E+02 2.37194250631E+00 1.22620985325E+02 3.01397986853E+00 1.33274688569E+02 3.35610809938E+00 1.24990669255E+02 3.92097946883E+00 1.26437649104E+02 2.72514535232E+00 
6.50000000000E+01 6.55000000000E+01 6.60000000000E+01 1.26715999420E+02 3.02268626009E+00 1.28270607194E+02 3.82724588695E+00 1.23424666861E+02 2.39004143033E+00 1.29784097176E+02 2.97056289996E+00 1.28055468567E+02 3.09482665479E+00 1.37009822159E+02 4.00255564604E+00 1.21413303464E+02 2.47487027745E+00 
6.60000000000E+01 6.65000000000E+01 6.70000000000E+01 1.20264947981E+02 3.12916999665E+00 1.22007438599E+02 3.97418898630E+00 1.15284164501E+02 2.58701058571E+00 1.13755269604E+02 3.06392213058E+00 1.23435149165E+02 3.57175000273E+00 1.15721347860E+02 3.95566050026E+00 1.18656531660E+02 2.91525114275E+00 
6.70000000000E+01 6.75000000000E+01 6.80000000000E+01 1.21282075017E+02 2.47039928928E+00 1.24832229309E+02 3.16430988946E+00 1.16913170575E+02 2.03196795153E+00 1.16578324371E+02 2.48429305937E+00 1.19699577646E+02 2.76813231806E+00 1.21143736788E+02 3.30785333838E+00 1.12590935446E+02 2.20157603644E+00 
6.80000000000E+01 6.85000000000E+01 6.90000000000E+01 1.09807195084E+02 3.26020994731E+00 1.10284001350E+02 4.35805551960E+00 1.06897543665E+02 2.56181335772E+00 1.06083721920E+02 3.13278304672E+00 1.04863243672E+02 3.70730726297E+00 1.13878771542E+02 4.27276892706E+00 1.00027696604E+02 2.74726380701E+00 
6.90000000000E+01 6.95000000000E+01 7.00000000000E+01 1.00767586719E+02 3.25173213763E+00 1.02180846738E+02 4.52923620225E+00 1.01108742347E+02 2.57830836508E+00 9.82635616806E+01 3.23284672276E+00 1.05570535068E+02 3.47523825282E+00 1.01580581960E+02 4.44421508496E+00 1.01123947379E+02 2.76613816833E+00 
7.00000000000E+01 7.05000000000E+01 7.10000000000E+01 9.76295548919E+01 2.41073676448E+00 9.63902851535E+01 3.12635081170E+00 9.47343229932E+01 1.95529973439E+00 9.50274161828E+01 2.32684759048E+00 9.61404626999E+01 2.67570875531E+00 9.49375620287E+01 3.03612070274E+00 9.47450591960E+01 2.18421654532E+00 
7.10000000000E+01 7.15000000000E+01 7.20000000000E+01 9.80912973891E+01 2.44934124807E+00 9.93243173067E+01 3.12829578920E+00 9.62514209004E+01 2.02022685546E+00 1.00011283844E+02 2.29606229695E+00 9.70676240623E+01 2.73279168624E+00 1.00553121508E+02 2.91564914102E+00 9.62687257592E+01 2.21361888250E+00 
7.20000000000E+01 7.25000000000E+01 7.30000000000E+01 8.80891328691E+01 3.06519941130E+00 8.75382084639E+01 4.12093640871E+00 8.59524062414E+01 2.41434647991E+00 8.99467891974E+01 2.96933751590E+00 8.51259636795E+01 4.54894232713E+00 9.41941271291E+01 3.96599216977E+00 8.37711124013E+01 3.49120437986E+00 
7.30000000000E+01 7.35000000000E+01 7.40000000000E+01 8.59439569361E+01 3.14132473795E+00 9.09435891229E+01 4.27012294784E+00 8.55495166617E+01 2.50367682844E+00 8.17355408817E+01 3.06518278496E+00 8.93188179729E+01 4.56021795568E+00 8.41895798205E+01 4.17464994102E+00 8.30801494381E+01 3.45817403017E+00 
7.40000000000E+01 7.45000000000E+01 7.50000000000E+01 8.82125122450E+01 2.64223676109E+00 9.20128585644E+01 3.37109700723E+00 8.57762673247E+01 2.11921535912E+00 9.13414724133E+01 2.48506812752E+00 8.70583866093E+01 2.85230710195E+00 9.43313369492E+01 3.17579030937E+00 8.25068406800E+01 2.32450366251E+00 
7.50000000000E+01 7.55000000000E+01 7.60000000000E+01 8.76821994031E+01 2.20957343261E+00 9.09540942508E+01 2.84555037146E+00 8.18782486138E+01 1.74018416277E+00 8.33268912919E+01 1.97765322350E+00 8.52603497038E+01 2.19537001701E+00 8.21997877445E+01 2.61599205999E+00 8.08069246074E+01 1.76743166492E+00 
7.60000000000E+01 7.65000000000E+01 7.70000000000E+01 7.50556562980E+01 2.32501620429E+00 7.65054859372E+01 2.85253556663E+00 7.37135241154E+01 1.89645511799E+00 7.25149743650E+01 2.70375221631E+00 7.37401137588E+01 2.32146088209E+00 7.72890364156E+01 3.66253215391E+00 7.33395069811E+01 1.95681378875E+00 
7.70000000000E+01 7.75000000000E+01 7.80000000000E+01 7.64681868346E+01 1.98107641843E+00 7.59302110038E+01 2.60155639017E+00 7.74365843111E+01 1.58429682379E+00 7.28843609635E+01 1.77536973545E+00 7.90894467948E+01 2.18530550227E+00 8.08873008065E+01 2.54397759894E+00 7.45935397375E+01 1.78511107613E+00 
7.80000000000E+01 7.85000000000E+01 7.90000000000E+01 7.67012990725E+01 1.99938449407E+00 7.82078554089E+01 2.51355259273E+00 7.41001271289E+01 1.64026652454E+00 7.48199521911E+01 1.91872667166E+00 8.00483148834E+01 2.33657877539E+00 7.52932433113E+01 2.51985461806E+00 7.56437491045E+01 1.88425750393E+00 
7.90000000000E+01 7.95000000000E+01 8.00000000000E+01 7.31533366613E+01 1.78716194800E+00 8.29099206714E+01 2.47423698912E+00 7.31311370308E+01 1.47202560461E+00 7.02140303904E+01 1.87775657441E+00 7.66079760814E+01 1.98802819521E+00 7.45081626992E+01 2.54037490038E+00 7.53045123068E+01 1.64289196381E+00 
8.00000000000E+01 8.05000000000E+01 8.10000000000E+01 7.25022939918E+01 2.31068981512E+00 6.90102259924E+01 2.88219665901E+00 6.82217117316E+01 1.81763114132E+00 7.14487613650E+01 2.23262717668E+00 6.86584137719E+01 2.44219312723E+00 7.09999815949E+01 2.88659112369E+00 6.69387319244E+01 1.97499196577E+00 
8.10000000000E+01 8.15000000000E+01 8.20000000000E+01 9.66500598662E+01 2.69470065926E+01 1.17848055015E+02 3.79619161921E+01 8.79624295889E+01 1.98580926029E+01 9.75637081559E+01 2.52120469066E+01 1.01738803412E+02 2.82531982822E+01 1.11064890041E+02 3.55081478258E+01 9.00378944845E+01 2.08151732940E+01 
8.20000000000E+01 8.25000000000E+01 8.30000000000E+01 5.74435286628E+01 1.88272150465E+00 5.61807629960E+01 2.46704526088E+00 5.64653461292E+01 1.49874425986E+00 5.63639925288E+01 1.87643552676E+00 5.39597502607E+01 1.93282561977E+00 5.36369618869E+01 2.45899119836E+00 5.49144600961E+01 1.57304394092E+00 
8.30000000000E+01 8.35000000000E+01 8.40000000000E+01 5.91014849878E+01 1.83444323208E+00 5.85179790515E+01 2.39786545662E+00 5.69943357856E+01 1.49528311870E+00 5.77666576696E+01 1.76193030419E+00 5.74341766338E+01 2.04805699941E+00 6.01642753781E+01 2.25690122113E+00 5.65127432761E+01 1.54362303981E+00 
8.40000000000E+01 8.45000000000E+01 8.50000000000E+01 6.23851948392E+01 1.58275523250E+00 6.50057045344E+01 1.74649700468E+00 5.86737541542E+01 1.24614985152E+00 5.98182337682E+01 1.32487194533E+00 6.11064695133E+01 1.52751220586E+00 6.32565510919E+01 1.71618957373E+00 6.05776332499E+01 1.34286453188E+00 
8.50000000000E+01 8.55000000000E+01 8.60000000000E+01 5.78263208942E+01 1.24278177833E+00 6.16874704744E+01 1.64871062376E+00 5.78002815187E+01 1.06441712817E+00 5.86421756650E+01 1.28696260577E+00 6.05729188219E+01 1.37592476110E+00 5.82665277422E+01 1.90428843010E+00 5.93412617749E+01 1.19110238556E+00 
8.60000000000E+01 8.65000000000E+01 8.70000000000E+01 5.95842559538E+01 1.66451893885E+00 6.24935212645E+01 2.29663205250E+00 5.68490754286E+01 1.33651294406E+00 5.95856243488E+01 1.66541046285E+00 5.91446930416E+01 1.77228023073E+00 5.85426017653E+01 2.24618532949E+00 5.73493170881E+01 1.44772307228E+00 
8.70000000000E+01 8.75000000000E+01 8.80000000000E+01 5.44974667186E+01 1.70682224829E+00 5.63571817570E+01 2.19450585169E+00 5.20673493027E+01 1.35979713702E+00 5.33628563212E+01 1.63726570617E+00 4.87108937953E+01 2.05946557090E+00 5.44793938718E+01 2.12371569594E+00 4.73488970405E+01 1.66070382358E+00 
8.80000000000E+01 8.85000000000E+01 8.90000000000E+01 5.70799044822E+01 3.28255312428E+00 5.90106182920E+01 4.54685913077E+00 5.45509458942E+01 2.49358205781E+00 5.59175085523E+01 3.22938717539E+00 5.70929067706E+01 3.47384994106E+00 5.79592837446E+01 4.44183663358E+00 5.75289902225E+01 2.63955413352E+00 
8.90000000000E+01 8.95000000000E+01 9.00000000000E+01 4.63941974006E+01 2.41558674379E+00 4.79361923496E+01 3.17359212572E+00 4.70884265870E+01 1.93700355964E+00 4.68197164949E+01 2.46677213833E+00 4.75843900989E+01 2.22391968581E+00 4.77510817406E+01 3.24140132295E+00 4.73553469776E+01 1.78652141162E+00 
9.00000000000E+01 9.05000000000E+01 9.10000000000E+01 4.88153741783E+01 1.53710166736E+00 5.17992463054E+01 1.94153416364E+00 4.66044663637E+01 1.21410763800E+00 5.27072372914E+01 1.61419362132E+00 4.96740954064E+01 1.66304150503E+00 5.43499605417E+01 2.08650285379E+00 4.76136973526E+01 1.33773871038E+00 
9.10000000000E+01 9.15000000000E+01 9.20000000000E+01 5.15301409671E+01 1.66440273231E+00 5.49745679632E+01 2.16141899848E+00 5.01465976830E+01 1.37508596968E+00 5.09303367451E+01 1.67809154226E+00 5.33979104341E+01 1.71008128471E+00 5.28131056545E+01 2.13700228256E+00 5.21358010792E+01 1.42117947781E+00 
9.20000000000E+01 9.25000000000E+01 9.30000000000E+01 4.04574192919E+01 3.19293851736E+00 4.09021223356E+01 4.41040342034E+00 3.89195032884E+01 2.40704418852E+00 3.74953299866E+01 4.58025724395E+00 4.39847829793E+01 2.18231591722E+00 3.72401322186E+01 6.37527306087E+00 4.11130826452E+01 1.69322746003E+00 
9.30000000000E+01 9.35000000000E+01 9.40000000000E+01 4.18992628594E+01 3.09063629347E+00 4.28221706073E+01 4.28388316293E+00 4.09508723383E+01 2.34120400921E+00 4.34598549806E+01 4.50878865961E+00 4.20240916485E+01 2.14005235970E+00 4.54171574276E+01 6.30473963398E+00 4.03807398098E+01 1.64562174993E+00 
9.40000000000E+01 9.45000000000E+01 9.50000000000E+01 4.51332195970E+01 1.17595428120E+00 4.78431914096E+01 1.80108766817E+00 4.24269420153E+01 9.13766225058E-01 4.40930126714E+01 1.13814627974E+00 4.43291664869E+01 1.30794665251E+00 4.71543050272E+01 1.54503644538E+00 4.17473454156E+01 1.06707954841E+00 
9.50000000000E+01 9.55000000000E+01 9.60000000000E+01 3.98238912621E+01 1.31371960036E+00 4.20580096670E+01 1.69159981333E+00 3.93199763115E+01 1.08886749826E+00 3.83022607312E+01 1.39033681508E+00 4.09309684983E+01 1.36665993977E+00 3.88132451298E+01 1.79979497438E+00 3.88651478165E+01 1.12292953664E+00 
9.60000000000E+01 9.65000000000E+01 9.70000000000E+01 3.93614959546E+01 1.02554116332E+00 4.01899287771E+01 1.34453441793E+00 3.79266867862E+01 8.14834978168E-01 4.01908965694E+01 1.06873277997E+00 3.98281500367E+01 1.11148806777E+00 4.28548441469E+01 1.40026777252E+00 3.95357199268E+01 9.16257432511E-01 
9.70000000000E+01 9.75000000000E+01 9.80000000000E+01 4.04153176068E+01 1.12390430395E+00 4.09250655971E+01 1.42997716435E+00 4.02006523550E+01 9.42541107781E-01 3.80929892464E+01 1.17906245203E+00 4.08009477130E+01 1.20219033633E+00 3.97751058641E+01 1.58249742297E+00 3.86086679333E+01 9.60669653274E-01 
9.80000000000E+01 9.85000000000E+01 9.90000000000E+01 3.55273129504E+01 1.09555020630E+00 3.66443731096E+01 1.42345208841E+00 3.59566251854E+01 9.20315827317E-01 3.68775724050E+01 1.21370424021E+00 3.56370477742E+01 1.25529510973E+00 3.49462173842E+01 1.56471362132E+00 3.58008298889E+01 1.03374841080E+00 
9.90000000000E+01 9.95000000000E+01 1.00000000000E+02 3.67975579411E+01 1.01867759996E+00 3.60525199408E+01 1.25842009444E+00 3.51693071189E+01 8.86140038988E-01 3.73194364861E+01 1.15013241444E+00 3.61872558817E+01 1.15038796078E+00 3.74800178555E+01 1.45320735510E+00 3.46821547976E+01 9.35997628099E-01 
#nx: 3
