#labels: ptz__0__0p25_lower[1] ptz__0__0p25_center[2] ptz__0__0p25_upper[3] tot_scale01[4] tot_scale01_Err[5] tot_scale02[6] tot_scale02_Err[7] tot_scale03[8] tot_scale03_Err[9] tot_scale04[10] tot_scale04_Err[11] tot_scale05[12] tot_scale05_Err[13] tot_scale06[14] tot_scale06_Err[15] tot_scale07[16] tot_scale07_Err[17]
#neval: 65026889702
#overflow:lower center upper 2.37129207178E+01 3.14408655828E+00 -8.66093811830E+01 4.36553682178E+00 9.79594627117E+01 2.52938959325E+00 2.42208101798E+01 3.28714834969E+00 2.06224465904E+01 3.59876126657E+00 -9.17809193771E+01 4.36608540328E+00 9.40007079455E+01 2.99188267558E+00 
0.00000000000E+00 5.00000000000E-01 1.00000000000E+00 0.00000000000E+00 0.00000000000E+00 0.00000000000E+00 0.00000000000E+00 0.00000000000E+00 0.00000000000E+00 0.00000000000E+00 0.00000000000E+00 0.00000000000E+00 0.00000000000E+00 0.00000000000E+00 0.00000000000E+00 0.00000000000E+00 0.00000000000E+00 
1.00000000000E+00 1.50000000000E+00 2.00000000000E+00 -1.39403349467E+04 3.97222679562E+02 -1.01456202999E+04 5.38355066331E+02 -1.50840106894E+04 3.02335058204E+02 -1.27234163017E+04 3.76596715242E+02 -1.55210119286E+04 4.40510677252E+02 -9.86959320404E+03 5.16049285727E+02 -1.69320181315E+04 3.36496928936E+02 
2.00000000000E+00 2.50000000000E+00 3.00000000000E+00 -6.46434142471E+03 2.48778527363E+02 -6.25632558655E+03 3.37985559405E+02 -6.04539729347E+03 1.92079091658E+02 -5.72326703160E+03 2.21375890396E+02 -7.27715144280E+03 2.77193238054E+02 -5.70739612134E+03 3.00834017087E+02 -6.85446560341E+03 2.13546713678E+02 
3.00000000000E+00 3.50000000000E+00 4.00000000000E+00 -3.77372926543E+03 1.27467810636E+02 -3.95602698312E+03 1.72613905160E+02 -3.25493594165E+03 1.00313331892E+02 -3.16805913558E+03 1.09493823144E+02 -4.21862726335E+03 1.46403133112E+02 -3.53840434783E+03 1.49026567781E+02 -3.74894317475E+03 1.14172153555E+02 
4.00000000000E+00 4.50000000000E+00 5.00000000000E+00 -2.12783020883E+03 9.95772158204E+01 -2.43017447447E+03 1.32186091161E+02 -1.71799367657E+03 7.86150413389E+01 -1.65537271559E+03 8.33517829583E+01 -2.49051282733E+03 1.15100548392E+02 -1.97832791100E+03 1.11291554705E+02 -2.11007531746E+03 9.12843516132E+01 
5.00000000000E+00 5.50000000000E+00 6.00000000000E+00 -1.24709101597E+03 7.53526346136E+01 -1.50379520200E+03 9.99660273039E+01 -9.70721013033E+02 6.03029532168E+01 -9.81085557147E+02 6.58366029055E+01 -1.53797382333E+03 8.99346938778E+01 -1.20438093715E+03 8.71774968167E+01 -1.21903203863E+03 7.17213264342E+01 
6.00000000000E+00 6.50000000000E+00 7.00000000000E+00 -9.35757396016E+02 6.75950771928E+01 -1.06107674765E+03 9.03422256894E+01 -6.67547310428E+02 5.41544703104E+01 -6.97232618064E+02 5.62362503458E+01 -1.22153541316E+03 7.86976575056E+01 -9.16344259536E+02 7.65734769289E+01 -9.04446713158E+02 6.23426366141E+01 
7.00000000000E+00 7.50000000000E+00 8.00000000000E+00 -6.76134372815E+02 5.83338508672E+01 -9.08106684624E+02 7.57290505759E+01 -4.52860266489E+02 4.67392295503E+01 -4.54201577032E+02 5.40368164000E+01 -9.38509363245E+02 7.13443782130E+01 -6.75569331600E+02 7.21156675316E+01 -6.63469103583E+02 5.65566614355E+01 
8.00000000000E+00 8.50000000000E+00 9.00000000000E+00 -2.37300725660E+02 6.13436296022E+01 -3.60583048149E+02 8.30023151672E+01 -1.12108075507E+02 4.80306103095E+01 -7.08856234802E+01 5.35042212445E+01 -3.59975966831E+02 7.09224562604E+01 -1.85182384333E+02 7.19733508833E+01 -2.50782112563E+02 5.47839709530E+01 
9.00000000000E+00 9.50000000000E+00 1.00000000000E+01 -3.94938180847E+02 4.34627516965E+01 -5.95146844007E+02 5.79095471666E+01 -1.99183745643E+02 3.46754677946E+01 -2.61105472376E+02 4.00066259457E+01 -5.20405947722E+02 5.20824642439E+01 -4.77725751376E+02 5.37122368420E+01 -3.39797598236E+02 4.11192275225E+01 
1.00000000000E+01 1.05000000000E+01 1.10000000000E+01 -2.91598454879E+02 3.79701939233E+01 -3.81598891007E+02 4.67987137752E+01 -1.29010859883E+02 3.03147388584E+01 -1.04708182819E+02 3.21912570569E+01 -4.38388456109E+02 4.59559505566E+01 -3.63161821636E+02 4.37051111830E+01 -2.78517406585E+02 3.66093656034E+01 
1.10000000000E+01 1.15000000000E+01 1.20000000000E+01 -5.66420832317E+01 3.71322917561E+01 -1.90293524551E+02 4.84512780791E+01 1.20209774488E+01 2.93087445811E+01 4.72774200828E+01 3.20883438297E+01 -1.73537481287E+02 4.26968569636E+01 -7.35501194552E+01 4.16348379107E+01 -6.05903425113E+01 3.39374349490E+01 
1.20000000000E+01 1.25000000000E+01 1.30000000000E+01 -1.77210176907E+02 3.06857227796E+01 -2.97313852517E+02 4.02514622340E+01 -8.44916730802E+01 2.43792219785E+01 -9.61898846866E+01 2.51285726499E+01 -2.85121462386E+02 3.63543248477E+01 -2.18706640682E+02 3.31900195929E+01 -1.78276215121E+02 2.94799516470E+01 
1.30000000000E+01 1.35000000000E+01 1.40000000000E+01 1.00830046205E+02 3.00113259331E+01 4.09679192907E+01 3.90549582990E+01 1.46401610060E+02 2.40872889882E+01 1.54802861039E+02 2.69282461122E+01 3.05138026181E+01 3.45445816252E+01 7.98372681151E+01 3.52708441927E+01 9.66021643785E+01 2.78819429786E+01 
1.40000000000E+01 1.45000000000E+01 1.50000000000E+01 -9.45322317010E+01 2.68633507393E+01 -2.02604988363E+02 3.51914226447E+01 1.72866751958E+00 2.14605655082E+01 1.65137419862E+01 2.30779808143E+01 -1.69783462725E+02 3.06029780939E+01 -1.13239906531E+02 2.99714326292E+01 -6.32470507982E+01 2.46507200948E+01 
1.50000000000E+01 1.55000000000E+01 1.60000000000E+01 6.05701110657E+01 2.42626795845E+01 -6.54012678762E+00 3.17154797680E+01 9.86367723250E+01 1.95317723316E+01 9.06203381021E+01 2.01875290917E+01 -1.16314636038E+01 2.95426714009E+01 1.84113138523E+01 2.65766665052E+01 4.69390444585E+01 2.36118907182E+01 
1.60000000000E+01 1.65000000000E+01 1.70000000000E+01 -1.36827746153E+01 2.96227295607E+01 -7.65029756453E+01 3.95768083024E+01 3.89620515002E+01 2.31139262686E+01 3.55730621706E+01 2.75221613219E+01 -6.91388858798E+01 3.36263644887E+01 -2.87069596571E+01 3.72274791729E+01 1.89588164952E+00 2.61840166050E+01 
1.70000000000E+01 1.75000000000E+01 1.80000000000E+01 -3.72782589123E+01 2.40739576995E+01 -1.02685021185E+02 3.24108075102E+01 2.87211677810E+01 1.88220121108E+01 2.45509650593E+01 2.22089417288E+01 -4.46622833565E+01 2.83788777589E+01 -5.72559793221E+01 2.97179851541E+01 -1.70598530757E+01 2.21606333736E+01 
1.80000000000E+01 1.85000000000E+01 1.90000000000E+01 3.75561355703E+01 2.21104600324E+01 -2.20423290231E+01 2.94239439580E+01 8.35900259334E+01 1.76001576862E+01 6.48744660113E+01 1.93779693313E+01 -4.10241920262E+01 2.48140752344E+01 3.94727712368E+00 2.57729038115E+01 3.54932817405E+01 1.96973221006E+01 
1.90000000000E+01 1.95000000000E+01 2.00000000000E+01 1.85487957020E+01 1.92849122715E+01 -3.35706851087E+01 2.44850149549E+01 6.34543177788E+01 1.53551182043E+01 6.01721807790E+01 1.79669770344E+01 -2.06110549319E+01 2.13022353910E+01 -2.62584278656E+00 2.39099779748E+01 2.03369889396E+01 1.72289725021E+01 
2.00000000000E+01 2.05000000000E+01 2.10000000000E+01 -8.75905886342E+00 1.73425926660E+01 -5.05414365985E+01 2.25460261780E+01 3.74404613171E+01 1.39385401399E+01 3.39316453156E+01 1.56861739192E+01 -3.36351121000E+01 2.03372108763E+01 -1.52213394170E+01 2.03084594903E+01 2.08108526168E+01 1.63420309472E+01 
2.10000000000E+01 2.15000000000E+01 2.20000000000E+01 -4.40065136352E+01 2.19782949749E+01 -1.09240675149E+02 3.00929896177E+01 1.48297937703E+01 1.71091198027E+01 1.42390591104E+01 2.03211513567E+01 -7.77316861450E+01 2.46328626868E+01 -4.02969179439E+01 2.75638142520E+01 -1.16170206894E+01 1.92676716796E+01 
2.20000000000E+01 2.25000000000E+01 2.30000000000E+01 8.88850948039E+01 2.31283759256E+01 3.06195847155E+01 3.07734721298E+01 1.10351644609E+02 1.80298739260E+01 1.23200872234E+02 2.15919140323E+01 4.51003966891E+01 2.53145792992E+01 9.14028763309E+01 2.90536735374E+01 8.33510500820E+01 1.98658788617E+01 
2.30000000000E+01 2.35000000000E+01 2.40000000000E+01 9.84907143772E+01 1.77125053159E+01 7.55258074659E+01 2.29355694771E+01 1.08158176335E+02 1.46105565864E+01 9.69902208793E+01 1.74149976094E+01 9.13630308578E+01 1.99131754191E+01 5.70841381072E+01 2.32246748531E+01 1.20947339869E+02 1.61290506112E+01 
2.40000000000E+01 2.45000000000E+01 2.50000000000E+01 4.98179596013E+01 1.23608441110E+01 1.87698334084E+01 1.67728034701E+01 7.51904760770E+01 1.01460949277E+01 7.37159267371E+01 1.15857051217E+01 3.62901225681E+01 1.50950870117E+01 3.72084940378E+01 1.48040665521E+01 6.04038711143E+01 1.22191121398E+01 
2.50000000000E+01 2.55000000000E+01 2.60000000000E+01 2.06758947652E+01 1.21659226471E+01 -1.94928206347E+01 1.57691605823E+01 5.69492534528E+01 9.74114005224E+00 4.47476723824E+01 1.08388620514E+01 -2.49055422352E+01 1.46995382490E+01 -6.69529807121E+00 1.44251938013E+01 1.92048238647E+01 1.16707411891E+01 
2.60000000000E+01 2.65000000000E+01 2.70000000000E+01 6.82540966999E+01 1.16386847456E+01 4.19847737381E+01 1.50324829691E+01 8.85403315450E+01 9.47758577581E+00 8.71304968183E+01 1.03000910601E+01 3.90861187668E+01 1.39194418648E+01 6.34122082568E+01 1.32671590401E+01 6.01626173046E+01 1.12122081741E+01 
2.70000000000E+01 2.75000000000E+01 2.80000000000E+01 1.20867531280E+01 1.21081173089E+01 -3.28594239329E+01 1.56266394988E+01 3.65948472796E+01 9.74984014777E+00 3.26939678113E+01 1.11139753179E+01 -1.99327891936E+00 1.40899605850E+01 9.84506114865E+00 1.46838263243E+01 2.77859663351E+01 1.10983738803E+01 
2.80000000000E+01 2.85000000000E+01 2.90000000000E+01 4.86656002883E+01 1.20453545649E+01 1.99112472356E+01 1.54550543993E+01 6.34183133246E+01 9.79961504873E+00 6.80048858664E+01 1.08210487747E+01 4.59434889545E+01 1.39635652078E+01 4.07362882636E+01 1.39478929744E+01 7.40046996597E+01 1.14010765891E+01 
2.90000000000E+01 2.95000000000E+01 3.00000000000E+01 1.01389240152E+01 1.14018933431E+01 -1.84637511286E+01 1.50704481530E+01 3.10828143255E+01 9.07301860879E+00 4.71786272340E+01 9.82421944684E+00 -1.59199856451E+01 1.31243902637E+01 1.95277075069E+01 1.29307475149E+01 8.08031890164E+00 1.05730622294E+01 
3.00000000000E+01 3.05000000000E+01 3.10000000000E+01 6.18448644179E+01 1.07392869312E+01 6.23413413323E+01 1.40706671690E+01 6.87360525887E+01 8.41770288649E+00 7.42040438599E+01 9.83990107729E+00 5.82244577088E+01 1.23082594169E+01 5.64789073595E+01 1.23187808672E+01 7.51638443014E+01 9.92289196106E+00 
3.10000000000E+01 3.15000000000E+01 3.20000000000E+01 1.32431934121E+01 9.52206756390E+00 -1.24673449029E+01 1.30413757681E+01 3.87076836275E+01 7.81065800834E+00 2.94539743486E+01 8.97415974442E+00 -4.46138253609E+00 1.10344397140E+01 1.04704965437E+01 1.19450781319E+01 2.12501027458E+01 8.99521147548E+00 
3.20000000000E+01 3.25000000000E+01 3.30000000000E+01 5.95911748690E+01 8.28931165814E+00 3.85542417336E+01 1.03143814958E+01 8.57939778353E+01 7.17108498416E+00 8.16530494266E+01 8.26490321442E+00 4.56672376292E+01 9.61507588870E+00 7.08957326223E+01 1.07592540866E+01 6.73485190926E+01 8.05650453761E+00 
3.30000000000E+01 3.35000000000E+01 3.40000000000E+01 3.45319740813E+01 8.78349996613E+00 9.50971408187E+00 1.17671127810E+01 4.94542650394E+01 7.19487913682E+00 3.85318159286E+01 8.14429012076E+00 3.14215155508E+01 9.97919189216E+00 1.86882618846E+01 1.07396454394E+01 3.96517071220E+01 8.12676684267E+00 
3.40000000000E+01 3.45000000000E+01 3.50000000000E+01 2.02950057777E+01 8.78196259651E+00 8.98292043461E-02 1.13663508133E+01 3.10326829878E+01 7.00566128687E+00 2.37670047476E+01 8.09111434606E+00 1.61652746225E+01 1.00156311111E+01 7.63375425452E+00 1.06780532602E+01 2.55801150986E+01 8.23677197608E+00 
3.50000000000E+01 3.55000000000E+01 3.60000000000E+01 3.24864992279E+01 7.80646570435E+00 1.05932638448E+01 1.00998647844E+01 4.46332508144E+01 6.26241842909E+00 3.41912039722E+01 7.04568525034E+00 2.56222555427E+01 9.29569450975E+00 9.58837821805E+00 9.20871565849E+00 4.09235106044E+01 7.28150705199E+00 
3.60000000000E+01 3.65000000000E+01 3.70000000000E+01 -8.70741868046E+00 7.68835335501E+00 -4.18366176672E+01 1.00755465962E+01 1.31180545715E+01 6.33887137571E+00 4.89662198869E+00 6.69553618108E+00 1.19492823311E+00 8.23707279797E+00 -1.55058487246E+01 8.50144298517E+00 1.32173912187E+01 6.61499449765E+00 
3.70000000000E+01 3.75000000000E+01 3.80000000000E+01 5.94800475009E+00 6.17097529381E+00 -1.51939034503E+01 7.98307515641E+00 3.07677929408E+01 5.23381168052E+00 2.70638614000E+01 6.02328660558E+00 3.26531646518E+00 7.54842358911E+00 4.95265585902E+00 8.17714188059E+00 2.04043097187E+01 6.27432090639E+00 
3.80000000000E+01 3.85000000000E+01 3.90000000000E+01 2.18231686732E+01 7.86080461272E+00 4.52796954693E+00 1.04475333853E+01 5.05230109394E+01 6.44272932121E+00 5.29098694678E+01 7.23000241035E+00 1.24486265035E+01 9.18795250196E+00 3.60756273942E+01 9.58259515301E+00 3.74943875749E+01 7.47135760016E+00 
3.90000000000E+01 3.95000000000E+01 4.00000000000E+01 1.17130064226E+01 7.05262357374E+00 -4.81806328189E+00 8.92811679734E+00 2.51793530679E+01 5.56504421634E+00 2.20016438793E+01 6.12946673864E+00 1.20482006555E+01 7.79645109318E+00 7.45818327280E-01 7.88598625707E+00 2.20502920757E+01 6.41827089161E+00 
4.00000000000E+01 4.05000000000E+01 4.10000000000E+01 2.25894402505E+01 1.82756770906E+01 6.12371986698E+00 2.54982790858E+01 3.34181865577E+01 1.36464213218E+01 3.05968896951E+01 1.67568329195E+01 1.65327709713E+01 1.95558078942E+01 1.37799863737E+01 2.34661090015E+01 2.65630445221E+01 1.46631449292E+01 
4.10000000000E+01 4.15000000000E+01 4.20000000000E+01 1.89065096951E+01 5.97364623480E+00 8.99194695617E+00 7.94234984877E+00 2.86863375795E+01 4.86769574170E+00 2.95154607299E+01 5.61125100186E+00 1.79976948983E+01 7.52045332383E+00 2.05513314332E+01 7.44766091891E+00 1.85840174984E+01 5.64902847388E+00 
4.20000000000E+01 4.25000000000E+01 4.30000000000E+01 1.37929636936E+01 7.32257127690E+00 -7.16486279871E+00 9.64060480288E+00 2.56517095069E+01 5.82705146035E+00 1.20779372730E+01 6.91349576773E+00 -1.02561832442E+01 8.45803901213E+00 -9.41941990480E+00 9.27306897980E+00 8.25116251665E+00 6.77161584836E+00 
4.30000000000E+01 4.35000000000E+01 4.40000000000E+01 3.39580142624E+01 6.88033159372E+00 1.85028166210E+01 9.01588257007E+00 3.59081993239E+01 5.39701369070E+00 3.21257207972E+01 6.27418469707E+00 2.55118887306E+01 7.77885320032E+00 2.02771177042E+01 8.80886391521E+00 3.49437229932E+01 6.26265622811E+00 
4.40000000000E+01 4.45000000000E+01 4.50000000000E+01 1.74972588780E+00 6.53140241416E+00 -1.68329300100E+01 8.56834013284E+00 1.35910492633E+01 5.23323699408E+00 1.66141380142E+01 6.07951225474E+00 -8.95352451324E+00 7.48926713457E+00 3.19272848978E+00 8.05216381558E+00 7.39873774890E+00 5.97838616413E+00 
4.50000000000E+01 4.55000000000E+01 4.60000000000E+01 1.99837911735E+01 5.86947239160E+00 1.30794489337E+01 7.75480278048E+00 2.80311487885E+01 4.71048730247E+00 2.42275328595E+01 5.59879000104E+00 1.00071087917E+01 6.46987083308E+00 1.23962689321E+01 7.38639893180E+00 2.23969366834E+01 5.53393484429E+00 
4.60000000000E+01 4.65000000000E+01 4.70000000000E+01 8.49831959359E+00 5.16119068560E+00 -6.04479195564E+00 6.71135905492E+00 2.38423168896E+01 4.19209775563E+00 1.69894344705E+01 4.94501480057E+00 -6.61438674830E-01 6.21325510330E+00 2.28221912159E+00 6.27943227309E+00 8.91057304282E+00 5.02226049759E+00 
4.70000000000E+01 4.75000000000E+01 4.80000000000E+01 1.28008542234E+01 4.67776532657E+00 -2.61870849632E+00 6.07148526882E+00 2.46411817804E+01 3.82841434461E+00 5.00569308768E+00 4.48459970401E+00 1.18954491964E+01 5.72341045808E+00 -5.17108753510E+00 6.02753248650E+00 2.54118569789E+01 4.71740446220E+00 
4.80000000000E+01 4.85000000000E+01 4.90000000000E+01 -9.93525890525E+00 5.27418873171E+00 -2.32712903607E+01 7.12773376890E+00 4.45704432589E+00 4.27546257579E+00 -1.34757118926E+01 5.28098202980E+00 -1.92343930207E+01 6.55066497868E+00 -3.38512822542E+01 7.26681864591E+00 -4.31616641554E+00 5.17282025609E+00 
4.90000000000E+01 4.95000000000E+01 5.00000000000E+01 2.51660840974E+01 5.36450055334E+00 2.03349720890E+01 7.02287829960E+00 2.86553171339E+01 4.33007016095E+00 2.55751809613E+01 4.97316694970E+00 2.14566068111E+01 5.91132327581E+00 1.19368263646E+01 6.50283989998E+00 2.75326676429E+01 4.76295817779E+00 
5.00000000000E+01 5.05000000000E+01 5.10000000000E+01 2.20311548510E+01 1.02995281269E+01 1.20809872458E+01 1.39086363122E+01 2.65732186093E+01 7.96726992448E+00 2.87912928032E+01 9.69283584255E+00 2.18885480087E+01 1.12222163085E+01 2.20531175139E+01 1.31379115883E+01 2.64584765178E+01 8.71029920354E+00 
5.10000000000E+01 5.15000000000E+01 5.20000000000E+01 2.89341646316E+00 5.79941794786E+00 8.54077234940E-01 7.43841683297E+00 1.20213843325E+01 4.70429667317E+00 7.40152841579E-03 5.44842360700E+00 -5.63716393389E-01 6.41067961527E+00 -1.18572397645E+01 7.01185034069E+00 1.14812152765E+01 5.15817274704E+00 
5.20000000000E+01 5.25000000000E+01 5.30000000000E+01 -5.66947890622E+00 4.19768072844E+00 -1.89620824151E+01 5.45418676830E+00 4.03204490378E+00 3.32868927578E+00 3.99261146264E+00 3.73429616001E+00 -4.21852235856E+00 4.71624645182E+00 -5.62115577225E+00 4.84205579371E+00 4.38317479576E-01 3.83298549884E+00 
5.30000000000E+01 5.35000000000E+01 5.40000000000E+01 6.03210162174E+00 4.46188318788E+00 -9.71272657160E-01 5.75150515937E+00 1.47053588666E+01 3.62583058017E+00 1.10819353150E+01 4.07731768093E+00 1.60851523900E+01 5.42699730469E+00 3.50315594019E+00 5.38900176144E+00 2.11610238413E+01 4.45087804777E+00 
5.40000000000E+01 5.45000000000E+01 5.50000000000E+01 1.50251129172E+01 4.36517398616E+00 2.19084930320E+00 5.61178429069E+00 1.73559968721E+01 3.53514411222E+00 2.27394658912E+01 3.94339161185E+00 8.46305143171E+00 5.09195866569E+00 9.67637731842E+00 5.02332566618E+00 1.16449752219E+01 4.21367384538E+00 
5.50000000000E+01 5.55000000000E+01 5.60000000000E+01 8.48180438480E+00 3.87897635927E+00 -8.99550797258E-01 5.13906409793E+00 2.18604434111E+01 3.19562519840E+00 1.72351635199E+01 3.85651279789E+00 1.17602999017E+01 4.29871820645E+00 4.88686865295E+00 4.97605847456E+00 2.11187430880E+01 3.51814884774E+00 
5.60000000000E+01 5.65000000000E+01 5.70000000000E+01 3.86988326072E+00 5.45790933954E+00 -9.00049373338E+00 7.40474296560E+00 5.79335700882E+00 4.20907121807E+00 9.15641628142E+00 5.07551116414E+00 1.21482073724E+01 5.85188449643E+00 -6.22874627845E+00 6.86602993727E+00 1.49461985085E+01 4.59826044577E+00 
5.70000000000E+01 5.75000000000E+01 5.80000000000E+01 1.11743252613E+01 1.20040139938E+01 3.74222778732E+00 1.67158993032E+01 1.30702248294E+01 8.99026270686E+00 2.16739767584E+01 1.14521335764E+01 1.18655600580E+00 1.24479824682E+01 1.50506943336E+01 1.59082876534E+01 8.71789944416E+00 9.36504928128E+00 
5.80000000000E+01 5.85000000000E+01 5.90000000000E+01 -6.36697718983E+00 1.25914699938E+01 -1.25830257160E+01 1.74707055222E+01 -8.45681769064E-01 9.45778577942E+00 -1.33209946761E+01 1.20968748403E+01 -1.16103650504E+01 1.31139075874E+01 -2.80567472920E+01 1.67636710646E+01 -1.63662888298E+00 9.84873417773E+00 
5.90000000000E+01 5.95000000000E+01 6.00000000000E+01 2.61937068881E+01 1.49978948240E+01 2.52830743979E+01 1.96964218209E+01 2.60785181481E+01 1.18077488952E+01 3.74849318381E+01 1.40624683331E+01 3.19127032185E+01 1.58799478854E+01 3.65593435186E+01 1.84476600063E+01 3.02683314691E+01 1.24936764396E+01 
6.00000000000E+01 6.05000000000E+01 6.10000000000E+01 -1.77587896520E+01 1.56925500156E+01 -2.84686511813E+01 2.05925155260E+01 -8.82728136236E+00 1.23680859122E+01 -1.16113515880E+01 1.46828935031E+01 -2.66554412012E+01 1.65664446916E+01 -2.58209084153E+01 1.92413095788E+01 -1.45032914912E+01 1.30472502064E+01 
6.10000000000E+01 6.15000000000E+01 6.20000000000E+01 2.33839423767E+00 6.73174043618E+00 9.63721178045E+00 8.66392021525E+00 1.33948984008E+01 5.42665572798E+00 1.61482758412E+01 6.39456402356E+00 1.01238770668E+01 7.20222593881E+00 5.23443212161E+00 8.25203877277E+00 1.69960071978E+01 5.86334461839E+00 
6.20000000000E+01 6.25000000000E+01 6.30000000000E+01 1.13387127209E+01 5.07152678622E+00 1.03143242417E+01 6.49193101423E+00 1.32877576091E+01 4.04924478723E+00 1.70449111699E+01 4.80673966996E+00 9.39126603351E+00 5.52987959556E+00 1.09427677447E+01 6.23122909239E+00 1.73720326012E+01 4.44425953728E+00 
6.30000000000E+01 6.35000000000E+01 6.40000000000E+01 4.21851140362E+00 3.43213214366E+00 -1.06175121493E+00 4.63774613285E+00 1.10573854485E+01 2.79569758360E+00 8.26782250061E+00 3.30526643069E+00 8.64201802659E+00 3.96943980487E+00 -1.49194121733E+00 4.41532527408E+00 1.08332587845E+01 3.13421640079E+00 
6.40000000000E+01 6.45000000000E+01 6.50000000000E+01 5.86552154435E-01 5.64811835379E+00 -8.80547832353E+00 7.14388443982E+00 3.64633005484E+00 4.53263900514E+00 5.58278027970E-01 5.30708608041E+00 -3.24111463164E-01 6.05495452525E+00 -1.42500986764E+01 6.74676505130E+00 3.02711816368E+00 4.88054916693E+00 
6.50000000000E+01 6.55000000000E+01 6.60000000000E+01 1.18632093792E+01 5.61943793192E+00 9.75243775624E+00 7.14513161781E+00 1.42442990563E+01 4.56681462124E+00 1.34468039057E+01 5.35462056384E+00 9.99070724242E+00 6.14624355796E+00 1.44421882188E+01 6.78790714860E+00 1.24549235770E+01 4.98956298965E+00 
6.60000000000E+01 6.65000000000E+01 6.70000000000E+01 -5.06084069088E+00 2.46393942954E+00 -1.41742769924E+01 3.32101956244E+00 4.95131078615E+00 1.98366022711E+00 4.77766766555E-01 2.35942275355E+00 -4.01494353142E+00 3.34980421387E+00 -8.51467253561E+00 3.15150814553E+00 2.67502269215E+00 2.72348042316E+00 
6.70000000000E+01 6.75000000000E+01 6.80000000000E+01 6.58306730873E+00 4.41556268524E+00 -7.21814660040E-01 6.04785578215E+00 9.60690300930E+00 3.37601328260E+00 7.01498105032E+00 4.14624359210E+00 6.34200508149E+00 5.42984001023E+00 1.74613257996E+00 5.64844674358E+00 7.00389062816E+00 4.05163221330E+00 
6.80000000000E+01 6.85000000000E+01 6.90000000000E+01 5.81255823799E+00 2.37939283276E+00 -2.97306629350E-01 3.00014076781E+00 6.34618225756E+00 1.87767861498E+00 3.93632940833E+00 2.29316218943E+00 1.11248101172E+01 2.97686171049E+00 -2.25810188647E+00 2.87409430577E+00 1.41661653599E+01 2.42545109653E+00 
6.90000000000E+01 6.95000000000E+01 7.00000000000E+01 4.65399708257E+00 2.84261295795E+00 3.65787793879E+00 3.67813720642E+00 7.70768110186E+00 2.34290774406E+00 5.69461521975E+00 2.68466590622E+00 5.03566791532E+00 2.83614877025E+00 2.63713387937E+00 3.41347377801E+00 9.41029097507E+00 2.32836940917E+00 
7.00000000000E+01 7.05000000000E+01 7.10000000000E+01 4.45539835982E+00 2.84459551223E+00 -3.59930775532E+00 3.80260389395E+00 7.06804121198E+00 2.24996774362E+00 1.89286755157E+00 2.77358077232E+00 1.79503358785E+00 3.06887335507E+00 -7.65725416955E-01 3.87999671022E+00 6.76582791739E+00 2.51200680090E+00 
7.10000000000E+01 7.15000000000E+01 7.20000000000E+01 4.23701928981E+00 2.11703295479E+00 -2.25094400283E+00 2.70074394704E+00 8.22140332117E+00 1.74221246878E+00 4.29803095013E+00 2.09337959979E+00 3.99767891040E+00 2.41406604227E+00 -1.19654617913E+00 2.74014455386E+00 4.26499615269E+00 1.96522942760E+00 
7.20000000000E+01 7.25000000000E+01 7.30000000000E+01 2.09435395690E+00 2.14150541716E+00 -4.26665189881E+00 2.73557024387E+00 5.49497348803E+00 1.75673235957E+00 4.85980981785E+00 2.15082273423E+00 -1.30952494715E-01 2.35348388098E+00 -1.12550083950E+00 2.86573933887E+00 2.93317672166E+00 1.89731273719E+00 
7.30000000000E+01 7.35000000000E+01 7.40000000000E+01 7.78196479797E+00 2.03854386023E+00 2.05230404466E+00 2.52991977226E+00 1.14592615583E+01 1.65889061566E+00 8.38511731575E+00 2.10902284507E+00 1.08885134111E+01 2.21258493538E+00 7.74918544788E-01 2.54329474725E+00 1.00945212254E+01 1.79197298732E+00 
7.40000000000E+01 7.45000000000E+01 7.50000000000E+01 6.07991795066E+00 2.52470847398E+00 -6.75771635230E-01 3.31746623731E+00 9.03950150118E+00 1.99175613742E+00 6.12114633649E+00 2.60617588508E+00 2.43370906961E+00 2.68340645778E+00 -2.22621083611E+00 3.56716427576E+00 4.40558011592E+00 2.13945570263E+00 
7.50000000000E+01 7.55000000000E+01 7.60000000000E+01 3.61508764474E+00 3.29198691164E+00 2.56884660610E+00 4.11198951415E+00 6.72386758966E+00 2.63576709867E+00 6.93014893539E+00 3.18185547011E+00 1.94449598722E+00 3.46332729955E+00 7.27503331444E+00 4.22243614087E+00 7.35724818321E+00 2.73582832048E+00 
7.60000000000E+01 7.65000000000E+01 7.70000000000E+01 3.95260677008E+00 2.01954680489E+00 -3.52122121592E+00 2.42054183760E+00 5.74813650028E+00 1.64934150212E+00 9.81900919397E-01 1.89820580359E+00 1.62797704211E+00 2.11308930583E+00 -3.72976555771E+00 2.41099223641E+00 4.19197347039E+00 1.79406329391E+00 
7.70000000000E+01 7.75000000000E+01 7.80000000000E+01 5.12561165461E-01 2.11821598873E+00 -4.58956469400E+00 2.90231303412E+00 3.94557978095E+00 1.71203803380E+00 -8.05261396391E-01 2.83413702211E+00 1.83692793468E+00 2.16577227006E+00 -5.78686179445E+00 3.86336302680E+00 5.86873776853E+00 1.85056919592E+00 
7.80000000000E+01 7.85000000000E+01 7.90000000000E+01 -9.61549955239E-01 1.90061537221E+00 -3.02710731793E+00 2.38887296713E+00 2.59703577936E+00 1.57375416716E+00 2.09996257623E+00 2.60360055929E+00 -3.91436390667E+00 1.77864896858E+00 7.16332255381E-01 3.56721728159E+00 -7.24333214156E-01 1.54798680120E+00 
7.90000000000E+01 7.95000000000E+01 8.00000000000E+01 6.59870363865E+00 2.03480368622E+00 5.72367079604E+00 2.69396736850E+00 6.36247043179E+00 1.64194914226E+00 5.53733859695E+00 2.25942445742E+00 5.26622683679E+00 2.24258126825E+00 2.57641783265E+00 2.86953961970E+00 4.16097003722E+00 1.84383245778E+00 
8.00000000000E+01 8.05000000000E+01 8.10000000000E+01 1.92449543083E+00 2.12900043828E+00 -3.32296981208E+00 2.86605584347E+00 3.71783532482E+00 1.67074050560E+00 3.88960396255E+00 2.21372308807E+00 -1.21417861932E+00 2.16115752142E+00 -2.64324035454E+00 2.44847339691E+00 2.21091779903E+00 1.58039908726E+00 
8.10000000000E+01 8.15000000000E+01 8.20000000000E+01 7.06389868350E+00 1.83532860667E+00 2.00322619853E+00 2.29182589983E+00 7.95369253672E+00 1.56697751143E+00 7.16815991154E+00 1.70864876061E+00 2.50616415517E+00 2.10402115231E+00 4.07956918919E+00 2.18714763391E+00 6.33615897945E+00 1.74149045570E+00 
8.20000000000E+01 8.25000000000E+01 8.30000000000E+01 5.41955743033E+00 1.60704638652E+00 3.92000574854E+00 2.11778354355E+00 4.60549605432E+00 1.30632507389E+00 5.45482533436E+00 1.50085087730E+00 5.52260379345E+00 1.80789081982E+00 3.32284641632E+00 1.93902964047E+00 6.36513744373E+00 1.57888022951E+00 
8.30000000000E+01 8.35000000000E+01 8.40000000000E+01 3.86604518593E+00 1.80707317148E+00 3.36246734619E+00 2.38067182716E+00 7.86303928179E+00 1.61109264098E+00 3.56409679691E+00 1.77517984037E+00 2.38806674069E+00 1.88357495256E+00 3.21197876674E-01 2.29493759930E+00 5.11585560753E+00 1.58059228547E+00 
8.40000000000E+01 8.45000000000E+01 8.50000000000E+01 1.72967706901E+00 3.53278606370E+00 -4.45260121370E-01 4.96721054403E+00 3.59571505522E+00 2.64943253575E+00 1.39616581565E+00 3.36464818175E+00 1.32422270574E+00 3.70392970698E+00 -4.23556061030E+00 4.66748678837E+00 2.62153637864E+00 2.78929954628E+00 
8.50000000000E+01 8.55000000000E+01 8.60000000000E+01 4.10184059161E+00 1.29481181046E+00 2.96703431942E+00 1.69541019017E+00 5.29675264429E+00 1.05509066670E+00 4.65695162262E+00 1.38374777422E+00 1.31236398452E+00 1.23572336704E+00 1.97444265316E+00 1.78328177152E+00 5.69812573520E+00 1.13644303476E+00 
8.60000000000E+01 8.65000000000E+01 8.70000000000E+01 1.40620184294E+00 1.46130882003E+00 -1.55527023555E+00 2.77019443576E+00 7.50270244756E-01 1.19619572913E+00 1.34000659109E+00 1.48818757804E+00 -6.70490210797E-01 1.79275386216E+00 -1.00105842961E+00 3.26778506336E+00 4.41565796908E+00 1.36787281136E+00 
8.70000000000E+01 8.75000000000E+01 8.80000000000E+01 5.19974535945E-01 3.50359402103E+00 -4.39424709966E+00 4.84547129679E+00 2.35062562631E+00 2.66321241875E+00 1.05412460468E+00 3.41868225791E+00 -2.97857408631E+00 3.75366646605E+00 -5.06856964528E+00 4.68884099823E+00 1.18700033602E+00 2.76350698575E+00 
8.80000000000E+01 8.85000000000E+01 8.90000000000E+01 2.45533643525E+00 1.45253329754E+00 2.55288576783E-01 1.89190849289E+00 3.45323296838E+00 1.04663995983E+00 4.93683410591E+00 1.39091757007E+00 -6.15501122099E-01 1.54442972311E+00 2.38402602054E+00 1.82797582891E+00 1.95856822967E+00 1.26248353160E+00 
8.90000000000E+01 8.95000000000E+01 9.00000000000E+01 -4.34210590619E+00 1.73939683827E+00 -6.04363463652E+00 2.26500830847E+00 -1.27353782035E+00 1.43619561777E+00 2.45734208374E-01 1.60750286489E+00 -5.08149879967E+00 1.88198262889E+00 -5.12704959611E+00 1.97758786684E+00 -2.29647456957E+00 1.59477131084E+00 
9.00000000000E+01 9.05000000000E+01 9.10000000000E+01 5.76758563006E+00 1.65391182386E+00 3.46474672797E+00 2.03502171532E+00 5.00619540815E+00 1.34967190457E+00 2.98005525023E+00 1.48969643643E+00 5.95482085195E+00 1.86863398408E+00 -5.27027587333E-01 1.82294207839E+00 4.49567180639E+00 1.52753501303E+00 
9.10000000000E+01 9.15000000000E+01 9.20000000000E+01 1.03190529806E+00 1.41517040628E+00 9.81155950367E-01 1.80586256262E+00 1.96534509169E+00 1.15670231854E+00 3.89022933752E+00 1.32881783888E+00 1.56514269752E+00 1.55008484264E+00 1.61354850908E+00 1.68928672217E+00 1.69023618569E+00 1.30150552671E+00 
9.20000000000E+01 9.25000000000E+01 9.30000000000E+01 1.32786978684E+00 1.76036578869E+00 6.82549345698E-01 2.18640146738E+00 1.31630619986E+00 1.44528112742E+00 2.37143789391E+00 1.73326059530E+00 -1.31210262721E+00 1.83650829949E+00 1.51325453638E+00 2.18724960752E+00 1.40957414904E-02 1.52699819664E+00 
9.30000000000E+01 9.35000000000E+01 9.40000000000E+01 -2.21473184560E+00 1.51440679376E+00 -4.46917050732E+00 2.07061965819E+00 1.24417943940E+00 1.18696015266E+00 -2.57516524597E+00 1.58530383480E+00 -1.84413315119E+00 1.51557888975E+00 -5.89177352917E+00 2.16062252657E+00 7.66996512060E-01 1.19548117939E+00 
9.40000000000E+01 9.45000000000E+01 9.50000000000E+01 2.24954236332E+00 2.30995524228E+00 4.30674264879E-01 2.83744457412E+00 2.75147571059E+00 1.95273006768E+00 1.65962765741E+00 2.19429532830E+00 3.99823399042E-01 2.49311399864E+00 -6.90265319976E-01 2.73276585744E+00 1.56947795216E+00 2.11464429950E+00 
9.50000000000E+01 9.55000000000E+01 9.60000000000E+01 3.78134773916E-01 1.33519267258E+00 -1.97136350313E+00 1.69577781990E+00 1.61502545151E+00 1.13113604227E+00 -1.37034521621E+00 1.42910278328E+00 1.77885646794E-01 1.51089652237E+00 -4.28647018574E+00 1.74423581128E+00 1.17038093544E+00 1.28307845322E+00 
9.60000000000E+01 9.65000000000E+01 9.70000000000E+01 3.10628021477E+00 1.42902555997E+00 9.58902904615E-01 1.98011068612E+00 5.04107749697E+00 1.26331974307E+00 4.92405748558E+00 1.61710583834E+00 2.06179731054E+00 1.60365375200E+00 2.54801967347E+00 2.10926974225E+00 4.01716259118E+00 1.29190000330E+00 
9.70000000000E+01 9.75000000000E+01 9.80000000000E+01 -1.37063414290E+00 1.42459420750E+00 -4.11648589388E+00 1.80722609873E+00 -3.73090680484E-03 1.12937543458E+00 3.20658218030E+00 1.26013879890E+00 2.50938139344E+00 1.38148537135E+00 3.35651905808E+00 1.65237261397E+00 3.65233468026E+00 1.13515136839E+00 
9.80000000000E+01 9.85000000000E+01 9.90000000000E+01 -4.01813051062E+00 1.04154701113E+00 -7.36387092662E+00 1.38719848048E+00 -4.98114329865E-01 8.77231594369E-01 -2.40491441153E+00 1.16632200009E+00 -2.43009546755E+00 1.13766065783E+00 -7.55570931802E+00 1.49414256355E+00 -1.69276276646E+00 9.86948473411E-01 
9.90000000000E+01 9.95000000000E+01 1.00000000000E+02 2.82835851521E+00 1.16248597076E+00 3.07143113886E+00 1.42882282381E+00 4.69492297449E+00 9.53604812408E-01 3.86042905863E+00 1.13042886565E+00 2.20472117743E+00 1.25267313968E+00 4.80053880799E+00 1.36750213573E+00 4.70957328933E+00 1.02879699260E+00 
#nx: 3
