#labels: ptz__1p5__1p75_lower[1] ptz__1p5__1p75_center[2] ptz__1p5__1p75_upper[3] tot_scale01[4] tot_scale01_Err[5] tot_scale02[6] tot_scale02_Err[7] tot_scale03[8] tot_scale03_Err[9] tot_scale04[10] tot_scale04_Err[11] tot_scale05[12] tot_scale05_Err[13] tot_scale06[14] tot_scale06_Err[15] tot_scale07[16] tot_scale07_Err[17]
#neval: 162323922550
#overflow:lower center upper 1.26872404716E+03 3.29480415724E+00 1.25410968405E+03 5.13741808633E+00 1.25182921557E+03 2.65436018553E+00 1.27476968040E+03 3.00819263437E+00 1.26926769391E+03 4.03714733949E+00 1.25616483577E+03 4.84585060624E+00 1.25196709008E+03 3.23432091308E+00 
0.00000000000E+00 5.00000000000E-01 1.00000000000E+00 0.00000000000E+00 0.00000000000E+00 0.00000000000E+00 0.00000000000E+00 0.00000000000E+00 0.00000000000E+00 0.00000000000E+00 0.00000000000E+00 0.00000000000E+00 0.00000000000E+00 0.00000000000E+00 0.00000000000E+00 0.00000000000E+00 0.00000000000E+00 
1.00000000000E+00 1.50000000000E+00 2.00000000000E+00 -6.94496623675E+03 3.16891064871E+02 -1.06025843741E+04 4.15229286409E+02 -3.02654489086E+03 2.47920503765E+02 -4.69139635848E+03 2.78973289386E+02 -8.93809407198E+03 3.66565097948E+02 -8.29065436560E+03 3.59762308464E+02 -4.75561825580E+03 2.90488601033E+02 
2.00000000000E+00 2.50000000000E+00 3.00000000000E+00 2.62808347801E+03 1.40917634839E+02 3.20197211359E+02 1.81895519991E+02 4.26564287675E+03 1.16716006749E+02 2.98119335565E+03 1.26041217244E+02 1.82650303679E+03 1.72948979527E+02 1.05460728419E+03 1.63987558608E+02 3.86542836097E+03 1.39346536462E+02 
3.00000000000E+00 3.50000000000E+00 4.00000000000E+00 4.44476637087E+03 9.84221182701E+01 3.29605686696E+03 1.26412789854E+02 5.33507013845E+03 8.05530811290E+01 4.57225623735E+03 8.90867901645E+01 4.19747534414E+03 1.20772830273E+02 3.42938665435E+03 1.15530918723E+02 5.24135828674E+03 9.69628885632E+01 
4.00000000000E+00 4.50000000000E+00 5.00000000000E+00 4.78129319734E+03 7.60628668439E+01 4.13090048962E+03 9.65082617857E+01 5.23344508163E+03 6.10651634997E+01 4.78108563783E+03 6.52570952910E+01 4.64432700726E+03 9.14894090707E+01 4.24863206342E+03 8.14324473857E+01 5.19181956169E+03 7.37489253409E+01 
5.00000000000E+00 5.50000000000E+00 6.00000000000E+00 3.87137179918E+03 6.71325673983E+01 3.30440506927E+03 8.71047100256E+01 4.26584965428E+03 5.51361743633E+01 4.00112878709E+03 6.08049474939E+01 3.82754864100E+03 7.99868684034E+01 3.54739999845E+03 7.87474309433E+01 4.31166799150E+03 6.42287217152E+01 
6.00000000000E+00 6.50000000000E+00 7.00000000000E+00 3.75233012229E+03 5.21448570780E+01 3.50324988352E+03 6.75021340124E+01 3.97239138432E+03 4.27071199568E+01 3.78039211712E+03 4.83574544754E+01 3.79648440768E+03 6.36151074137E+01 3.50697903247E+03 6.05268072358E+01 4.04427748566E+03 5.16955256912E+01 
7.00000000000E+00 7.50000000000E+00 8.00000000000E+00 3.54516985461E+03 4.62972121587E+01 3.34826618084E+03 5.93336058647E+01 3.62922467527E+03 3.83075575597E+01 3.56534419894E+03 4.02489493120E+01 3.57488831019E+03 5.47780797786E+01 3.38811608436E+03 5.36180553069E+01 3.73928766489E+03 4.39687326069E+01 
8.00000000000E+00 8.50000000000E+00 9.00000000000E+00 3.09037877307E+03 3.96716513722E+01 2.97534900674E+03 4.99456280285E+01 3.15085438171E+03 3.28240719079E+01 3.02117528740E+03 3.49672815806E+01 3.12242811845E+03 4.78575150707E+01 3.00298255420E+03 4.56870135862E+01 3.19550575769E+03 3.88359109241E+01 
9.00000000000E+00 9.50000000000E+00 1.00000000000E+01 2.91779528396E+03 3.98449900996E+01 2.85657670835E+03 5.19267332203E+01 2.92920659452E+03 3.19049902347E+01 2.82003330199E+03 3.19559417708E+01 2.88032713952E+03 5.17722718746E+01 2.80482430695E+03 4.11646933079E+01 2.92660640253E+03 4.08362606617E+01 
1.00000000000E+01 1.05000000000E+01 1.10000000000E+01 2.50033699132E+03 3.62452432286E+01 2.48249464851E+03 4.80713509832E+01 2.54603073503E+03 2.93935290117E+01 2.45276539418E+03 3.07550617636E+01 2.57918077993E+03 4.56896548714E+01 2.44632148737E+03 4.00299227656E+01 2.60688727561E+03 3.61571407289E+01 
1.10000000000E+01 1.15000000000E+01 1.20000000000E+01 2.29592338167E+03 3.94663347452E+01 2.26848791471E+03 5.26455840103E+01 2.29817143358E+03 3.09628339367E+01 2.28140727413E+03 3.04640465501E+01 2.35282466658E+03 5.03218939216E+01 2.28784746809E+03 3.98048338670E+01 2.36206960226E+03 3.89911446372E+01 
1.20000000000E+01 1.25000000000E+01 1.30000000000E+01 2.17012106107E+03 3.08645560859E+01 2.11573082935E+03 4.00956846694E+01 2.14352851591E+03 2.48981818888E+01 2.05288239570E+03 2.65346824683E+01 2.16622455406E+03 3.60772840093E+01 2.05180357154E+03 3.47051630589E+01 2.19080053137E+03 2.88665770177E+01 
1.30000000000E+01 1.35000000000E+01 1.40000000000E+01 1.98393503093E+03 6.96053061461E+01 2.00339540327E+03 9.61408983896E+01 1.94912312454E+03 5.25256620902E+01 1.95736251780E+03 6.26033801758E+01 1.97954081818E+03 7.62393738798E+01 1.97682100387E+03 8.62694468116E+01 1.96854667490E+03 5.76612810080E+01 
1.40000000000E+01 1.45000000000E+01 1.50000000000E+01 1.76004302424E+03 2.41293033338E+01 1.75543516909E+03 3.11106103765E+01 1.75111091740E+03 1.95474547741E+01 1.70417954279E+03 2.05195585220E+01 1.80090624665E+03 2.93167397547E+01 1.73770370552E+03 2.67539446951E+01 1.77527351896E+03 2.35238813402E+01 
1.50000000000E+01 1.55000000000E+01 1.60000000000E+01 1.67570275477E+03 2.24491217975E+01 1.68055995869E+03 2.91717611892E+01 1.64586047507E+03 1.86316607254E+01 1.66984479621E+03 1.99039930683E+01 1.70488003276E+03 2.75114944641E+01 1.72013854888E+03 2.51195719569E+01 1.66782958943E+03 2.20552128905E+01 
1.60000000000E+01 1.65000000000E+01 1.70000000000E+01 1.42528142001E+03 2.30174542623E+01 1.39345629386E+03 3.01300327131E+01 1.42444229587E+03 1.85576460061E+01 1.38058148310E+03 2.05219232387E+01 1.44490266991E+03 2.80243279917E+01 1.37684183283E+03 2.69670446637E+01 1.45092970380E+03 2.22316887686E+01 
1.70000000000E+01 1.75000000000E+01 1.80000000000E+01 1.34924551463E+03 2.17241173310E+01 1.35270629767E+03 2.84505249630E+01 1.33375668120E+03 1.73623910282E+01 1.34962213739E+03 1.88953663894E+01 1.37979758443E+03 2.51512897910E+01 1.37143178033E+03 2.44197288606E+01 1.35261314633E+03 2.00406578076E+01 
1.80000000000E+01 1.85000000000E+01 1.90000000000E+01 1.20117675252E+03 1.81496008249E+01 1.18898436645E+03 2.37064462405E+01 1.18999135574E+03 1.48149705209E+01 1.17551098998E+03 1.64163767681E+01 1.24895905266E+03 2.02715345017E+01 1.18559926639E+03 2.10660578944E+01 1.22901962686E+03 1.65348061285E+01 
1.90000000000E+01 1.95000000000E+01 2.00000000000E+01 1.18511311099E+03 1.60029124112E+01 1.20156222799E+03 2.07899502484E+01 1.16615191887E+03 1.33287933960E+01 1.18013517032E+03 1.49773316827E+01 1.19708064606E+03 1.87474909707E+01 1.21335899594E+03 1.92799297950E+01 1.18872598645E+03 1.52800439243E+01 
2.00000000000E+01 2.05000000000E+01 2.10000000000E+01 1.13404692371E+03 1.57893884973E+01 1.15774604578E+03 2.02494177073E+01 1.10901615484E+03 1.27375105978E+01 1.13525105964E+03 1.49528297418E+01 1.13593000157E+03 1.77852174810E+01 1.14731159801E+03 1.92306398843E+01 1.12758541673E+03 1.46014561695E+01 
2.10000000000E+01 2.15000000000E+01 2.20000000000E+01 1.00468156039E+03 1.59819507493E+01 1.00564447815E+03 2.08013144907E+01 1.00133843655E+03 1.29640346243E+01 1.03006057714E+03 1.48455513564E+01 1.00811913315E+03 1.78183262029E+01 1.03394818015E+03 1.91071290725E+01 1.00707190175E+03 1.43811561093E+01 
2.20000000000E+01 2.25000000000E+01 2.30000000000E+01 9.37002913161E+02 1.42720297391E+01 9.42518301419E+02 1.81871364522E+01 9.12327726013E+02 1.15387004212E+01 9.13360887048E+02 1.29836491864E+01 9.48148588678E+02 1.63055032298E+01 9.44933629917E+02 1.68379096911E+01 9.42718317896E+02 1.32339521725E+01 
2.30000000000E+01 2.35000000000E+01 2.40000000000E+01 8.56860564180E+02 1.37328915142E+01 8.65235080599E+02 1.83876014376E+01 8.53254096959E+02 1.13022625634E+01 8.72008395970E+02 1.28370158244E+01 8.59040916013E+02 1.60031060020E+01 8.78484858796E+02 1.66598778642E+01 8.56562409157E+02 1.28316213734E+01 
2.40000000000E+01 2.45000000000E+01 2.50000000000E+01 8.36941721546E+02 1.26889096661E+01 8.34414714696E+02 1.62044049914E+01 8.21005752904E+02 1.03830896126E+01 8.26883406306E+02 1.18905682082E+01 8.46196836473E+02 1.46387059004E+01 8.37696105264E+02 1.52267222778E+01 8.32480939869E+02 1.21330078541E+01 
2.50000000000E+01 2.55000000000E+01 2.60000000000E+01 7.78159761271E+02 1.10510090171E+01 7.80312011648E+02 1.41704139726E+01 7.63003495271E+02 9.10638793416E+00 7.70502985199E+02 1.10559723111E+01 7.82488997198E+02 1.31843060125E+01 7.87809781438E+02 1.27969376436E+01 7.69109582006E+02 1.05360232786E+01 
2.60000000000E+01 2.65000000000E+01 2.70000000000E+01 7.67584007005E+02 1.02824756693E+01 8.06595801136E+02 1.35704871762E+01 7.49361465286E+02 8.54453423681E+00 7.52066840828E+02 9.64440327305E+00 7.86838330558E+02 1.20652347850E+01 7.94223847641E+02 1.26930843685E+01 7.66582015931E+02 9.97284293771E+00 
2.70000000000E+01 2.75000000000E+01 2.80000000000E+01 6.88997467542E+02 9.68565064536E+00 7.07074218368E+02 1.25686556777E+01 6.65111752044E+02 8.28687349918E+00 6.81140922383E+02 8.91935917135E+00 6.85005319161E+02 1.19533408831E+01 6.97684217429E+02 1.12038281248E+01 6.71900748701E+02 9.73802730478E+00 
2.80000000000E+01 2.85000000000E+01 2.90000000000E+01 6.39122280481E+02 2.71873301925E+01 6.35671001224E+02 3.52291536406E+01 6.32280203214E+02 2.16978398796E+01 6.44689857294E+02 2.43270667354E+01 6.51106643847E+02 2.98794927628E+01 6.64147030073E+02 3.15546288954E+01 6.48568075180E+02 2.38166432086E+01 
2.90000000000E+01 2.95000000000E+01 3.00000000000E+01 5.78905342395E+02 2.68555439077E+01 5.73823721238E+02 3.47793924582E+01 5.71133259854E+02 2.14468977448E+01 5.70258233421E+02 2.42686656672E+01 5.71497501662E+02 2.95350710029E+01 5.73821927442E+02 3.13625043149E+01 5.75037563227E+02 2.35703638749E+01 
3.00000000000E+01 3.05000000000E+01 3.10000000000E+01 5.94987998862E+02 1.00163649988E+01 6.11042874416E+02 1.30957231160E+01 5.73230573892E+02 8.18834595768E+00 5.86176079912E+02 9.29690140222E+00 5.82920808280E+02 1.19801820239E+01 6.00533975362E+02 1.19618819160E+01 5.75462743297E+02 9.54132132648E+00 
3.10000000000E+01 3.15000000000E+01 3.20000000000E+01 5.59167364440E+02 8.22369948833E+00 5.71199012870E+02 1.03970191790E+01 5.37912679632E+02 6.83509475936E+00 5.24307814901E+02 8.16524669732E+00 5.68362971644E+02 9.69555667907E+00 5.59856025735E+02 9.49921107277E+00 5.51023850718E+02 8.02648959153E+00 
3.20000000000E+01 3.25000000000E+01 3.30000000000E+01 5.35297495918E+02 8.67227605200E+00 5.45225283948E+02 1.11004906134E+01 5.08813063988E+02 7.19380844377E+00 5.10303249423E+02 7.76857177407E+00 5.15431204475E+02 1.04180611834E+01 5.30949820118E+02 9.92132136369E+00 4.99222696845E+02 8.26634137406E+00 
3.30000000000E+01 3.35000000000E+01 3.40000000000E+01 4.34932904013E+02 1.02669262049E+01 4.18893323753E+02 1.41898221422E+01 4.47299258439E+02 8.29988888318E+00 4.57255486197E+02 9.76304521688E+00 4.45050947592E+02 1.17605864868E+01 4.58135218952E+02 1.31406438984E+01 4.48184859567E+02 9.35132025158E+00 
3.40000000000E+01 3.45000000000E+01 3.50000000000E+01 4.94238332714E+02 8.57896819624E+00 5.07894891585E+02 1.13059126344E+01 4.76424105606E+02 6.97858739598E+00 4.72783263516E+02 7.21178397410E+00 4.91183429556E+02 9.88942079276E+00 4.90068135689E+02 9.34907940900E+00 4.83583720005E+02 8.08812428752E+00 
3.50000000000E+01 3.55000000000E+01 3.60000000000E+01 4.29881574072E+02 7.33220675723E+00 4.25846386681E+02 9.19364792851E+00 4.18224797656E+02 6.07248819619E+00 4.32403301548E+02 6.82958047336E+00 4.39307138177E+02 8.61410604168E+00 4.17204572471E+02 8.48633728237E+00 4.33334592970E+02 7.02385084886E+00 
3.60000000000E+01 3.65000000000E+01 3.70000000000E+01 4.36156418871E+02 6.67613036252E+00 4.55044952408E+02 8.63092192341E+00 4.19867964925E+02 5.55680220528E+00 4.13927547958E+02 6.48299936223E+00 4.28478409562E+02 7.75629343121E+00 4.30748795387E+02 8.22197411388E+00 4.23068020747E+02 6.56464856464E+00 
3.70000000000E+01 3.75000000000E+01 3.80000000000E+01 3.82456761529E+02 7.55720359828E+00 3.83917668584E+02 9.79794152764E+00 3.73664950478E+02 6.23131794347E+00 3.79195343589E+02 7.06439775676E+00 3.72208222431E+02 8.88292901441E+00 3.86115117330E+02 8.83067708969E+00 3.68691175197E+02 7.17542797250E+00 
3.80000000000E+01 3.85000000000E+01 3.90000000000E+01 3.81290089248E+02 7.59030074917E+00 3.90358143842E+02 9.74643567107E+00 3.67531520145E+02 6.11821574606E+00 3.71901835488E+02 6.83797037386E+00 3.78932203896E+02 8.53727550698E+00 3.81650947593E+02 8.87260435479E+00 3.71771103338E+02 6.90917197548E+00 
3.90000000000E+01 3.95000000000E+01 4.00000000000E+01 3.55936498267E+02 6.76783862279E+00 3.58652764583E+02 8.67638964665E+00 3.51406230105E+02 5.61150535827E+00 3.59092378507E+02 6.67753175084E+00 3.49249739537E+02 7.68635544183E+00 3.66490943506E+02 8.98573029759E+00 3.50559235896E+02 6.31086489036E+00 
4.00000000000E+01 4.05000000000E+01 4.10000000000E+01 3.43575255917E+02 1.89152982028E+01 3.51039379570E+02 2.49705340476E+01 3.26948115955E+02 1.47358149544E+01 3.30314629000E+02 1.84055055328E+01 3.39857787096E+02 1.92303523423E+01 3.42298474500E+02 2.43949737045E+01 3.33475760356E+02 1.50360837729E+01 
4.10000000000E+01 4.15000000000E+01 4.20000000000E+01 3.29220954529E+02 1.85812134138E+01 3.49490816755E+02 2.48628280219E+01 3.20012014960E+02 1.45409011040E+01 3.27360782226E+02 1.82699570452E+01 3.39774357908E+02 1.90674197901E+01 3.36864656016E+02 2.42242651676E+01 3.24571969193E+02 1.48762419373E+01 
4.20000000000E+01 4.25000000000E+01 4.30000000000E+01 3.18699608710E+02 1.93214918149E+01 3.18164963320E+02 2.68525859784E+01 3.13185220820E+02 1.44623666947E+01 3.06156667830E+02 1.89406462969E+01 3.09506364153E+02 2.13191363491E+01 3.07746674021E+02 2.62557166948E+01 3.24076646335E+02 1.47429366933E+01 
4.30000000000E+01 4.35000000000E+01 4.40000000000E+01 3.08289020625E+02 1.94739887139E+01 3.27584363038E+02 2.69712882697E+01 2.98281168936E+02 1.45761409182E+01 3.00150221737E+02 1.91128097273E+01 3.20062565623E+02 1.98260799587E+01 3.29563736220E+02 2.64675582131E+01 3.02236811761E+02 1.48717932558E+01 
4.40000000000E+01 4.45000000000E+01 4.50000000000E+01 2.78404115153E+02 5.34809908613E+00 2.98776265460E+02 7.51372919759E+00 2.75535283611E+02 4.49486122875E+00 2.75965749788E+02 5.25553807372E+00 2.86172661160E+02 6.50733785651E+00 2.88468835418E+02 7.11430907929E+00 2.78163670809E+02 5.14885906163E+00 
4.50000000000E+01 4.55000000000E+01 4.60000000000E+01 2.34323968218E+02 5.28814022448E+00 2.34310864975E+02 6.80638229981E+00 2.30270181580E+02 4.41199578982E+00 2.34333994951E+02 5.29908659583E+00 2.32944293806E+02 5.82123760477E+00 2.36170433246E+02 6.96602630805E+00 2.37331403322E+02 4.80066010308E+00 
4.60000000000E+01 4.65000000000E+01 4.70000000000E+01 2.70720851611E+02 5.20357942126E+00 2.84276168203E+02 6.73480342212E+00 2.60393164111E+02 4.33178048260E+00 2.68198374050E+02 5.01742584631E+00 2.74467980014E+02 5.66148329500E+00 2.83576227201E+02 6.52612828346E+00 2.62908538015E+02 4.65086069718E+00 
4.70000000000E+01 4.75000000000E+01 4.80000000000E+01 2.42617174860E+02 4.64930330617E+00 2.47995645447E+02 5.93444334167E+00 2.36154713046E+02 3.90849518335E+00 2.43923162733E+02 4.49544131932E+00 2.39375741345E+02 5.67992083700E+00 2.48024451337E+02 5.76451888487E+00 2.33981773161E+02 4.67400189387E+00 
4.80000000000E+01 4.85000000000E+01 4.90000000000E+01 2.35447643672E+02 4.62136539865E+00 2.43444209938E+02 6.00641915803E+00 2.29068979462E+02 3.85708211041E+00 2.33706739209E+02 4.47982989771E+00 2.34802261042E+02 5.58974843425E+00 2.45569094752E+02 6.00408062460E+00 2.27799448632E+02 4.54949582385E+00 
4.90000000000E+01 4.95000000000E+01 5.00000000000E+01 2.25728917437E+02 4.13234319710E+00 2.32147797718E+02 5.43189794579E+00 2.30156729951E+02 3.60076388560E+00 2.34623401964E+02 4.71604076928E+00 2.39210123520E+02 5.93812469529E+00 2.38017622877E+02 6.14476128510E+00 2.31372891747E+02 4.67920245919E+00 
5.00000000000E+01 5.05000000000E+01 5.10000000000E+01 2.22914497334E+02 3.87582180206E+00 2.26409532423E+02 4.79191156697E+00 2.12489126909E+02 3.20357115475E+00 2.05099339916E+02 4.40734345458E+00 2.23591545761E+02 5.60631451392E+00 2.13975218697E+02 5.80412347265E+00 2.17035213544E+02 4.54403727007E+00 
5.10000000000E+01 5.15000000000E+01 5.20000000000E+01 2.15116775473E+02 4.01068691893E+00 2.26426897159E+02 5.23216279583E+00 2.05316499619E+02 3.43024377883E+00 2.10220584623E+02 3.98963305363E+00 2.10427178262E+02 4.48015094785E+00 2.19815773391E+02 4.83327100049E+00 2.09920331507E+02 3.94718856461E+00 
5.20000000000E+01 5.25000000000E+01 5.30000000000E+01 1.70192514015E+02 4.08304161406E+00 1.65447205595E+02 5.20311558926E+00 1.70715165240E+02 3.39364174107E+00 1.66601702223E+02 4.07460360605E+00 1.68556829152E+02 4.42911822720E+00 1.62414531046E+02 5.21032883194E+00 1.69379134359E+02 3.66698687527E+00 
5.30000000000E+01 5.35000000000E+01 5.40000000000E+01 1.96082219479E+02 4.23883404965E+00 2.10923659333E+02 5.39983806572E+00 1.90022944441E+02 3.53251169874E+00 1.96382040549E+02 4.09993930187E+00 2.02238347022E+02 4.81688781123E+00 2.03628468120E+02 5.21197144686E+00 1.90535350406E+02 3.91192377235E+00 
5.40000000000E+01 5.45000000000E+01 5.50000000000E+01 1.68180032318E+02 3.70179186603E+00 1.79731850999E+02 4.50408999859E+00 1.67792946425E+02 3.05641242348E+00 1.73701905401E+02 3.40733328591E+00 1.73525406494E+02 3.91441485439E+00 1.78984688530E+02 4.27370728424E+00 1.73076092465E+02 3.40241179008E+00 
5.50000000000E+01 5.55000000000E+01 5.60000000000E+01 1.66915767773E+02 3.87893636287E+00 1.70785399141E+02 4.96689876206E+00 1.72313880461E+02 3.25737907812E+00 1.72529816615E+02 3.53772619123E+00 1.75739154513E+02 4.52599071844E+00 1.80699557041E+02 4.97322407491E+00 1.75549092419E+02 3.58199750605E+00 
5.60000000000E+01 5.65000000000E+01 5.70000000000E+01 1.59640771547E+02 3.67308631692E+00 1.60960493556E+02 4.74084986178E+00 1.53675649612E+02 2.97873363545E+00 1.56853502498E+02 3.80831498718E+00 1.59529486639E+02 4.08716105162E+00 1.62203443937E+02 5.01302975146E+00 1.56659949753E+02 3.36574509373E+00 
5.70000000000E+01 5.75000000000E+01 5.80000000000E+01 1.55728270491E+02 3.58558099101E+00 1.58144041668E+02 4.68289353876E+00 1.50849629573E+02 2.90983951675E+00 1.52040747028E+02 3.52071226577E+00 1.50213751346E+02 3.85553778144E+00 1.54502163875E+02 4.61869482837E+00 1.46273570644E+02 3.10451390783E+00 
5.80000000000E+01 5.85000000000E+01 5.90000000000E+01 1.48170094849E+02 3.38384076335E+00 1.44344254200E+02 3.80571375949E+00 1.44412884651E+02 2.91083478011E+00 1.39646033076E+02 3.33793245032E+00 1.50912900207E+02 3.74705670324E+00 1.43122774322E+02 4.30809780429E+00 1.43576118005E+02 2.92887162547E+00 
5.90000000000E+01 5.95000000000E+01 6.00000000000E+01 1.43847786926E+02 4.98536189891E+00 1.54435065000E+02 6.77218142892E+00 1.50619055094E+02 4.07943655371E+00 1.52081011188E+02 5.05954752264E+00 1.52752655067E+02 5.50455772594E+00 1.42636884027E+02 6.56704524025E+00 1.51682897158E+02 4.26185770190E+00 
6.00000000000E+01 6.05000000000E+01 6.10000000000E+01 1.40631334453E+02 4.58044240026E+00 1.50118064363E+02 6.25127719578E+00 1.35867048262E+02 3.59964057243E+00 1.41867407239E+02 4.54616954135E+00 1.38475055137E+02 4.92683470968E+00 1.43958591475E+02 6.17019563984E+00 1.32132179260E+02 3.84348847402E+00 
6.10000000000E+01 6.15000000000E+01 6.20000000000E+01 1.29208530283E+02 2.77435217547E+00 1.38144224195E+02 3.35135898954E+00 1.28819927474E+02 2.40458984641E+00 1.35531986648E+02 2.47646270154E+00 1.36484299190E+02 3.03275921113E+00 1.42006775768E+02 3.11894906374E+00 1.37591737151E+02 2.61667002529E+00 
6.20000000000E+01 6.25000000000E+01 6.30000000000E+01 1.25550590113E+02 2.92860082640E+00 1.31059656746E+02 3.86044498663E+00 1.21617309353E+02 2.37643319933E+00 1.21329783931E+02 3.00220658994E+00 1.27805995127E+02 3.25797031187E+00 1.20017401405E+02 3.94166169854E+00 1.23812236454E+02 2.64414426921E+00 
6.30000000000E+01 6.35000000000E+01 6.40000000000E+01 1.42648706901E+02 4.04598862729E+00 1.49276225444E+02 5.13062564091E+00 1.35347233534E+02 3.28257684546E+00 1.39540548230E+02 4.11330933442E+00 1.41349252792E+02 4.15910254893E+00 1.41506961579E+02 5.21842711844E+00 1.36620185106E+02 3.37008163280E+00 
6.40000000000E+01 6.45000000000E+01 6.50000000000E+01 1.19332403777E+02 2.60811942435E+00 1.25340314210E+02 3.34642978543E+00 1.16311718483E+02 2.19541164002E+00 1.15886972495E+02 2.46977585540E+00 1.19829006606E+02 2.87825690376E+00 1.23497149334E+02 3.24149746802E+00 1.17558259880E+02 2.40024208987E+00 
6.50000000000E+01 6.55000000000E+01 6.60000000000E+01 1.12034140280E+02 2.58424567805E+00 1.13019227434E+02 3.18413978687E+00 1.09073818580E+02 2.18384346100E+00 1.08164698217E+02 2.44223475971E+00 1.10720599030E+02 2.88205890971E+00 1.12487682321E+02 3.16396366948E+00 1.09413473942E+02 2.55595002256E+00 
6.60000000000E+01 6.65000000000E+01 6.70000000000E+01 1.05541567508E+02 2.35895790880E+00 1.16735818601E+02 3.00804915896E+00 1.01613214496E+02 1.96816915988E+00 1.08556918333E+02 2.27519461258E+00 1.06902969021E+02 2.59548301443E+00 1.12044303550E+02 2.73004102463E+00 1.08426809481E+02 2.20891724699E+00 
6.70000000000E+01 6.75000000000E+01 6.80000000000E+01 9.67297924441E+01 2.38977769620E+00 9.86456819223E+01 3.11759024894E+00 9.57636024065E+01 2.04496633839E+00 9.83285552938E+01 2.47064422856E+00 9.66985447705E+01 2.62556525113E+00 1.00007574382E+02 3.18077554160E+00 9.58421136083E+01 2.23721353054E+00 
6.80000000000E+01 6.85000000000E+01 6.90000000000E+01 1.08353785421E+02 2.53760457825E+00 1.03918673957E+02 3.01786657038E+00 9.98635344105E+01 2.05043760451E+00 1.04960233390E+02 2.48089730492E+00 1.01651586718E+02 2.79335027125E+00 1.09531381228E+02 3.06965939920E+00 9.87018357822E+01 2.28223299503E+00 
6.90000000000E+01 6.95000000000E+01 7.00000000000E+01 9.10914177434E+01 2.77302026869E+00 9.33056168625E+01 3.67347164819E+00 8.67544166592E+01 2.16575853359E+00 9.65243240853E+01 2.20511837547E+00 1.00050458979E+02 2.30475340739E+00 1.00390622809E+02 2.85093972037E+00 9.59985681023E+01 1.89040270164E+00 
7.00000000000E+01 7.05000000000E+01 7.10000000000E+01 9.88974050736E+01 3.29232350626E+00 1.01691646892E+02 4.12947337016E+00 9.76414884845E+01 2.61898732435E+00 9.96185703394E+01 3.11265543590E+00 1.02710989472E+02 3.57623577389E+00 9.61653849392E+01 3.89577312386E+00 9.80543931729E+01 2.82868806954E+00 
7.10000000000E+01 7.15000000000E+01 7.20000000000E+01 9.15010996628E+01 4.05156577728E+00 9.66726419681E+01 5.24850289078E+00 8.45789469656E+01 3.22963536070E+00 8.71324909179E+01 4.05279295298E+00 9.40691244630E+01 4.30309909739E+00 8.90214707567E+01 5.26762513259E+00 8.79438701687E+01 3.44776423170E+00 
7.20000000000E+01 7.25000000000E+01 7.30000000000E+01 8.65636288311E+01 2.88689957654E+00 8.40760336593E+01 3.87013404086E+00 8.75774169419E+01 2.34771622802E+00 9.11506028866E+01 3.32053949937E+00 8.36503554354E+01 2.83370768389E+00 9.18973579350E+01 4.55536788292E+00 8.90285802608E+01 2.37175974345E+00 
7.30000000000E+01 7.35000000000E+01 7.40000000000E+01 7.86399299483E+01 2.79790504936E+00 7.89825443379E+01 3.68721857797E+00 7.45890677959E+01 2.29096907572E+00 7.90942417321E+01 3.09844652396E+00 7.50701225392E+01 2.79365587679E+00 8.10332969411E+01 4.04375411484E+00 7.45644743686E+01 2.31251689512E+00 
7.40000000000E+01 7.45000000000E+01 7.50000000000E+01 8.68371391489E+01 2.37045855346E+00 8.81065284621E+01 2.88896528208E+00 8.50109503733E+01 1.99030884660E+00 8.26258939138E+01 2.12225513166E+00 8.46014408543E+01 2.56305539187E+00 8.36182637994E+01 2.45099602589E+00 8.29071371820E+01 2.11148365910E+00 
7.50000000000E+01 7.55000000000E+01 7.60000000000E+01 8.06136857779E+01 1.72203496095E+00 8.30910875076E+01 2.18407490272E+00 7.78697187123E+01 1.43670679741E+00 7.81674570175E+01 1.65735212770E+00 8.05336933907E+01 1.96768723115E+00 7.75510021287E+01 2.02533684120E+00 7.78824339575E+01 1.62474067649E+00 
7.60000000000E+01 7.65000000000E+01 7.70000000000E+01 8.02318631033E+01 2.97184051621E+00 8.13373639783E+01 3.90359297355E+00 7.87761593208E+01 2.43429618910E+00 7.95737237441E+01 2.73211281451E+00 8.36586186232E+01 3.21991220895E+00 8.10529680477E+01 3.62870161242E+00 7.89303529655E+01 2.57251312968E+00 
7.70000000000E+01 7.75000000000E+01 7.80000000000E+01 7.14508820800E+01 8.33708546283E+00 7.11546095970E+01 1.16030115559E+01 6.79127003763E+01 6.19890796889E+00 6.99975450626E+01 7.71313712035E+00 6.89046904376E+01 8.86012621496E+00 7.32025470857E+01 1.07583911741E+01 7.11388711447E+01 6.62774880157E+00 
7.80000000000E+01 7.85000000000E+01 7.90000000000E+01 6.48410112711E+01 1.73549559655E+00 6.50713912591E+01 2.24344056099E+00 6.42433706226E+01 1.50907689245E+00 6.49496580623E+01 1.65496822323E+00 6.51845079841E+01 1.86754920058E+00 6.37123096822E+01 2.26714386904E+00 6.41833624312E+01 1.53363198849E+00 
7.90000000000E+01 7.95000000000E+01 8.00000000000E+01 7.03748504465E+01 1.70897190409E+00 7.35273150456E+01 2.27633574985E+00 7.02022698641E+01 1.48742768588E+00 7.17559278861E+01 1.88170634513E+00 6.86241299662E+01 2.00073325340E+00 7.29159349138E+01 2.45900273821E+00 6.85155214583E+01 1.58611039743E+00 
8.00000000000E+01 8.05000000000E+01 8.10000000000E+01 5.98441281453E+01 1.83846032791E+00 6.10998415064E+01 2.33408094584E+00 5.69633586493E+01 1.45808604788E+00 6.10308731034E+01 1.70182759463E+00 6.02161638776E+01 2.24979566280E+00 6.33254264734E+01 2.25397294417E+00 5.76113539919E+01 1.83796852872E+00 
8.10000000000E+01 8.15000000000E+01 8.20000000000E+01 6.80930217839E+01 2.29569388779E+00 7.03867972554E+01 2.84115211642E+00 6.47320094379E+01 1.85832939507E+00 6.82399501628E+01 2.23174972395E+00 6.77224410916E+01 2.41810702087E+00 6.80376704639E+01 2.81593130603E+00 6.40947303605E+01 1.96884209861E+00 
8.20000000000E+01 8.25000000000E+01 8.30000000000E+01 5.98208760254E+01 1.70786767753E+00 6.08254824650E+01 2.17688184128E+00 5.83426568525E+01 1.39609711983E+00 5.88317362999E+01 1.84009419836E+00 6.20143515293E+01 1.94045780415E+00 6.36102744198E+01 2.49380709751E+00 5.92352802030E+01 1.55348274985E+00 
8.30000000000E+01 8.35000000000E+01 8.40000000000E+01 5.68896530787E+01 1.81738411044E+00 5.72660384788E+01 2.35546767862E+00 5.55740242489E+01 1.47953333711E+00 5.65461896436E+01 1.95673638883E+00 5.64496253296E+01 1.78555084917E+00 5.57746783746E+01 2.61563182336E+00 5.97566255679E+01 2.30898541948E+00 
8.40000000000E+01 8.45000000000E+01 8.50000000000E+01 5.61013008311E+01 1.51888576185E+00 5.31505831572E+01 1.98157094176E+00 5.40552475974E+01 1.20886591711E+00 5.51926442122E+01 1.38060518588E+00 5.70918221023E+01 1.74980518422E+00 5.48768988253E+01 1.62254568016E+00 5.30468776851E+01 1.28215463651E+00 
8.50000000000E+01 8.55000000000E+01 8.60000000000E+01 5.76318665906E+01 1.43711042147E+00 6.45788200854E+01 2.06246554030E+00 5.46423076097E+01 1.19722046920E+00 5.72292895337E+01 1.40335071268E+00 5.53140710714E+01 1.56205049224E+00 5.74683211878E+01 1.72412365090E+00 5.73516810670E+01 1.39729958216E+00 
8.60000000000E+01 8.65000000000E+01 8.70000000000E+01 5.67286503186E+01 2.20236362263E+00 5.90013678076E+01 2.95793229797E+00 5.73794347415E+01 1.77477122723E+00 5.87461039606E+01 2.25571658655E+00 5.77111691789E+01 2.28884342076E+00 6.08206014881E+01 2.96758849434E+00 5.94236694811E+01 1.88142408888E+00 
8.70000000000E+01 8.75000000000E+01 8.80000000000E+01 4.84775573365E+01 1.68941925651E+00 4.76270206176E+01 2.18701855974E+00 4.79424454758E+01 1.38641260326E+00 4.50878879665E+01 1.81613113056E+00 4.88823573806E+01 1.80118224146E+00 4.72739397779E+01 2.26859080814E+00 4.87634305601E+01 1.48992554747E+00 
8.80000000000E+01 8.85000000000E+01 8.90000000000E+01 5.11078813092E+01 1.41528329525E+00 5.23692291229E+01 1.61833322140E+00 4.89227283502E+01 1.15966624756E+00 5.11198191022E+01 1.37784294598E+00 4.78351086676E+01 1.42861044009E+00 5.29677582892E+01 1.73039443647E+00 4.69393722037E+01 1.20388533089E+00 
8.90000000000E+01 8.95000000000E+01 9.00000000000E+01 5.63294556649E+01 4.67318575818E+00 6.15162104934E+01 6.68410038969E+00 5.28673058511E+01 3.38693960264E+00 5.69675344281E+01 4.54168901053E+00 5.83077279364E+01 4.71445964701E+00 6.16046369036E+01 6.48617653362E+00 4.94735621778E+01 2.42312164432E+00 
9.00000000000E+01 9.05000000000E+01 9.10000000000E+01 4.69835645324E+01 2.80070009431E+00 4.52143045445E+01 3.81618839909E+00 4.43821067931E+01 2.12954490769E+00 4.36594728425E+01 2.71383847935E+00 4.29263410360E+01 2.91529979270E+00 4.24365540281E+01 3.73955211139E+00 4.42214549097E+01 2.21895998928E+00 
9.10000000000E+01 9.15000000000E+01 9.20000000000E+01 4.36499801687E+01 1.20408118808E+00 4.41412671281E+01 1.68493087185E+00 4.22405458113E+01 1.01515785285E+00 4.38553433296E+01 1.14966290700E+00 4.43824447032E+01 1.36548794823E+00 4.51599321208E+01 1.50205486080E+00 4.26970165311E+01 1.14574686427E+00 
9.20000000000E+01 9.25000000000E+01 9.30000000000E+01 4.42825302738E+01 1.14291220373E+00 4.75439388574E+01 1.43808708539E+00 4.43520648723E+01 9.54902692180E-01 4.58307604067E+01 1.08647520587E+00 4.61813329606E+01 1.22001104685E+00 4.49623536920E+01 1.45871031475E+00 4.30688074940E+01 1.06391538798E+00 
9.30000000000E+01 9.35000000000E+01 9.40000000000E+01 4.24874255210E+01 1.22962457578E+00 4.45933357745E+01 1.65520498949E+00 4.12845480042E+01 1.12579448269E+00 4.33566260431E+01 1.27206419689E+00 4.11027381024E+01 1.48396328520E+00 4.31820984245E+01 1.61910087181E+00 4.13140882581E+01 1.21969057299E+00 
9.40000000000E+01 9.45000000000E+01 9.50000000000E+01 4.06667324173E+01 1.94414825702E+00 4.05082702742E+01 2.43357445975E+00 3.82751874221E+01 1.59532046697E+00 3.86192467297E+01 1.77783665919E+00 4.07722815416E+01 2.06956694505E+00 3.94336868507E+01 2.25005163391E+00 3.86906339653E+01 1.61372433841E+00 
9.50000000000E+01 9.55000000000E+01 9.60000000000E+01 3.45682489153E+01 1.76720890053E+00 3.34519057723E+01 2.22888622843E+00 3.29319177846E+01 1.45845316633E+00 3.67604384762E+01 1.66435186143E+00 3.36100739638E+01 1.92732233207E+00 3.90238873803E+01 2.03877058050E+00 3.27997240602E+01 1.60607244312E+00 
9.60000000000E+01 9.65000000000E+01 9.70000000000E+01 3.72999968678E+01 1.02660110910E+00 3.77454829633E+01 1.52019493469E+00 3.55697484496E+01 7.93287285230E-01 3.82927193174E+01 1.01884341632E+00 3.80642666546E+01 1.11953394525E+00 3.94534845206E+01 1.23971061230E+00 3.63949188113E+01 9.27460914776E-01 
9.70000000000E+01 9.75000000000E+01 9.80000000000E+01 3.49490052205E+01 9.12165553796E-01 3.91888582503E+01 1.25528388837E+00 3.61761799017E+01 8.34157039854E-01 3.66731363726E+01 9.76038098933E-01 3.63539670025E+01 1.07268924418E+00 3.44414827807E+01 1.30445566845E+00 3.35728694738E+01 8.97969176854E-01 
9.80000000000E+01 9.85000000000E+01 9.90000000000E+01 3.25279492245E+01 1.01840374822E+00 3.27603598350E+01 1.33687699300E+00 3.17961567831E+01 7.63457671968E-01 3.30867889282E+01 1.14103847543E+00 2.92264811042E+01 1.04484600690E+00 3.42468617201E+01 1.57865696113E+00 3.12823776575E+01 8.22053867690E-01 
9.90000000000E+01 9.95000000000E+01 1.00000000000E+02 3.68950525491E+01 1.06670836833E+00 3.92582931591E+01 1.38773848706E+00 3.64841813725E+01 9.13785307200E-01 3.57583316091E+01 1.17828863585E+00 3.83083964808E+01 1.24499217485E+00 3.73080015596E+01 1.55584628325E+00 3.56437632754E+01 9.93101074158E-01 
#nx: 3
