#labels: ptz__-2p25__-2p0_lower[1] ptz__-2p25__-2p0_center[2] ptz__-2p25__-2p0_upper[3] tot_scale01[4] tot_scale01_Err[5] tot_scale02[6] tot_scale02_Err[7] tot_scale03[8] tot_scale03_Err[9] tot_scale04[10] tot_scale04_Err[11] tot_scale05[12] tot_scale05_Err[13] tot_scale06[14] tot_scale06_Err[15] tot_scale07[16] tot_scale07_Err[17]
#neval: 26991255598
#overflow:lower center upper 5.33451501216E+02 4.03329142181E+02 3.28435823420E+02 5.61368257312E+02 6.52609185678E+02 2.99906217883E+02 5.11272016240E+02 4.37440824733E+02 5.70953882537E+02 3.73667271904E+02 2.78067988286E+02 6.08835195978E+02 6.75883592225E+02 2.77849324410E+02 
0.00000000000E+00 5.00000000000E-01 1.00000000000E+00 0.00000000000E+00 0.00000000000E+00 0.00000000000E+00 0.00000000000E+00 0.00000000000E+00 0.00000000000E+00 0.00000000000E+00 0.00000000000E+00 0.00000000000E+00 0.00000000000E+00 0.00000000000E+00 0.00000000000E+00 0.00000000000E+00 0.00000000000E+00 
1.00000000000E+00 1.50000000000E+00 2.00000000000E+00 -8.91831697860E+03 6.76320980560E+03 -1.17055977087E+04 8.51419444478E+03 -5.23278637537E+03 5.52525641051E+03 -6.42871675223E+03 6.30252055144E+03 -1.08679740418E+04 7.17115231340E+03 -9.55007176256E+03 7.93343262375E+03 -6.98009611475E+03 5.85405897544E+03 
2.00000000000E+00 2.50000000000E+00 3.00000000000E+00 -1.88747841847E+04 1.41517495259E+04 -2.79556871805E+04 1.89478807564E+04 -1.23652015306E+04 1.10209155123E+04 -1.70088064594E+04 1.29377311438E+04 -2.00950338386E+04 1.53962993866E+04 -2.53897249940E+04 1.74570231812E+04 -1.33457677977E+04 1.21072765622E+04 
3.00000000000E+00 3.50000000000E+00 4.00000000000E+00 8.69023284672E+03 3.56483878974E+03 9.54749150333E+03 4.93832470324E+03 8.34684804674E+03 2.66467570838E+03 8.94398150952E+03 3.56522991875E+03 8.45167784097E+03 3.56704177787E+03 9.97583674946E+03 4.94114407236E+03 8.05063693881E+03 2.66741043885E+03 
4.00000000000E+00 4.50000000000E+00 5.00000000000E+00 9.94295340027E+03 7.74825984441E+03 1.10149608095E+04 1.05689110890E+04 9.16416883959E+03 5.90012321567E+03 8.83944609517E+03 7.15187238266E+03 1.12859051366E+04 8.37960922700E+03 9.62804050257E+03 9.82969811692E+03 1.02609139417E+04 6.42408760999E+03 
5.00000000000E+00 5.50000000000E+00 6.00000000000E+00 8.95728987534E+03 6.41153405749E+03 9.37945455284E+03 7.75066024397E+03 8.48846485150E+03 5.39489681386E+03 8.72140749218E+03 5.96758582198E+03 9.18971946749E+03 6.81722175098E+03 9.22401604072E+03 7.21517220160E+03 8.66053504061E+03 5.72932407397E+03 
6.00000000000E+00 6.50000000000E+00 7.00000000000E+00 -4.52759205234E+02 4.70816721191E+03 -8.60647656682E+02 5.62043382742E+03 -6.20929250106E+01 4.01533943650E+03 1.23412950067E+02 4.26125122843E+03 -1.13746645021E+03 5.16117719891E+03 -1.14284623214E+02 5.10142394060E+03 -5.61722997326E+02 4.39900142569E+03 
7.00000000000E+00 7.50000000000E+00 8.00000000000E+00 2.62656746103E+03 3.30073061818E+03 2.83640430067E+03 4.21714757118E+03 2.55461358227E+03 2.66576505766E+03 2.67323279766E+03 3.07372900826E+03 2.62006671564E+03 3.49775706666E+03 2.83997151386E+03 3.92618261245E+03 2.57250809662E+03 2.82322056588E+03 
8.00000000000E+00 8.50000000000E+00 9.00000000000E+00 1.09706060554E+04 1.06993232986E+04 1.40356853972E+04 1.49072593045E+04 8.93207803837E+03 7.94872428873E+03 1.01274254383E+04 9.82855801811E+03 1.17723205236E+04 1.14505240772E+04 1.29086125218E+04 1.36940710346E+04 9.55502879952E+03 8.50682516422E+03 
9.00000000000E+00 9.50000000000E+00 1.00000000000E+01 4.17633085081E+03 1.12046307066E+03 4.83840687568E+03 1.55599404634E+03 3.73049945790E+03 8.36037130461E+02 4.24393671113E+03 1.11301494135E+03 4.04001287096E+03 1.12457568842E+03 4.94887383449E+03 1.54698101065E+03 3.65427105192E+03 8.39784416155E+02 
1.00000000000E+01 1.05000000000E+01 1.10000000000E+01 3.10537560552E+03 1.50684420036E+03 2.99609537989E+03 1.79219253718E+03 3.10556158177E+03 1.31113984209E+03 2.63656333745E+03 1.06433261798E+03 3.71093857284E+03 2.11809576831E+03 2.47717951171E+03 1.26231273261E+03 3.61830935278E+03 1.81329707454E+03 
1.10000000000E+01 1.15000000000E+01 1.20000000000E+01 1.59231092267E+03 3.88981944759E+02 1.32993868655E+03 5.41163248987E+02 1.72037894003E+03 2.89912269336E+02 1.50105595938E+03 3.80886707515E+02 1.50716766952E+03 3.93806976190E+02 1.30579812332E+03 5.29657073666E+02 1.68546836466E+03 2.93241026510E+02 
1.20000000000E+01 1.25000000000E+01 1.30000000000E+01 2.53004913396E+03 6.88135045760E+02 2.68892481190E+03 9.58704398751E+02 2.36893115233E+03 5.11432020846E+02 2.41837515085E+03 6.51906869813E+02 2.57882990285E+03 7.13388745510E+02 2.63925458105E+03 9.08216595710E+02 2.40152808750E+03 5.30197627228E+02 
1.30000000000E+01 1.35000000000E+01 1.40000000000E+01 1.55393784530E+03 2.56142857941E+02 1.48634494370E+03 3.55281374375E+02 1.59314082151E+03 1.91622768340E+02 1.58907804862E+03 2.30859268429E+02 1.54058874399E+03 2.70443640224E+02 1.50290463525E+03 3.19463919536E+02 1.60569974235E+03 2.01874432334E+02 
1.40000000000E+01 1.45000000000E+01 1.50000000000E+01 1.87522530460E+03 2.45499472340E+02 2.05429934790E+03 3.38953374024E+02 1.78764691487E+03 1.84205287377E+02 1.84235878487E+03 2.59380410519E+02 1.91145721656E+03 2.34114865913E+02 1.99416976062E+03 3.58348966486E+02 1.82253999688E+03 1.75926271085E+02 
1.50000000000E+01 1.55000000000E+01 1.60000000000E+01 1.07232774406E+03 2.50090874753E+02 9.14473666995E+02 3.45909405012E+02 1.12643891420E+03 1.87238966798E+02 1.02236219032E+03 2.66301036622E+02 1.04887433721E+03 2.36828434301E+02 8.74781721810E+02 3.68758543363E+02 1.14319175920E+03 1.77274815152E+02 
1.60000000000E+01 1.65000000000E+01 1.70000000000E+01 2.74715753715E+03 8.73378015173E+02 3.32409265917E+03 1.21669216217E+03 2.36973941343E+03 6.49047707368E+02 2.72871787407E+03 8.44599821246E+02 2.79886116321E+03 8.90712381545E+02 3.28922605774E+03 1.17643286334E+03 2.40810002581E+03 6.61908062198E+02 
1.70000000000E+01 1.75000000000E+01 1.80000000000E+01 2.55527248246E+01 7.80376460876E+02 -4.37533336725E+02 1.08693922127E+03 3.33605685217E+02 5.79966192523E+02 5.52889286386E+01 7.58995366533E+02 5.05016264849E+01 7.92115399936E+02 -4.06301560958E+02 1.05700706485E+03 3.60329940929E+02 5.88673542586E+02 
1.80000000000E+01 1.85000000000E+01 1.90000000000E+01 1.01580712546E+03 1.52213655282E+02 9.84940020834E+02 2.10875957993E+02 1.03062683464E+03 1.14060167264E+02 1.03603530613E+03 1.50442373121E+02 1.02077360755E+03 1.55017943947E+02 1.01099330374E+03 2.08417826984E+02 1.03505445391E+03 1.16106638468E+02 
1.90000000000E+01 1.95000000000E+01 2.00000000000E+01 1.04305304965E+03 6.46526108449E+01 1.07641971340E+03 7.96119562527E+01 1.02439945386E+03 5.08950102468E+01 1.04054542265E+03 6.40447521252E+01 1.03094843253E+03 7.06226007805E+01 1.05430780384E+03 8.49477750781E+01 1.03657537035E+03 5.22532336860E+01 
2.00000000000E+01 2.05000000000E+01 2.10000000000E+01 1.02113400080E+03 6.64943178310E+01 1.05035440169E+03 8.95752649759E+01 9.62918295364E+02 5.14088724151E+01 9.62993540895E+02 7.65093112940E+01 1.05510737881E+03 6.31609710823E+01 9.87439845289E+02 1.04655386325E+02 1.04247326876E+03 4.96846602274E+01 
2.10000000000E+01 2.15000000000E+01 2.20000000000E+01 2.03941062382E+03 1.09037155931E+03 2.47875317655E+03 1.51059932461E+03 1.74779880446E+03 8.13876006742E+02 2.21316400861E+03 1.23903234435E+03 1.88189581625E+03 9.67756020857E+02 2.72984255026E+03 1.71667236481E+03 1.63470009281E+03 7.22453677948E+02 
2.20000000000E+01 2.25000000000E+01 2.30000000000E+01 7.23828989759E+02 7.28390884874E+01 6.78487202344E+02 9.88437987426E+01 7.50058842032E+02 5.60522632999E+01 7.24664159014E+02 6.52523979207E+01 7.72858687311E+02 7.45902971034E+01 7.09807631161E+02 8.78513713214E+01 7.85062977679E+02 5.70556169952E+01 
2.30000000000E+01 2.35000000000E+01 2.40000000000E+01 8.11846736022E+02 5.41376184717E+01 8.23264914184E+02 7.19846302633E+01 7.88459061173E+02 4.25620762221E+01 8.02723660857E+02 5.43638718933E+01 7.76883760766E+02 5.50933138975E+01 8.12192456745E+02 7.23656830814E+01 7.78374481412E+02 4.33111469298E+01 
2.40000000000E+01 2.45000000000E+01 2.50000000000E+01 7.66436486680E+02 4.97919511480E+01 7.83381010251E+02 6.61082462914E+01 7.44032591686E+02 3.90831812091E+01 7.65256748435E+02 4.97316075210E+01 7.47652970386E+02 5.30135506962E+01 7.82246495071E+02 6.58481498865E+01 7.34000571138E+02 4.12846544229E+01 
2.50000000000E+01 2.55000000000E+01 2.60000000000E+01 1.55563309569E+03 7.83221196741E+02 1.89603028831E+03 1.09243068844E+03 1.32311983021E+03 5.81421404544E+02 1.59628459625E+03 8.38876884503E+02 1.53084426280E+03 7.32534977746E+02 1.96008259246E+03 1.17007321230E+03 1.29787174352E+03 5.43801705716E+02 
2.60000000000E+01 2.65000000000E+01 2.70000000000E+01 -3.58555344059E+01 9.47825622012E+02 -3.12855819313E+02 1.32000569571E+03 1.27394935923E+02 7.04701974602E+02 -8.74525017845E+01 1.01349962449E+03 -1.16409816734E+01 8.87685628000E+02 -3.72849725519E+02 1.41173385083E+03 1.53753914284E+02 6.60114980686E+02 
2.70000000000E+01 2.75000000000E+01 2.80000000000E+01 4.17242087721E+02 2.22212108977E+02 3.61226849871E+02 3.00116412686E+02 4.53362256500E+02 1.70275316925E+02 4.07206053989E+02 2.21873323442E+02 4.30314362685E+02 2.23070796805E+02 3.32998943312E+02 2.99498190284E+02 4.52904888231E+02 1.70691569309E+02 
2.80000000000E+01 2.85000000000E+01 2.90000000000E+01 5.58941142548E+02 7.65602632313E+01 5.50749325632E+02 1.05227773211E+02 5.47828469410E+02 5.78638821902E+01 5.35257987316E+02 7.11485468009E+01 5.42733626803E+02 8.49216863153E+01 5.26506453284E+02 9.75508184526E+01 5.45207598287E+02 6.39631401338E+01 
2.90000000000E+01 2.95000000000E+01 3.00000000000E+01 5.58049091270E+02 7.85342953037E+01 5.75834491803E+02 9.94346648648E+01 5.37406339999E+02 6.40150633220E+01 5.62706882470E+02 7.69581835644E+01 5.66485034007E+02 8.09860804109E+01 5.76858165131E+02 9.80123173919E+01 5.39114805634E+02 6.60285186154E+01 
3.00000000000E+01 3.05000000000E+01 3.10000000000E+01 -3.45018631681E+02 9.61563962459E+02 -6.91479431349E+02 1.33160752778E+03 -1.39916635531E+02 7.18011538532E+02 -4.96521796518E+02 1.09203829100E+03 -2.46876296008E+02 8.53842182682E+02 -8.86236063892E+02 1.51258565066E+03 -4.79980458481E+01 6.37765737244E+02 
3.10000000000E+01 3.15000000000E+01 3.20000000000E+01 5.93573079890E+02 2.08282912503E+02 6.52391541380E+02 2.89427992081E+02 5.50430980947E+02 1.55202792003E+02 5.93658191056E+02 2.23354139537E+02 5.81710650433E+02 1.94786518219E+02 6.41183944582E+02 3.10534505334E+02 5.52418709576E+02 1.45259804469E+02 
3.20000000000E+01 3.25000000000E+01 3.30000000000E+01 2.65824930662E+02 2.06611917503E+02 1.86362130302E+02 2.85653232003E+02 2.97591534678E+02 1.54486167414E+02 2.46551012577E+02 2.18355752013E+02 2.85963177015E+02 1.95661974435E+02 1.82179817289E+02 3.01921616632E+02 3.17512283429E+02 1.46305830603E+02 
3.30000000000E+01 3.35000000000E+01 3.40000000000E+01 4.10139120007E+02 8.96771255874E+01 3.85806472762E+02 1.23732044914E+02 4.05989847615E+02 6.72245666623E+01 3.91888180901E+02 9.58707868507E+01 4.04445616794E+02 8.52202643794E+01 3.69414072133E+02 1.32315394418E+02 4.20312009082E+02 6.39169920538E+01 
3.40000000000E+01 3.45000000000E+01 3.50000000000E+01 5.41813980495E+02 2.44725501101E+02 6.05106943153E+02 3.37762647731E+02 4.98260356433E+02 1.83391445291E+02 5.64647562280E+02 2.62896328669E+02 5.30900875067E+02 2.28919677791E+02 6.42447187779E+02 3.62962172511E+02 4.85108469281E+02 1.71636758485E+02 
3.50000000000E+01 3.55000000000E+01 3.60000000000E+01 5.66783939430E+02 1.31737895735E+02 6.10146337701E+02 1.75845217951E+02 5.11650174955E+02 1.02028461481E+02 5.47454626934E+02 1.34407085100E+02 5.57936097856E+02 1.29586803236E+02 6.15564339388E+02 1.79767032299E+02 5.09345699171E+02 1.00473397877E+02 
3.60000000000E+01 3.65000000000E+01 3.70000000000E+01 3.33619037648E+02 6.70844047462E+01 3.83793620859E+02 8.43710260484E+01 3.29319204802E+02 5.18913695010E+01 3.42193045603E+02 6.76315371236E+01 3.28304340755E+02 6.71517846173E+01 3.99940658110E+02 8.61280382953E+01 3.27963574252E+02 5.20292615880E+01 
3.70000000000E+01 3.75000000000E+01 3.80000000000E+01 1.83348986942E+02 5.03179267114E+02 1.24428840277E+02 7.00518110713E+02 2.20912521108E+02 3.74102335695E+02 2.43947447430E+02 5.17027731361E+02 1.44722695940E+02 4.91150816180E+02 2.08588337194E+02 7.19510134950E+02 1.88681889011E+02 3.65088077837E+02 
3.80000000000E+01 3.85000000000E+01 3.90000000000E+01 3.46451504923E+02 2.03078622897E+01 3.65088845429E+02 2.71605658845E+01 3.39708675254E+02 1.61076444504E+01 3.51358233113E+02 2.02485939808E+01 3.54550302629E+02 2.19727253646E+01 3.70827159288E+02 2.65986691437E+01 3.40904237124E+02 1.71646130181E+01 
3.90000000000E+01 3.95000000000E+01 4.00000000000E+01 2.52368828923E+01 2.87834323375E+02 -8.55159435481E+01 3.98794665006E+02 8.46370937715E+01 2.14822912559E+02 -9.66133590531E+00 3.26944099372E+02 5.20837957376E+01 2.55559539557E+02 -1.44552935272E+02 4.52990318326E+02 1.13191043483E+02 1.90751777142E+02 
4.00000000000E+01 4.05000000000E+01 4.10000000000E+01 2.94988123098E+02 6.28483001870E+01 2.87640677548E+02 8.71330167055E+01 2.84999115719E+02 4.70787117518E+01 2.65961083796E+02 6.74519304422E+01 2.97146811672E+02 5.94419394811E+01 2.54557135768E+02 9.35547512518E+01 2.86766691119E+02 4.44379200209E+01 
4.10000000000E+01 4.15000000000E+01 4.20000000000E+01 3.22440987712E+02 1.98052327782E+01 3.42069990308E+02 2.64375523007E+01 3.02697007050E+02 1.55226618183E+01 3.13814517922E+02 2.00892359052E+01 3.25597122095E+02 2.06952956122E+01 3.29135425235E+02 2.67611642615E+01 3.08090329456E+02 1.61068239707E+01 
4.20000000000E+01 4.25000000000E+01 4.30000000000E+01 2.92416553427E+02 2.59144405492E+01 2.93889307724E+02 3.42848315671E+01 2.84902148224E+02 2.05208933807E+01 3.07003270288E+02 2.64327827156E+01 2.99297758784E+02 2.64912657450E+01 3.22571062924E+02 3.55017798125E+01 2.94815337391E+02 2.09967644204E+01 
4.30000000000E+01 4.35000000000E+01 4.40000000000E+01 5.11238234603E+02 3.47430259112E+02 6.07332133009E+02 4.81560907294E+02 4.43645945140E+02 2.59219657736E+02 5.45455553344E+02 3.91936264565E+02 4.84644584864E+02 3.10743516774E+02 6.64402802394E+02 5.43243638839E+02 4.21613068672E+02 2.31841179966E+02 
4.40000000000E+01 4.45000000000E+01 4.50000000000E+01 -4.86279017146E+01 3.17946606378E+02 -1.72980359951E+02 4.40509317363E+02 2.42021620857E+01 2.37299047591E+02 -9.87760088984E+01 3.61360090387E+02 -1.50724482134E+01 2.82146291997E+02 -2.37562619983E+02 5.00662501512E+02 5.39941139012E+01 2.10596075500E+02 
4.50000000000E+01 4.55000000000E+01 4.60000000000E+01 2.64587404582E+02 3.21266458691E+01 2.73633263311E+02 4.35843141870E+01 2.56178050233E+02 2.44805486688E+01 2.66159465768E+02 3.24343473717E+01 2.74319057219E+02 3.22328905636E+01 2.72050541206E+02 4.40159202656E+01 2.62828020863E+02 2.45749554704E+01 
4.60000000000E+01 4.65000000000E+01 4.70000000000E+01 2.30999494250E+02 3.26742749924E+01 2.26634900553E+02 4.48163090343E+01 2.22638458462E+02 2.46862603598E+01 2.27070849475E+02 3.37352650819E+01 2.33639870285E+02 3.25097354937E+01 2.27642811603E+02 4.63901056402E+01 2.26916673927E+02 2.45357436918E+01 
4.70000000000E+01 4.75000000000E+01 4.80000000000E+01 4.95055240647E+02 1.91808956865E+02 4.16616482142E+02 1.04348489972E+02 5.31797871139E+02 2.57762277064E+02 4.51839694731E+02 1.56337977038E+02 5.34830277156E+02 2.26190304245E+02 4.12401413499E+02 9.40290693939E+01 5.90336047174E+02 3.09251117442E+02 
4.80000000000E+01 4.85000000000E+01 4.90000000000E+01 1.63016153651E+02 4.34167548830E+01 1.54953715341E+02 6.01643572221E+01 1.68719057496E+02 3.25619140942E+01 1.67770214491E+02 4.19477858384E+01 1.52902183265E+02 4.49345056986E+01 1.60198051872E+02 5.81573067652E+01 1.64960250440E+02 3.37112197154E+01 
4.90000000000E+01 4.95000000000E+01 5.00000000000E+01 1.49296596112E+02 7.24485683037E+01 1.50781455488E+02 7.89318761295E+01 1.46365423424E+02 6.56607246320E+01 1.57856022906E+02 5.54751877352E+01 1.31700435675E+02 9.00829870974E+01 1.68013995482E+02 5.61060276743E+01 1.35432655576E+02 7.88362826576E+01 
5.00000000000E+01 5.05000000000E+01 5.10000000000E+01 3.59957325080E+02 1.33567325544E+02 4.25513171471E+02 1.85779403266E+02 3.18719066300E+02 9.96302860878E+01 3.83555278887E+02 1.44962803976E+02 3.36112891001E+02 1.25330541823E+02 4.51265180391E+02 2.01247449000E+02 2.99453344770E+02 9.30932536569E+01 
5.10000000000E+01 5.15000000000E+01 5.20000000000E+01 1.66191324000E+02 2.31764793603E+01 1.89741643355E+02 2.93875564302E+01 1.63661295943E+02 1.90027218471E+01 1.63375710593E+02 2.28309078206E+01 1.74125679694E+02 2.40982130172E+01 1.77942617458E+02 2.90219192490E+01 1.71786149757E+02 1.97881366369E+01 
5.20000000000E+01 5.25000000000E+01 5.30000000000E+01 6.35964547994E+02 4.58669873721E+02 4.96702062297E+02 3.13980514294E+02 6.83696105676E+02 5.13933843105E+02 3.91158862232E+02 2.18398983559E+02 8.94198909925E+02 7.11782547110E+02 1.64440838386E+02 3.13896823339E+01 8.78988307159E+02 7.03149701505E+02 
5.30000000000E+01 5.35000000000E+01 5.40000000000E+01 1.87195847692E+02 3.84756669606E+01 1.99905781858E+02 5.22071664743E+01 1.75392050508E+02 2.94648051098E+01 1.80116527948E+02 3.84045088268E+01 1.95261679178E+02 3.86413357191E+01 2.00418360867E+02 5.22551501008E+01 1.78235099139E+02 2.95474523873E+01 
5.40000000000E+01 5.45000000000E+01 5.50000000000E+01 -2.06339552384E+02 3.74038622281E+02 -5.20200739552E+01 2.27740299378E+02 -2.72001316803E+02 4.35022591096E+02 1.37285796983E+01 1.58258557960E+02 -4.32564091809E+02 6.03786843088E+02 2.37236478728E+02 9.08225224762E+01 -4.37668679980E+02 6.06977404842E+02 
5.50000000000E+01 5.55000000000E+01 5.60000000000E+01 1.78482412134E+02 1.74029091907E+01 1.88898298089E+02 2.27355679833E+01 1.70004239580E+02 1.38206293698E+01 1.72355341275E+02 1.75425088162E+01 1.83402276591E+02 1.80096626721E+01 1.76772654115E+02 2.27285344789E+01 1.70284421028E+02 1.42829791915E+01 
5.60000000000E+01 5.65000000000E+01 5.70000000000E+01 3.13767480339E+01 1.18222902645E+02 -1.14614896502E+01 1.63787152924E+02 5.87958980960E+01 8.82786773559E+01 2.73884543156E+01 1.12616842094E+02 3.18095019145E+01 1.22400753048E+02 -2.18963028310E+01 1.56037036513E+02 5.70283869806E+01 9.14027436842E+01 
5.70000000000E+01 5.75000000000E+01 5.80000000000E+01 3.26291965910E+02 2.02771475541E+02 4.01956574606E+02 2.81386240829E+02 2.72322260142E+02 1.51157814884E+02 3.15576100992E+02 1.93126126220E+02 3.35522633272E+02 2.09956916656E+02 3.91320645400E+02 2.68004212657E+02 2.81056384496E+02 1.56512411790E+02 
5.80000000000E+01 5.85000000000E+01 5.90000000000E+01 5.41995436670E+01 8.99264204712E+01 2.38876679825E+01 1.24735855786E+02 6.76485385200E+01 6.70928140368E+01 5.92253829692E+01 8.58593688547E+01 5.24441779918E+01 9.31112606743E+01 3.39459367224E+01 1.19083320137E+02 6.74193220671E+01 6.94653215695E+01 
5.90000000000E+01 5.95000000000E+01 6.00000000000E+01 1.52473085073E+02 2.28363198810E+01 1.57853845413E+02 3.15595699035E+01 1.46358161151E+02 1.72038713491E+01 1.53576423645E+02 2.34202621154E+01 1.54173941363E+02 2.26326068497E+01 1.68240788928E+02 3.23998430792E+01 1.47300551916E+02 1.70693502512E+01 
6.00000000000E+01 6.05000000000E+01 6.10000000000E+01 1.16463350521E+02 2.13513164408E+01 1.12542435619E+02 2.93964148758E+01 1.15560862154E+02 1.59268139682E+01 1.10541630080E+02 2.22745693470E+01 1.16581111077E+02 2.05917467015E+01 1.05598109370E+02 3.09820796597E+01 1.15795732657E+02 1.54534588320E+01 
6.10000000000E+01 6.15000000000E+01 6.20000000000E+01 1.36997125477E+02 1.75722022981E+01 1.46639333680E+02 2.43479780018E+01 1.27632023339E+02 1.33097242709E+01 1.43816748104E+02 2.06302023573E+01 1.33388633161E+02 1.53180946832E+01 1.60293531763E+02 2.85130299676E+01 1.24691728695E+02 1.16854912996E+01 
6.20000000000E+01 6.25000000000E+01 6.30000000000E+01 1.03145940974E+02 1.45507000628E+01 1.04960418237E+02 2.02367015929E+01 1.02843373754E+02 1.08907706883E+01 1.01765713003E+02 1.74786917720E+01 1.06891290378E+02 1.19514398377E+01 9.91424771427E+01 2.42480204680E+01 1.09036032364E+02 9.33627541812E+00 
6.30000000000E+01 6.35000000000E+01 6.40000000000E+01 1.15828961091E+02 9.27566684163E+00 1.14110679358E+02 1.22942121160E+01 1.07481731429E+02 7.42393681277E+00 1.13755415049E+02 9.43930495196E+00 1.11944096707E+02 9.44217509067E+00 1.15984163792E+02 1.23958549012E+01 1.13801268027E+02 7.76771731550E+00 
6.40000000000E+01 6.45000000000E+01 6.50000000000E+01 1.11563267196E+02 8.95597457308E+00 1.21156095801E+02 1.25063977230E+01 1.09004720704E+02 7.16233304095E+00 1.10745496531E+02 8.95562712102E+00 1.14335877326E+02 9.35210826340E+00 1.23111500609E+02 1.23634637151E+01 1.14027995413E+02 7.43578437318E+00 
6.50000000000E+01 6.55000000000E+01 6.60000000000E+01 5.39709489776E+01 3.97982497313E+01 4.19362098546E+01 5.52374311099E+01 6.55420651350E+01 2.97516960894E+01 5.20428528449E+01 4.04601118210E+01 6.33228117300E+01 3.92329228636E+01 3.40173875486E+01 5.62026299787E+01 7.13222866478E+01 2.93987718113E+01 
6.60000000000E+01 6.65000000000E+01 6.70000000000E+01 1.06722177206E+02 7.52605000020E+00 1.06440069690E+02 9.95599981864E+00 9.95689708462E+01 5.81177558955E+00 1.05232289102E+02 8.05557883775E+00 1.07962527191E+02 8.58257230866E+00 1.09057128467E+02 1.08266064252E+01 1.05438898590E+02 6.58371301125E+00 
6.70000000000E+01 6.75000000000E+01 6.80000000000E+01 2.92948923534E+02 1.96237577794E+02 3.67878119470E+02 2.73183354754E+02 2.39843583598E+02 1.45902129061E+02 2.88206043060E+02 1.91774908161E+02 3.02929612073E+02 1.98870923460E+02 3.61835060897E+02 2.66974347994E+02 2.44475722760E+02 1.47867373578E+02 
6.80000000000E+01 6.85000000000E+01 6.90000000000E+01 -1.01430608774E+02 1.89220763541E+02 -1.67805761001E+02 2.63427943553E+02 -5.78839621751E+01 1.40669979680E+02 -9.52373598368E+01 1.84873368506E+02 -1.02138242240E+02 1.91764667599E+02 -1.57738479039E+02 2.57387724231E+02 -5.76076255243E+01 1.42561623580E+02 
6.90000000000E+01 6.95000000000E+01 7.00000000000E+01 9.02395351873E+01 1.45161069772E+01 9.33953865481E+01 1.95154646339E+01 8.99022879514E+01 1.11095139212E+01 9.62306498270E+01 1.49685712945E+01 8.57469439333E+01 1.41026019266E+01 1.00192275768E+02 2.01471990390E+01 8.77456180030E+01 1.09499889497E+01 
7.00000000000E+01 7.05000000000E+01 7.10000000000E+01 1.07592360179E+02 1.48256931970E+01 1.13127785411E+02 2.05169942859E+01 9.94402457006E+01 1.11439578063E+01 1.05737059296E+02 1.70937561383E+01 1.06612201242E+02 1.32071230823E+01 1.11590978035E+02 2.36716274871E+01 9.81272598677E+01 9.93334175130E+00 
7.10000000000E+01 7.15000000000E+01 7.20000000000E+01 7.37543083075E+01 1.09111553224E+01 6.95658575554E+01 1.45375368596E+01 7.10838061340E+01 8.57493212357E+00 6.66613043705E+01 1.35758513010E+01 6.91204067815E+01 8.91459815049E+00 6.85460217714E+01 1.86435896475E+01 7.46515551571E+01 7.26958792195E+00 
7.20000000000E+01 7.25000000000E+01 7.30000000000E+01 7.56093234304E+01 1.49542444858E+01 7.34413569319E+01 1.99441860215E+01 7.20959531851E+01 1.17370299141E+01 7.30125350111E+01 1.55793832117E+01 7.85991396481E+01 1.46383928020E+01 6.90193379584E+01 2.08095595266E+01 7.38414379676E+01 1.14950778388E+01 
7.30000000000E+01 7.35000000000E+01 7.40000000000E+01 2.10414898958E+02 7.89749023193E+01 2.17532858365E+02 7.51645275897E+01 2.07718045589E+02 8.99756666602E+01 1.80081513600E+02 5.84246370101E+01 2.56454464231E+02 1.19409736463E+02 1.86647146409E+02 6.90035803730E+01 2.52855704542E+02 1.32438560275E+02 
7.40000000000E+01 7.45000000000E+01 7.50000000000E+01 5.88116804058E+01 2.48763039542E+01 5.32568021019E+01 3.43136447959E+01 6.03405527378E+01 1.86497977836E+01 5.89582881126E+01 2.37462093186E+01 6.22651024866E+01 2.54681008107E+01 5.61609281388E+01 3.28377689981E+01 6.34906226813E+01 1.91037517259E+01 
7.50000000000E+01 7.55000000000E+01 7.60000000000E+01 1.28254708471E+01 3.26498857270E+01 -2.96850585063E+00 4.45282910963E+01 2.36303777050E+01 2.48475220904E+01 1.80014994906E+01 3.36641404237E+01 1.52701191873E+01 3.18561014709E+01 3.52425938683E+00 4.58719490930E+01 2.45749760928E+01 2.42529901607E+01 
7.60000000000E+01 7.65000000000E+01 7.70000000000E+01 3.11822469320E+02 2.04092541288E+02 4.06439421573E+02 2.85332934721E+02 2.48905269419E+02 1.51266088929E+02 3.27539118309E+02 2.10639065346E+02 3.04599797890E+02 1.96889599919E+02 4.29457423952E+02 2.94469852049E+02 2.43862943255E+02 1.45928393756E+02 
7.70000000000E+01 7.75000000000E+01 7.80000000000E+01 -1.61384507565E+02 2.23506761384E+02 -2.51958451365E+02 3.12833379600E+02 -1.03660824820E+02 1.65446059738E+02 -1.73987242253E+02 2.30625085446E+02 -1.48700175250E+02 2.15622783095E+02 -2.70578122075E+02 3.22801741217E+02 -9.50342205674E+01 1.59610902314E+02 
7.80000000000E+01 7.85000000000E+01 7.90000000000E+01 5.22223843889E+01 1.20255699466E+01 4.85234640872E+01 1.65019987111E+01 5.08448913937E+01 8.86221639963E+00 4.97090535984E+01 1.26749155718E+01 5.09835963021E+01 1.12713911704E+01 4.71758831435E+01 1.75800098517E+01 5.17412079284E+01 8.37329746780E+00 
7.90000000000E+01 7.95000000000E+01 8.00000000000E+01 1.49494938075E+02 7.52170715406E+01 1.83500983359E+02 1.04966256379E+02 1.24185401260E+02 5.58084098007E+01 1.46203428471E+02 7.30233510146E+01 1.42051559885E+02 7.65595821353E+01 1.85671974431E+02 1.01912566065E+02 1.21276306775E+02 5.68231855287E+01 
8.00000000000E+01 8.05000000000E+01 8.10000000000E+01 -7.00753236723E+00 6.65387211441E+01 -3.38412117177E+01 9.28779852705E+01 8.09149231865E+00 4.93721832809E+01 -9.63426148698E+00 6.46471607276E+01 -2.85863072369E+00 6.77435266494E+01 -4.13956570840E+01 9.02152792655E+01 1.19581800662E+01 5.02667514284E+01 
8.10000000000E+01 8.15000000000E+01 8.20000000000E+01 6.03396993497E+01 6.33097052074E+00 6.13374642459E+01 8.32943904972E+00 5.64279463641E+01 4.77912302651E+00 5.53031290572E+01 6.52380505480E+00 5.66153479612E+01 6.77161687391E+00 5.65832663542E+01 8.91735886323E+00 5.54308037813E+01 5.31065319241E+00 
8.20000000000E+01 8.25000000000E+01 8.30000000000E+01 6.06724283874E+01 4.68588607021E+00 6.41268519226E+01 6.19963036528E+00 5.57172095535E+01 3.70731190976E+00 6.30988390761E+01 4.75374080219E+00 6.34138529027E+01 5.11270853663E+00 6.23054444285E+01 5.84014854727E+00 5.95794504144E+01 4.02190427527E+00 
8.30000000000E+01 8.35000000000E+01 8.40000000000E+01 4.55482060785E+01 3.66728347788E+00 4.86492191492E+01 4.61286370208E+00 4.53814434434E+01 3.02388833181E+00 5.10661719679E+01 3.84856721677E+00 4.99754717238E+01 4.40555731780E+00 5.28304242575E+01 5.19191338755E+00 4.84951872205E+01 3.55557892062E+00 
8.40000000000E+01 8.45000000000E+01 8.50000000000E+01 5.42839407859E+01 3.47166243575E+00 6.33264834456E+01 4.83960196845E+00 5.52668275381E+01 3.14549598141E+00 6.15080742651E+01 3.87882511201E+00 5.46212145615E+01 3.95274760227E+00 6.49949242330E+01 4.70936985291E+00 5.38518949677E+01 3.44501711928E+00 
8.50000000000E+01 8.55000000000E+01 8.60000000000E+01 4.59170537012E+01 3.81317778071E+00 4.60190586931E+01 5.38579171438E+00 4.33841223438E+01 2.93141663851E+00 4.40186317457E+01 4.88512710493E+00 4.21538517047E+01 4.39570751634E+00 4.81286100437E+01 6.55169119908E+00 4.19487799898E+01 3.35333721806E+00 
8.60000000000E+01 8.65000000000E+01 8.70000000000E+01 7.14914730607E+01 2.83748433974E+01 8.24815282990E+01 3.96451997290E+01 6.33702410542E+01 2.10546819260E+01 7.40091812780E+01 2.92484029509E+01 7.33663991459E+01 2.75447748118E+01 8.56626130343E+01 4.08342566695E+01 6.57521270025E+01 2.04483358220E+01 
8.70000000000E+01 8.75000000000E+01 8.80000000000E+01 1.13933277505E+01 3.47554321363E+01 -1.74405910396E+00 4.86111554543E+01 1.95112515551E+01 2.57531821963E+01 1.05997264994E+01 3.58847728441E+01 1.37057594691E+01 3.35165753152E+01 1.13005136763E+00 5.02250349073E+01 1.80513951961E+01 2.48278137400E+01 
8.80000000000E+01 8.85000000000E+01 8.90000000000E+01 8.01399750625E+01 9.15201459705E+01 9.94313563367E+01 1.26574066789E+02 6.80025981394E+01 6.85946407453E+01 8.19037970849E+01 9.44510709842E+01 7.99391282384E+01 8.83817136027E+01 1.04221683835E+02 1.30603968802E+02 6.73885922817E+01 6.62332054943E+01 
8.90000000000E+01 8.95000000000E+01 9.00000000000E+01 1.46210881111E+01 7.86520705803E+01 -5.16445107027E-01 1.08344417901E+02 2.18632210829E+01 5.91830087020E+01 1.49055332247E+01 8.12070924133E+01 1.62509861533E+01 7.60093058888E+01 -8.26187892655E-02 1.11832280957E+02 2.53135732768E+01 5.72053457979E+01 
9.00000000000E+01 9.05000000000E+01 9.10000000000E+01 4.23250996395E+01 4.00803480059E+00 4.52276917235E+01 5.13289220444E+00 4.13495077311E+01 3.16705747927E+00 4.00865576805E+01 4.78744606658E+00 4.28630389206E+01 3.37957461983E+00 4.26686929422E+01 6.60890689873E+00 4.11300914401E+01 2.82731732573E+00 
9.10000000000E+01 9.15000000000E+01 9.20000000000E+01 4.23236265773E+01 2.87721059780E+00 4.55764809964E+01 3.07996636619E+00 4.12019887073E+01 2.37123388228E+00 4.25222612337E+01 2.96476546225E+00 4.37463796260E+01 2.85572338100E+00 4.48570162174E+01 3.65015197515E+00 4.26283014953E+01 2.58175403687E+00 
9.20000000000E+01 9.25000000000E+01 9.30000000000E+01 4.06147137079E+01 4.91167682923E+00 4.18659804622E+01 6.09180259995E+00 3.92247238477E+01 4.11764227877E+00 4.22939723622E+01 5.27562077211E+00 4.01042395718E+01 4.87169218093E+00 4.61514064093E+01 6.69738906573E+00 3.85797064180E+01 4.10623925333E+00 
9.30000000000E+01 9.35000000000E+01 9.40000000000E+01 3.93333989678E+01 3.34650434234E+00 4.16505751648E+01 4.19275060004E+00 3.91387247182E+01 3.00170670711E+00 3.97064126075E+01 3.40001655708E+00 4.14100357361E+01 3.47589049693E+00 4.19404895801E+01 4.43160938126E+00 3.91855562714E+01 3.01524837054E+00 
9.40000000000E+01 9.45000000000E+01 9.50000000000E+01 3.92262691292E+01 5.38573764018E+00 3.97247061399E+01 6.97286810340E+00 3.87373704963E+01 4.64366327449E+00 4.06776158319E+01 5.48466869340E+00 3.76646046108E+01 5.46207897065E+00 4.09346254013E+01 6.76402330915E+00 3.78990044921E+01 4.65947413309E+00 
9.50000000000E+01 9.55000000000E+01 9.60000000000E+01 3.18501839318E+01 1.10308390759E+01 3.18239335749E+01 1.40175763239E+01 3.05273114879E+01 8.93147773957E+00 3.11675191088E+01 1.18201335450E+01 3.24700327369E+01 1.04638594044E+01 2.72154812873E+01 1.48792977616E+01 3.03437419590E+01 8.45133373835E+00 
9.60000000000E+01 9.65000000000E+01 9.70000000000E+01 3.56469533144E+01 4.77401970898E+00 3.69011007578E+01 5.85708384680E+00 3.78667920450E+01 4.10040327720E+00 3.63248146239E+01 4.69609332818E+00 3.82628355028E+01 4.89963778183E+00 3.75360188919E+01 5.85051577123E+00 3.87034011368E+01 4.11410296658E+00 
9.70000000000E+01 9.75000000000E+01 9.80000000000E+01 4.20772396780E+01 8.10713710165E+00 4.92096216337E+01 1.11746749716E+01 3.93931841384E+01 6.18080744004E+00 4.24602991208E+01 8.67195744683E+00 4.37953472358E+01 7.80982759816E+00 4.68322851214E+01 1.19479161959E+01 3.96424246742E+01 5.93305071303E+00 
9.80000000000E+01 9.85000000000E+01 9.90000000000E+01 3.42483340766E+01 2.13517698210E+00 3.37783384098E+01 2.71262192094E+00 3.29831136582E+01 1.80453185070E+00 3.36226823461E+01 2.25258481368E+00 2.93871327249E+01 2.06255882962E+00 3.41947362321E+01 2.93447783483E+00 3.14140367283E+01 1.85015678271E+00 
9.90000000000E+01 9.95000000000E+01 1.00000000000E+02 3.40892250393E+01 2.88173015471E+00 3.46677803387E+01 3.37761354088E+00 3.09013807071E+01 2.33184356922E+00 3.06004700259E+01 2.87610187684E+00 3.56690364993E+01 3.11513026972E+00 3.24274217019E+01 3.72410743284E+00 3.22070591159E+01 2.49785058776E+00 
#nx: 3
