#labels: ptz__-3p0__-2p75_lower[1] ptz__-3p0__-2p75_center[2] ptz__-3p0__-2p75_upper[3] tot_scale01[4] tot_scale01_Err[5] tot_scale02[6] tot_scale02_Err[7] tot_scale03[8] tot_scale03_Err[9] tot_scale04[10] tot_scale04_Err[11] tot_scale05[12] tot_scale05_Err[13] tot_scale06[14] tot_scale06_Err[15] tot_scale07[16] tot_scale07_Err[17]
#neval: 26991255598
#overflow:lower center upper 5.89081818858E+02 8.48799179471E+00 5.99015145803E+02 1.16984732767E+01 5.77844608118E+02 6.55704408979E+00 5.99907182723E+02 9.26772556507E+00 5.88613179783E+02 8.56626195131E+00 6.06693881959E+02 1.28553947413E+01 5.70292711294E+02 6.69188902217E+00 
0.00000000000E+00 5.00000000000E-01 1.00000000000E+00 0.00000000000E+00 0.00000000000E+00 0.00000000000E+00 0.00000000000E+00 0.00000000000E+00 0.00000000000E+00 0.00000000000E+00 0.00000000000E+00 0.00000000000E+00 0.00000000000E+00 0.00000000000E+00 0.00000000000E+00 0.00000000000E+00 0.00000000000E+00 
1.00000000000E+00 1.50000000000E+00 2.00000000000E+00 1.66966196038E+04 2.04870594333E+04 2.19007452484E+04 2.85047081387E+04 1.44097909967E+04 1.52477101656E+04 1.64598643755E+04 1.98512908768E+04 1.73106978100E+04 2.11796663203E+04 2.12172630102E+04 2.76553079105E+04 1.45676969087E+04 1.57857834901E+04 
2.00000000000E+00 2.50000000000E+00 3.00000000000E+00 3.40996432100E+01 7.07419691332E+03 -2.01220297087E+03 8.95674774251E+03 1.75869579338E+03 5.77537456099E+03 4.20169962943E+02 5.82348222778E+03 5.88240528455E+00 8.63636676470E+03 -1.60500188413E+03 7.42260148152E+03 1.75520772414E+03 7.04117070910E+03 
3.00000000000E+00 3.50000000000E+00 4.00000000000E+00 4.49594662855E+03 2.94083472160E+03 3.28562553689E+03 3.46243000773E+03 5.44618032796E+03 2.64588199166E+03 4.08067524910E+03 2.35544689204E+03 5.33726386225E+03 3.76407995184E+03 2.72578753052E+03 2.92976480233E+03 6.19994409215E+03 3.44126435496E+03 
4.00000000000E+00 4.50000000000E+00 5.00000000000E+00 7.21907673391E+03 2.90360023379E+03 8.24111266750E+03 4.05411316572E+03 6.56149349025E+03 2.15373866570E+03 7.21198512607E+03 2.79214225207E+03 7.22641326487E+03 2.98002689000E+03 8.32119470847E+03 3.89858989434E+03 6.57663493758E+03 2.21054416007E+03 
5.00000000000E+00 5.50000000000E+00 6.00000000000E+00 1.46238352316E+03 9.28138293621E+02 5.11127250546E+02 1.29454817235E+03 2.12000392256E+03 6.88421308895E+02 1.60556025503E+03 9.07285578504E+02 1.29264215613E+03 9.43491931824E+02 7.78658439172E+02 1.26552372678E+03 2.01692806550E+03 7.00989818992E+02 
6.00000000000E+00 6.50000000000E+00 7.00000000000E+00 4.66470982530E+03 1.94167165658E+03 4.78574287194E+03 2.39274595423E+03 4.51606203900E+03 1.64010833808E+03 4.01063246052E+03 1.35590259301E+03 5.54154480074E+03 2.73742866710E+03 4.04435140841E+03 1.67940220672E+03 5.23613304038E+03 2.29063492029E+03 
7.00000000000E+00 7.50000000000E+00 8.00000000000E+00 -5.57140265368E+03 8.37337827335E+03 -6.19854095932E+03 8.92605180017E+03 -4.88557870823E+03 7.67831222485E+03 -6.42608786681E+03 9.13767835060E+03 -4.72399746957E+03 7.64149408635E+03 -7.54881358730E+03 1.01871923788E+04 -4.32963705773E+03 7.21038736064E+03 
8.00000000000E+00 8.50000000000E+00 9.00000000000E+00 9.16528986086E+03 3.88781975717E+03 1.03194947907E+04 4.68308863822E+03 8.23387581041E+03 3.34292841653E+03 7.88351285041E+03 3.33176337348E+03 1.06325829895E+04 4.72355200207E+03 8.89155419018E+03 4.17161551550E+03 9.54935304804E+03 4.11858805581E+03 
9.00000000000E+00 9.50000000000E+00 1.00000000000E+01 2.54712016525E+03 4.95712849235E+02 2.69863457780E+03 6.89940259319E+02 2.43512117963E+03 3.68966790541E+02 2.54524444607E+03 5.08578940834E+02 2.52556828921E+03 4.84611554186E+02 2.70022738048E+03 7.08025055005E+02 2.44122631613E+03 3.60664412564E+02 
1.00000000000E+01 1.05000000000E+01 1.10000000000E+01 2.82816929652E+03 4.82002252699E+02 3.09541591861E+03 6.35982296172E+02 2.61826677426E+03 3.77582493683E+02 2.76842512034E+03 4.52392139963E+02 2.91361841142E+03 5.07643615963E+02 3.00258201749E+03 5.97363902366E+02 2.69107396981E+03 3.97768246369E+02 
1.10000000000E+01 1.15000000000E+01 1.20000000000E+01 2.32979732139E+03 1.40588064975E+03 2.61510905326E+03 1.94858931378E+03 2.13743013681E+03 1.05055878080E+03 2.37430487697E+03 1.40244083621E+03 2.30896293652E+03 1.40023749424E+03 2.66646610607E+03 1.94533048163E+03 2.11440849315E+03 1.04717863324E+03 
1.20000000000E+01 1.25000000000E+01 1.30000000000E+01 2.37933541715E+00 9.91279578320E+02 -5.80919783383E+02 1.38208530459E+03 3.88300361123E+02 7.36119917899E+02 2.76006309260E-01 1.01212593883E+03 -3.87243609889E+01 9.64375717987E+02 -6.00101984768E+02 1.41130758727E+03 3.97070952270E+02 7.16243125238E+02 
1.30000000000E+01 1.35000000000E+01 1.40000000000E+01 3.24288436477E+02 1.13105112648E+03 -1.43402081626E+02 1.57750310324E+03 5.85152913457E+02 8.39540668725E+02 -2.31698195816E+02 1.13024595054E+03 9.24785299507E+02 1.36393956950E+03 -8.40673194345E+02 1.57274046392E+03 1.02433394932E+03 1.01056180354E+03 
1.40000000000E+01 1.45000000000E+01 1.50000000000E+01 2.05561670990E+03 6.19066181314E+02 2.37367494160E+03 8.64855301980E+02 1.83750087700E+03 4.58788434019E+02 1.54666936214E+03 6.34936551529E+02 2.60906676833E+03 9.36038687614E+02 1.66964674945E+03 8.81472682445E+02 2.25905179271E+03 6.92086361763E+02 
1.50000000000E+01 1.55000000000E+01 1.60000000000E+01 -1.64732601552E+03 2.55912774047E+03 -1.86323066329E+03 2.72197425809E+03 -1.39444139479E+03 2.35129610594E+03 -1.82740780271E+03 2.79717674365E+03 -1.43128487402E+03 2.33165614068E+03 -2.18114185569E+03 3.11240049447E+03 -1.25144944750E+03 2.20519546363E+03 
1.60000000000E+01 1.65000000000E+01 1.70000000000E+01 1.76292336686E+04 1.63176891600E+04 2.41244272713E+04 2.27576991644E+04 1.33408041646E+04 1.21131402734E+04 1.70265080350E+04 1.57123460965E+04 1.80217953567E+04 1.67288853781E+04 2.33387019967E+04 2.19134366186E+04 1.36627069842E+04 1.24183790679E+04 
1.70000000000E+01 1.75000000000E+01 1.80000000000E+01 7.01147503574E+02 3.87068960662E+02 7.03856135723E+02 5.43851727267E+02 6.84210320994E+02 2.97527499603E+02 1.26889710957E+03 3.21600284698E+02 3.10169116632E+01 1.12564137100E+03 1.50058907829E+03 4.40151234095E+02 1.97554587418E+02 8.38288028107E+02 
1.80000000000E+01 1.85000000000E+01 1.90000000000E+01 1.11016262090E+04 1.01558471617E+04 1.17101124852E+04 1.07082516118E+04 1.03045413771E+04 9.37482498405E+03 1.22187607804E+04 1.12259998873E+04 1.00868312303E+04 9.13051132239E+03 1.34808030352E+04 1.24473368283E+04 9.65655254054E+03 8.70941422911E+03 
1.90000000000E+01 1.95000000000E+01 2.00000000000E+01 8.27233941000E+02 1.01099662925E+02 9.54328355079E+02 1.95087331940E+02 7.55686704319E+02 8.06934983719E+01 7.43498142152E+02 1.12861170562E+02 8.99477729544E+02 1.37424139254E+02 8.04013143980E+02 1.43112045434E+02 8.18730015704E+02 7.43838390399E+01 
2.00000000000E+01 2.05000000000E+01 2.10000000000E+01 7.84668311565E+02 1.45428166803E+02 7.95365743127E+02 2.01675089978E+02 7.74433389199E+02 1.08923296191E+02 8.41450944982E+02 1.49050166028E+02 7.80969831550E+02 1.43985918037E+02 8.71262601870E+02 2.06373963716E+02 7.64586664389E+02 1.07852126212E+02 
2.10000000000E+01 2.15000000000E+01 2.20000000000E+01 8.02335860549E+02 5.67375218035E+01 8.24648270996E+02 7.59275205934E+01 7.59453196696E+02 4.49639121822E+01 8.03880924620E+02 5.77822462738E+01 7.82952150423E+02 5.86566524390E+01 8.67834592366E+02 7.66099186108E+01 7.69999782723E+02 4.55887875265E+01 
2.20000000000E+01 2.25000000000E+01 2.30000000000E+01 7.25049322256E+02 5.12123067656E+01 7.50878954534E+02 6.94471924081E+01 6.85183120716E+02 3.93248983656E+01 7.00383869143E+02 4.90448553378E+01 7.50426556034E+02 5.09889685106E+01 7.34478252612E+02 6.67085872193E+01 7.18116454302E+02 3.91625326102E+01 
2.30000000000E+01 2.35000000000E+01 2.40000000000E+01 7.70991551046E+02 7.38836894075E+01 8.26833821536E+02 1.01176466527E+02 7.28781236423E+02 5.68887461122E+01 7.71795448531E+02 7.62057172192E+01 7.44712539160E+02 7.38029188782E+01 8.30992134709E+02 1.03795257494E+02 6.97256129236E+02 5.69198616087E+01 
2.40000000000E+01 2.45000000000E+01 2.50000000000E+01 3.46625988780E+04 3.39673686028E+04 4.81367690266E+04 4.73781618713E+04 2.58674423504E+04 2.52128699122E+04 3.21528597001E+04 3.14764878101E+04 3.67810080962E+04 3.60665198483E+04 4.46356915412E+04 4.39038474335E+04 2.74484152430E+04 2.67710010865E+04 
2.50000000000E+01 2.55000000000E+01 2.60000000000E+01 -3.34284348230E+04 3.39379206841E+04 -4.68239863263E+04 4.73370875696E+04 -2.46809631074E+04 2.51910114619E+04 -3.09303263971E+04 3.14491964206E+04 -3.55322997173E+04 3.60352549701E+04 -4.33562439248E+04 4.38657800482E+04 -2.62442803310E+04 2.67477937850E+04 
2.60000000000E+01 2.65000000000E+01 2.70000000000E+01 6.41995297487E+02 1.01923855079E+02 7.07956816741E+02 1.37778341695E+02 6.13240647514E+02 7.84580102583E+01 7.21928184733E+02 1.54381918995E+02 5.94757694285E+02 5.33212670511E+01 7.98171822533E+02 2.11172885840E+02 5.61264411324E+02 4.24466317524E+01 
2.70000000000E+01 2.75000000000E+01 2.80000000000E+01 3.79669051521E+02 1.00760760258E+02 3.38558582379E+02 1.35877868174E+02 3.90791848338E+02 7.73845049443E+01 2.96812568985E+02 1.54090869511E+02 4.33935210997E+02 5.16684661388E+01 2.16921910786E+02 2.10847243812E+02 4.46798256786E+02 4.10381879876E+01 
2.80000000000E+01 2.85000000000E+01 2.90000000000E+01 4.85636112519E+02 4.66815736259E+01 5.01186897605E+02 6.35129229601E+01 4.70485147838E+02 3.59408162944E+01 4.94244791483E+02 4.78510672989E+01 4.78163771136E+02 4.74631297766E+01 5.01032811076E+02 6.50482093255E+01 4.71355676433E+02 3.64889833864E+01 
2.90000000000E+01 2.95000000000E+01 3.00000000000E+01 4.42864186233E+02 3.58669011323E+01 4.44617337846E+02 4.82371236466E+01 4.38441938652E+02 2.82296230647E+01 4.37758742778E+02 3.66840862792E+01 4.41439668476E+02 3.73110946179E+01 4.37116038530E+02 4.89913890377E+01 4.32862632412E+02 2.88877558175E+01 
3.00000000000E+01 3.05000000000E+01 3.10000000000E+01 4.27087736771E+02 3.10646896419E+01 4.07861560157E+02 4.09016823254E+01 4.09113259589E+02 2.46462688773E+01 4.22911096073E+02 3.44755817147E+01 4.11888363738E+02 3.01192022197E+01 4.43806162230E+02 4.60796054846E+01 4.05692457367E+02 2.38920155435E+01 
3.10000000000E+01 3.15000000000E+01 3.20000000000E+01 3.52144579611E+02 2.98385003178E+01 3.52545607859E+02 3.91209293987E+01 3.41190576657E+02 2.40586685320E+01 3.36482337435E+02 3.08926419909E+01 3.52232253514E+02 3.13428842676E+01 3.38648634975E+02 4.03152688478E+01 3.53486615165E+02 2.53250308295E+01 
3.20000000000E+01 3.25000000000E+01 3.30000000000E+01 4.40511085150E+02 3.28889931500E+01 4.64442672561E+02 4.37574176013E+01 4.17105666134E+02 2.59778195463E+01 4.32126565255E+02 3.75365629241E+01 4.32541644548E+02 3.20080879563E+01 4.62174283928E+02 5.00827221806E+01 4.14351052317E+02 2.54799175494E+01 
3.30000000000E+01 3.35000000000E+01 3.40000000000E+01 3.46641002838E+02 3.33230830035E+01 3.63388945075E+02 4.34715290030E+01 3.31792246694E+02 2.61224233117E+01 3.36104738812E+02 3.51617388256E+01 3.73281101350E+02 3.27422600442E+01 3.54626052812E+02 4.70801502523E+01 3.51676381025E+02 2.56150089722E+01 
3.40000000000E+01 3.45000000000E+01 3.50000000000E+01 3.34872637670E+02 3.02505622511E+01 3.45367144664E+02 3.98125001470E+01 3.21672710609E+02 2.40983234468E+01 3.35600615434E+02 3.15364548984E+01 3.41692538772E+02 3.09196120484E+01 3.27523479204E+02 4.17328473857E+01 3.28908617573E+02 2.44066509557E+01 
3.50000000000E+01 3.55000000000E+01 3.60000000000E+01 2.61104659524E+02 6.05928876746E+01 2.56293918030E+02 8.10964401342E+01 2.58804936847E+02 4.68688662442E+01 2.50159366042E+02 6.81971211601E+01 2.57985109755E+02 5.58131418090E+01 2.50317670178E+02 9.08881520957E+01 2.62117672778E+02 4.32870660102E+01 
3.60000000000E+01 3.65000000000E+01 3.70000000000E+01 4.19503960445E+02 5.98280835383E+01 4.47543999789E+02 8.04409604657E+01 3.84229612962E+02 4.59549951187E+01 4.18795034546E+02 6.75927092497E+01 4.04180251217E+02 5.50090541017E+01 4.51625464760E+02 9.10821562190E+01 3.70311060701E+02 4.22195756052E+01 
3.70000000000E+01 3.75000000000E+01 3.80000000000E+01 3.51284467438E+02 5.09044962289E+01 3.87177297475E+02 7.04695949246E+01 3.20197540639E+02 3.81494107226E+01 3.58141551544E+02 5.09810730439E+01 3.61769164922E+02 5.09814882968E+01 4.12594930599E+02 7.06413107638E+01 3.31183706314E+02 3.83452171463E+01 
3.80000000000E+01 3.85000000000E+01 3.90000000000E+01 2.70340691752E+02 2.12117888973E+01 2.76841405785E+02 2.86211855212E+01 2.61640263949E+02 1.66969262255E+01 2.60232747250E+02 2.14740137501E+01 2.53653889463E+02 2.20935899676E+01 2.73420678124E+02 2.93975416554E+01 2.59851409949E+02 1.74331883610E+01 
3.90000000000E+01 3.95000000000E+01 4.00000000000E+01 2.40526259748E+02 1.72592602445E+01 2.44694119950E+02 2.18860544881E+01 2.34562317819E+02 1.40810716646E+01 2.36667015580E+02 1.56774575952E+01 2.42141612244E+02 1.86205388868E+01 2.35148153057E+02 2.00807114646E+01 2.37433149497E+02 1.48165227646E+01 
4.00000000000E+01 4.05000000000E+01 4.10000000000E+01 2.64987641085E+02 1.44582716220E+01 2.74671344125E+02 1.81654500413E+01 2.46022118158E+02 1.19299504293E+01 2.62785756073E+02 1.44600860349E+01 2.51357898527E+02 1.50616664830E+01 2.64252992492E+02 1.73204996725E+01 2.39125174570E+02 1.24715572242E+01 
4.10000000000E+01 4.15000000000E+01 4.20000000000E+01 1.58475164157E+02 5.69058442634E+01 1.39654340210E+02 7.89939805767E+01 1.63724822820E+02 4.24408873872E+01 1.58046031453E+02 5.73714084545E+01 1.35519560888E+02 5.64761097163E+01 1.33969936692E+02 7.97168238431E+01 1.53167240295E+02 4.21531667335E+01 
4.20000000000E+01 4.25000000000E+01 4.30000000000E+01 3.31335430776E+02 5.39668489407E+01 3.59979249257E+02 7.50075505430E+01 2.98814670909E+02 4.04407216704E+01 3.22285805140E+02 5.45881624725E+01 3.15038817140E+02 5.34265649192E+01 3.58318343480E+02 7.55552177182E+01 2.93555675538E+02 4.01062846235E+01 
4.30000000000E+01 4.35000000000E+01 4.40000000000E+01 2.01593270057E+02 1.38620444002E+01 1.97725633793E+02 1.69518006652E+01 2.02386836108E+02 1.11309050140E+01 1.95326763029E+02 1.41604903859E+01 2.08402126896E+02 1.40700360742E+01 2.06212836564E+02 1.86302475399E+01 2.05627838421E+02 1.17156466729E+01 
4.40000000000E+01 4.45000000000E+01 4.50000000000E+01 2.04532435725E+02 1.31199043129E+01 2.02853656984E+02 1.63819014999E+01 2.00560399101E+02 1.04005234003E+01 2.20333367977E+02 1.34711329512E+01 1.95227031917E+02 1.31524947999E+01 2.18342618128E+02 1.72806423212E+01 1.87353445842E+02 1.02328768192E+01 
4.50000000000E+01 4.55000000000E+01 4.60000000000E+01 2.14958073628E+02 1.47116028730E+01 2.22776859266E+02 1.79235567250E+01 1.92817337536E+02 1.18751561432E+01 1.97160490507E+02 1.48925710252E+01 2.27607131808E+02 1.54947946570E+01 2.07400384245E+02 1.86123755757E+01 2.10198502132E+02 1.26651660568E+01 
4.60000000000E+01 4.65000000000E+01 4.70000000000E+01 1.97879911179E+02 1.29148986022E+01 2.10483795846E+02 1.66155581237E+01 1.89525352783E+02 1.06845012852E+01 2.05921463229E+02 1.40227513222E+01 1.92549304534E+02 1.33925528023E+01 2.19373189625E+02 1.77664742940E+01 1.87652472781E+02 1.08163531566E+01 
4.70000000000E+01 4.75000000000E+01 4.80000000000E+01 1.57062681894E+02 1.81835138053E+01 1.55118045626E+02 2.42988603006E+01 1.54675840456E+02 1.47161965609E+01 1.55030938756E+02 1.88643948990E+01 1.65702890173E+02 1.84076677451E+01 1.53209174833E+02 2.47513536938E+01 1.59981386142E+02 1.48862638290E+01 
4.80000000000E+01 4.85000000000E+01 4.90000000000E+01 1.67562367571E+02 2.09627295376E+01 1.70169162453E+02 2.73820256090E+01 1.56016246954E+02 1.66591914508E+01 1.71028817178E+02 2.16153218629E+01 1.68276683001E+02 2.08054233880E+01 1.68845880293E+02 2.77436008242E+01 1.64339020120E+02 1.66631788859E+01 
4.90000000000E+01 4.95000000000E+01 5.00000000000E+01 1.65206867473E+02 1.12865474795E+01 1.64272622557E+02 1.47833558845E+01 1.57851071602E+02 8.92834822645E+00 1.72253812615E+02 1.07982996690E+01 1.58049573545E+02 1.25788443345E+01 1.75867816787E+02 1.39583145958E+01 1.57884291983E+02 9.33780431565E+00 
5.00000000000E+01 5.05000000000E+01 5.10000000000E+01 1.34905885909E+02 9.98231088215E+00 1.33310032823E+02 1.31631457748E+01 1.35405184467E+02 8.23016230895E+00 1.29053717482E+02 9.77851543326E+00 1.39415635662E+02 1.01272878032E+01 1.40129287076E+02 1.37917581926E+01 1.42516794583E+02 8.52595378080E+00 
5.10000000000E+01 5.15000000000E+01 5.20000000000E+01 1.53998028520E+02 1.33403413508E+01 1.57283371104E+02 1.79808762528E+01 1.40853474223E+02 1.03702416952E+01 1.48720511290E+02 1.48571547921E+01 1.49785705270E+02 1.34799172580E+01 1.58426785502E+02 1.98407785799E+01 1.36985724634E+02 1.03659518204E+01 
5.20000000000E+01 5.25000000000E+01 5.30000000000E+01 2.33441434974E+02 7.54460186823E+01 2.68806364068E+02 9.74045170306E+01 2.05953644677E+02 6.02027229305E+01 2.22604154078E+02 7.12240235953E+01 2.44043334186E+02 7.92670746738E+01 2.51078189895E+02 9.17669239402E+01 2.12126400914E+02 6.31370856565E+01 
5.30000000000E+01 5.35000000000E+01 5.40000000000E+01 6.44662934519E+01 7.28653948660E+01 4.84472184182E+01 9.36209305449E+01 7.41683415777E+01 5.83643475853E+01 6.51312175838E+01 6.87213526562E+01 6.30187196958E+01 7.66699349935E+01 4.92280774118E+01 8.82196010962E+01 7.24266688576E+01 6.13007350081E+01 
5.40000000000E+01 5.45000000000E+01 5.50000000000E+01 1.16574699449E+02 1.31736946475E+01 1.20931586091E+02 1.74165606630E+01 1.15226458931E+02 1.05599713824E+01 1.19258773801E+02 1.35101628551E+01 1.17235207331E+02 1.33326282195E+01 1.24590728819E+02 1.79010867971E+01 1.11044122457E+02 1.05378782323E+01 
5.50000000000E+01 5.55000000000E+01 5.60000000000E+01 1.29089558824E+02 2.38866267042E+01 1.31114757453E+02 3.15548614615E+01 1.18995049681E+02 1.86262079861E+01 1.26344066517E+02 2.41097367299E+01 1.14041748056E+02 2.37983331316E+01 1.31238847201E+02 3.20245740536E+01 1.14183039381E+02 1.87014236636E+01 
5.60000000000E+01 5.65000000000E+01 5.70000000000E+01 1.08596530194E+02 1.64816463297E+01 1.17231034954E+02 2.23242790483E+01 1.04192226652E+02 1.26909774961E+01 9.55853933659E+01 1.80297134339E+01 1.07757237426E+02 1.61233964374E+01 9.51281574835E+01 2.44989082155E+01 1.04119403677E+02 1.24243816547E+01 
5.70000000000E+01 5.75000000000E+01 5.80000000000E+01 9.00455449089E+01 3.74704624772E+01 8.06962521803E+01 5.17286252868E+01 8.73201359740E+01 2.81306158663E+01 7.84342443496E+01 4.97467534484E+01 9.46494528444E+01 2.73012702302E+01 6.46999060140E+01 6.89789148997E+01 9.44749783762E+01 2.07228846968E+01 
5.80000000000E+01 5.85000000000E+01 5.90000000000E+01 1.21836434741E+02 3.66975039581E+01 1.32075832705E+02 5.08207860179E+01 1.16362325196E+02 2.76077366711E+01 1.29931026219E+02 4.88828289794E+01 1.08050017586E+02 2.65770537003E+01 1.42208471061E+02 6.78407439403E+01 9.73967650745E+01 2.01763851147E+01 
5.90000000000E+01 5.95000000000E+01 6.00000000000E+01 8.66671046482E+01 1.83171849016E+01 8.53836292022E+01 2.36868077096E+01 8.48588476090E+01 1.47411766978E+01 8.02185951646E+01 1.75918521194E+01 8.87104343887E+01 1.93168845094E+01 7.53301042833E+01 2.28013732393E+01 8.74784548558E+01 1.54390426475E+01 
6.00000000000E+01 6.05000000000E+01 6.10000000000E+01 1.04427389353E+02 1.94373891522E+01 1.12140682246E+02 2.47977062761E+01 9.86391350653E+01 1.56463275947E+01 1.01448476169E+02 1.89610470522E+01 1.02989872372E+02 2.01375472516E+01 1.07571079914E+02 2.44672916932E+01 9.13947370917E+01 1.59892728368E+01 
6.10000000000E+01 6.15000000000E+01 6.20000000000E+01 1.06608226660E+02 9.07429989742E+00 1.10914481127E+02 1.16033799225E+01 1.04083244802E+02 7.40399814188E+00 1.07596980499E+02 9.69630967852E+00 1.07750896349E+02 9.49387672207E+00 1.12538510738E+02 1.24735423704E+01 1.02971053838E+02 7.60166498542E+00 
6.20000000000E+01 6.25000000000E+01 6.30000000000E+01 8.64787158249E+01 1.33565180491E+01 7.90316003016E+01 1.49092745242E+01 8.43491903799E+01 1.17788698518E+01 9.21927752854E+01 1.26569953364E+01 9.50988763888E+01 1.36211424189E+01 8.79424688976E+01 1.41588287896E+01 8.41985406298E+01 1.22676548667E+01 
6.30000000000E+01 6.35000000000E+01 6.40000000000E+01 7.08188363422E+01 9.18677117662E+00 7.31558921287E+01 1.14181417548E+01 7.18301317823E+01 7.96709211670E+00 6.72867273817E+01 9.18132735546E+00 7.51157264540E+01 9.38142689102E+00 6.28735563993E+01 1.10730236772E+01 7.69143390132E+01 8.13942421318E+00 
6.40000000000E+01 6.45000000000E+01 6.50000000000E+01 7.49934044723E+01 7.31915555001E+00 7.33958535651E+01 9.64965762795E+00 7.41031069763E+01 5.88322953174E+00 7.19731622523E+01 7.39927866219E+00 8.02060811474E+01 7.25358156993E+00 7.39645097858E+01 9.46867124547E+00 7.88015007814E+01 5.88433072107E+00 
6.50000000000E+01 6.55000000000E+01 6.60000000000E+01 7.48967157731E+01 7.06255339738E+00 8.07634394768E+01 9.14166560303E+00 7.23129455109E+01 5.61978481265E+00 7.98414972373E+01 7.77799931076E+00 7.49155119847E+01 6.66975177517E+00 8.38807132380E+01 1.02894703955E+01 7.10626249252E+01 5.31041344408E+00 
6.60000000000E+01 6.65000000000E+01 6.70000000000E+01 7.04198778172E+01 5.72264677320E+00 7.48088357414E+01 7.28349924426E+00 6.96902513823E+01 4.61899554293E+00 7.26494804819E+01 5.26293442229E+00 7.50954314789E+01 5.68383867715E+00 7.65300756775E+01 6.96268381286E+00 7.36846182496E+01 4.72271407427E+00 
6.70000000000E+01 6.75000000000E+01 6.80000000000E+01 7.51070473779E+01 7.17641051660E+00 8.69128208406E+01 9.59763278507E+00 7.35755535204E+01 6.02796218693E+00 7.28999659838E+01 7.29233221616E+00 8.15903400389E+01 7.66329829858E+00 7.55694842471E+01 9.32053222686E+00 7.50576003727E+01 6.09554407278E+00 
6.80000000000E+01 6.85000000000E+01 6.90000000000E+01 7.37566682752E+01 6.49694046193E+00 7.94751509136E+01 8.34341589621E+00 6.60057160658E+01 5.25000638868E+00 7.16755895984E+01 6.29280619279E+00 6.98950860558E+01 6.61696704314E+00 8.33193077647E+01 8.39955416941E+00 6.59362851512E+01 5.47089825673E+00 
6.90000000000E+01 6.95000000000E+01 7.00000000000E+01 6.00832661090E+01 5.69005778049E+00 6.02716187435E+01 6.89738250822E+00 5.92696712840E+01 4.81295719154E+00 5.94059494855E+01 5.64087792583E+00 6.54453635867E+01 5.73802851596E+00 5.93781207332E+01 6.76220189320E+00 6.12418043085E+01 4.96891975279E+00 
7.00000000000E+01 7.05000000000E+01 7.10000000000E+01 7.54362974657E+01 5.22889423225E+00 7.87543110736E+01 7.38444756308E+00 6.79046720526E+01 4.14358298187E+00 7.63628969338E+01 5.97224383135E+00 7.18574033653E+01 5.10411638463E+00 7.90394673844E+01 7.93235805759E+00 6.62975535716E+01 4.01569604477E+00 
7.10000000000E+01 7.15000000000E+01 7.20000000000E+01 5.29015895990E+01 1.03658135144E+01 4.94787377872E+01 1.36551175328E+01 5.16265941870E+01 8.10892593142E+00 4.79387663824E+01 1.08119352914E+01 4.94558476258E+01 1.00562276453E+01 4.84263803624E+01 1.45692106121E+01 5.03445706997E+01 7.91814061831E+00 
7.20000000000E+01 7.25000000000E+01 7.30000000000E+01 3.85578747877E+01 1.39026207753E+01 3.87752573926E+01 1.87288991091E+01 4.19168599292E+01 1.06967597683E+01 4.56218397962E+01 1.66580842781E+01 3.53742440502E+01 1.28919007368E+01 4.14553799296E+01 2.28772750785E+01 3.77969670428E+01 9.87046943886E+00 
7.30000000000E+01 7.35000000000E+01 7.40000000000E+01 6.43026617517E+01 1.76528415346E+01 7.02312725219E+01 2.45684229263E+01 5.94670742338E+01 1.31719064282E+01 6.43414106939E+01 1.87507988947E+01 6.87670414946E+01 1.69466004962E+01 7.08675216638E+01 2.61042580024E+01 6.08669599591E+01 1.26030301989E+01 
7.40000000000E+01 7.45000000000E+01 7.50000000000E+01 5.44017448693E+01 4.86259133196E+00 5.69937846696E+01 6.67232393893E+00 5.23177643288E+01 3.86165024067E+00 5.09154070140E+01 5.01069100676E+00 5.78430849164E+01 6.39106587155E+00 4.99153666802E+01 6.84719976324E+00 5.57125594863E+01 4.89412279797E+00 
7.50000000000E+01 7.55000000000E+01 7.60000000000E+01 -2.27232402219E+02 2.83041323296E+02 -3.33051267088E+02 3.94191645610E+02 -1.55910418819E+02 2.10357958824E+02 -2.37104076250E+02 2.99741980300E+02 -2.20338590183E+02 2.67497674769E+02 -3.53118945807E+02 4.17433597819E+02 -1.48029247043E+02 1.98812529664E+02 
7.60000000000E+01 7.65000000000E+01 7.70000000000E+01 5.34986021914E+01 1.34508775397E+01 5.45834274544E+01 1.85638642172E+01 5.06048783629E+01 1.00823056214E+01 5.78847120943E+01 1.41705882742E+01 5.51993619607E+01 1.27672016948E+01 6.06673874396E+01 1.97537426012E+01 5.11735413907E+01 9.63576728182E+00 
7.70000000000E+01 7.75000000000E+01 7.80000000000E+01 2.11625438844E+02 1.67929812288E+02 2.79264568449E+02 2.33888669623E+02 1.66316903856E+02 1.24800382979E+02 2.27293925446E+02 1.77857734417E+02 1.99206644703E+02 1.58690683489E+02 3.00886962858E+02 2.47702294054E+02 1.56012847577E+02 1.17935496937E+02 
7.80000000000E+01 7.85000000000E+01 7.90000000000E+01 5.15909275396E+01 4.99800147906E+00 5.84452597539E+01 6.86562716394E+00 4.91205264830E+01 3.96091721879E+00 4.88333233650E+01 5.49364195849E+00 4.78650053913E+01 5.05104328361E+00 5.90294330803E+01 7.42131285983E+00 4.58849174919E+01 4.01073663003E+00 
7.90000000000E+01 7.95000000000E+01 8.00000000000E+01 3.82105625191E+01 4.13012487003E+00 3.97076700766E+01 5.44065333261E+00 3.61914116098E+01 3.45045907967E+00 4.22552819669E+01 4.18174208892E+00 3.40024418359E+01 4.35537717329E+00 4.36958020425E+01 5.07382139623E+00 3.39253454581E+01 3.50499850221E+00 
8.00000000000E+01 8.05000000000E+01 8.10000000000E+01 4.43623932628E+01 1.04637857028E+01 4.82601269036E+01 1.30380301180E+01 4.24903687157E+01 8.63990463248E+00 4.37466546886E+01 1.01051749605E+01 4.76804511422E+01 1.07193228515E+01 4.60056982603E+01 1.26112924432E+01 4.56327709027E+01 8.85060649815E+00 
8.10000000000E+01 8.15000000000E+01 8.20000000000E+01 4.14575631097E+01 4.35805193746E+00 4.15616722698E+01 5.77246134551E+00 3.90637953110E+01 3.43410409321E+00 3.96421684675E+01 4.19100330048E+00 3.77060700878E+01 4.06467711638E+00 4.45235043396E+01 5.99205191043E+00 3.81765075508E+01 3.29570899663E+00 
8.20000000000E+01 8.25000000000E+01 8.30000000000E+01 2.18733366243E+01 1.14596011380E+01 1.64214697500E+01 1.47318580142E+01 2.45372297537E+01 9.20233970895E+00 1.73896188109E+01 1.23485267766E+01 2.45782432083E+01 1.10461123134E+01 6.14078809200E+00 1.58945321712E+01 2.64736657713E+01 8.83518399495E+00 
8.30000000000E+01 8.35000000000E+01 8.40000000000E+01 3.63066830830E+01 2.78463110306E+00 3.62615226369E+01 3.71944595419E+00 3.64409536921E+01 2.27593026534E+00 3.56603672887E+01 3.60538467725E+00 3.69645373585E+01 3.43612709714E+00 3.58760567517E+01 4.83063078728E+00 3.52464594202E+01 2.60720862141E+00 
8.40000000000E+01 8.45000000000E+01 8.50000000000E+01 5.94378551043E+01 1.43516175128E+01 6.77866875597E+01 1.89503908040E+01 5.23742503813E+01 1.12354415269E+01 5.41670451473E+01 1.63708306141E+01 6.03599182529E+01 1.35942126665E+01 5.89365685258E+01 2.17947809039E+01 5.31117986298E+01 1.06379672109E+01 
8.50000000000E+01 8.55000000000E+01 8.60000000000E+01 3.76017363189E+01 6.92040639239E+00 4.00740160039E+01 8.97673427399E+00 3.66315617219E+01 5.55363559556E+00 4.11207522297E+01 9.30935329415E+00 3.40863399952E+01 6.67736625433E+00 4.49107669544E+01 1.25073948806E+01 3.32389198732E+01 5.33488158479E+00 
8.60000000000E+01 8.65000000000E+01 8.70000000000E+01 2.76378811174E+01 6.51198138218E+00 2.78786716493E+01 8.58239124884E+00 2.75501886836E+01 5.16298511139E+00 2.63824998928E+01 7.43272846884E+00 2.56201402257E+01 6.10196016840E+00 2.62465047884E+01 9.70235763909E+00 2.74368931870E+01 4.86254618240E+00 
8.70000000000E+01 8.75000000000E+01 8.80000000000E+01 4.32503872073E+01 7.76290170578E+00 4.77345000722E+01 1.05982082113E+01 3.87243212588E+01 5.84539757590E+00 4.41135763397E+01 8.25675236775E+00 4.20000229084E+01 7.49585599259E+00 4.46620692368E+01 1.10189907720E+01 3.95920003790E+01 5.73698489909E+00 
8.80000000000E+01 8.85000000000E+01 8.90000000000E+01 3.23753392896E+01 3.03768127821E+00 3.60867635545E+01 4.23925019347E+00 3.04842313155E+01 2.39847342858E+00 3.08561015879E+01 2.88999811900E+00 3.19105388761E+01 3.51298461693E+00 2.96108663552E+01 3.69298058079E+00 2.97074736246E+01 2.72381667343E+00 
8.90000000000E+01 8.95000000000E+01 9.00000000000E+01 3.08805427947E+01 3.31414976023E+00 3.27400421203E+01 4.46455075594E+00 2.93821894852E+01 2.58944126241E+00 2.76999253387E+01 4.05981875573E+00 2.96378448255E+01 2.68528282734E+00 2.83381945244E+01 5.59940049845E+00 2.89827411608E+01 2.29827220218E+00 
9.00000000000E+01 9.05000000000E+01 9.10000000000E+01 3.17217830112E+01 4.40542434960E+00 3.41609861080E+01 6.02359925286E+00 2.82191202489E+01 3.41757061757E+00 3.21499744173E+01 6.20617296864E+00 2.97494051590E+01 3.36843808106E+00 3.53949319001E+01 8.58033248460E+00 2.71299211201E+01 2.54947166573E+00 
9.10000000000E+01 9.15000000000E+01 9.20000000000E+01 2.64399519761E+01 2.57991138551E+00 2.78314246363E+01 3.70916828892E+00 2.48465379472E+01 1.94281991496E+00 2.76930010802E+01 2.65610200457E+00 2.65772998874E+01 2.83546745334E+00 3.03928640373E+01 3.80978820565E+00 2.46293108631E+01 2.08825253960E+00 
9.20000000000E+01 9.25000000000E+01 9.30000000000E+01 6.59985750471E+01 2.49265449475E+01 7.73812569548E+01 3.41601164546E+01 5.50772723300E+01 1.88511300242E+01 6.41554022946E+01 2.66579538285E+01 6.38310842447E+01 2.34242633164E+01 7.89631958310E+01 3.64895401545E+01 5.51459600241E+01 1.77235948782E+01 
9.30000000000E+01 9.35000000000E+01 9.40000000000E+01 8.06951055190E+01 5.55995004688E+01 1.01004986108E+02 7.74234522454E+01 6.44976478048E+01 4.13306617435E+01 8.30962773671E+01 5.88966138786E+01 7.62255131938E+01 5.25465467372E+01 1.05765305854E+02 8.20129523810E+01 6.18506468603E+01 3.90581776988E+01 
9.40000000000E+01 9.45000000000E+01 9.50000000000E+01 2.66636940546E+01 3.32936919351E+01 2.82307431779E+01 4.63952281822E+01 2.43047758504E+01 2.47376847898E+01 2.56690994741E+01 3.54201860152E+01 2.68874110465E+01 3.13487286602E+01 2.75676483072E+01 4.93586050354E+01 2.59242471825E+01 2.33012837061E+01 
9.50000000000E+01 9.55000000000E+01 9.60000000000E+01 2.18259559948E+01 1.92913543575E+00 2.23056242697E+01 2.38373244474E+00 2.21501207246E+01 1.59360871246E+00 2.20209946328E+01 2.26229199758E+00 2.00444266471E+01 2.14336195587E+00 2.26092480129E+01 2.90108537080E+00 1.91745234846E+01 1.71642040847E+00 
9.60000000000E+01 9.65000000000E+01 9.70000000000E+01 2.59587401745E+01 8.22039788528E+00 3.01894714616E+01 1.14503084162E+01 2.45875080827E+01 6.17535512838E+00 2.73427164903E+01 8.73892398436E+00 2.70579391289E+01 7.87608368573E+00 3.16880384609E+01 1.21092705598E+01 2.37915108181E+01 5.85069920552E+00 
9.70000000000E+01 9.75000000000E+01 9.80000000000E+01 2.27834256029E+01 2.46645683786E+00 2.04260477459E+01 2.99741360084E+00 2.26224762586E+01 2.21342168823E+00 2.24464027268E+01 2.66600294872E+00 2.06995693405E+01 2.52855041684E+00 1.96402945507E+01 3.39875134684E+00 2.03713819415E+01 2.07491394452E+00 
9.80000000000E+01 9.85000000000E+01 9.90000000000E+01 1.59452381244E+01 5.81065509629E+00 1.52683254957E+01 7.53070929046E+00 1.64949701705E+01 4.66122354362E+00 1.58791676470E+01 6.30297995526E+00 1.54600220564E+01 5.50381674905E+00 1.61138131073E+01 8.19066500510E+00 1.49240974037E+01 4.35241932245E+00 
9.90000000000E+01 9.95000000000E+01 1.00000000000E+02 -2.53394602512E+01 4.39667835549E+01 -4.37844591971E+01 6.12364506985E+01 -1.53941687128E+01 3.26777215813E+01 -3.02294093547E+01 4.65721083313E+01 -2.23247851881E+01 4.15492329302E+01 -4.72639972104E+01 6.48559081112E+01 -1.24440294442E+01 3.08843736453E+01 
#nx: 3
