#labels: ptz__0__0p25_lower[1] ptz__0__0p25_center[2] ptz__0__0p25_upper[3] tot_scale01[4] tot_scale01_Err[5] tot_scale02[6] tot_scale02_Err[7] tot_scale03[8] tot_scale03_Err[9] tot_scale04[10] tot_scale04_Err[11] tot_scale05[12] tot_scale05_Err[13] tot_scale06[14] tot_scale06_Err[15] tot_scale07[16] tot_scale07_Err[17]
#neval: 162323922550
#overflow:lower center upper 1.51897010845E+03 3.16141099370E+00 1.51276358265E+03 4.11605682334E+00 1.49473811437E+03 2.72060377547E+00 1.51682712689E+03 3.29503261874E+00 1.51659135227E+03 3.66094127858E+00 1.51678602205E+03 4.18830504350E+00 1.49647087248E+03 3.15908830326E+00 
0.00000000000E+00 5.00000000000E-01 1.00000000000E+00 0.00000000000E+00 0.00000000000E+00 0.00000000000E+00 0.00000000000E+00 0.00000000000E+00 0.00000000000E+00 0.00000000000E+00 0.00000000000E+00 0.00000000000E+00 0.00000000000E+00 0.00000000000E+00 0.00000000000E+00 0.00000000000E+00 0.00000000000E+00 
1.00000000000E+00 1.50000000000E+00 2.00000000000E+00 -9.78612570717E+03 3.77712768960E+02 -1.47246565460E+04 5.05522139977E+02 -5.44572586186E+03 2.91708010096E+02 -7.07384253826E+03 3.50012171509E+02 -1.30520717377E+04 4.22827013461E+02 -1.12781016968E+04 4.77001620644E+02 -7.75311804416E+03 3.23501552329E+02 
2.00000000000E+00 2.50000000000E+00 3.00000000000E+00 2.87251290325E+03 1.66212233688E+02 5.79334955887E+02 2.16918643004E+02 4.88672743615E+03 1.35240403423E+02 3.60797090600E+03 1.46229197459E+02 2.04154651349E+03 1.96028922177E+02 1.67011674794E+03 1.92423608379E+02 4.28356349820E+03 1.58374474881E+02 
3.00000000000E+00 3.50000000000E+00 4.00000000000E+00 4.32641200195E+03 1.17352324926E+02 2.83837932477E+03 1.56596335526E+02 5.30577547157E+03 9.46568406958E+01 4.60860695195E+03 1.02520380725E+02 3.86019425853E+03 1.36693456682E+02 3.38029893913E+03 1.37137113899E+02 5.13991710613E+03 1.09220808066E+02 
4.00000000000E+00 4.50000000000E+00 5.00000000000E+00 5.01673433736E+03 8.58632477971E+01 4.32203715621E+03 1.10849095233E+02 5.58127265639E+03 6.97988060144E+01 5.11214203614E+03 7.30201469832E+01 4.93670502646E+03 1.01840476115E+02 4.49913943038E+03 9.49734825012E+01 5.58882844178E+03 8.22800051166E+01 
5.00000000000E+00 5.50000000000E+00 6.00000000000E+00 4.72479433609E+03 6.96575921310E+01 4.30720525790E+03 9.07186313570E+01 5.06165492368E+03 5.64318266358E+01 4.68790571151E+03 5.89998553890E+01 4.67473110796E+03 8.44608928800E+01 4.36622686575E+03 7.71099829208E+01 5.08993024240E+03 6.81646686464E+01 
6.00000000000E+00 6.50000000000E+00 7.00000000000E+00 4.15082178352E+03 5.97016257519E+01 3.86387677736E+03 7.85316403465E+01 4.39462372361E+03 4.85743060499E+01 4.06988331443E+03 5.04044063762E+01 4.00557687103E+03 7.19782526768E+01 3.85782357556E+03 6.60146399720E+01 4.34836533542E+03 5.81394891117E+01 
7.00000000000E+00 7.50000000000E+00 8.00000000000E+00 3.78530464917E+03 5.04960814147E+01 3.52722677167E+03 6.39965586534E+01 3.93601774605E+03 4.13288443045E+01 3.69555632555E+03 4.27584902712E+01 3.67491191059E+03 6.23052894815E+01 3.53861323723E+03 5.50256116271E+01 3.92857470428E+03 5.04726331849E+01 
8.00000000000E+00 8.50000000000E+00 9.00000000000E+00 3.39049453509E+03 4.31945840185E+01 3.22857795530E+03 5.57589409525E+01 3.48919697421E+03 3.56081487907E+01 3.39014615212E+03 3.74623009395E+01 3.45638546365E+03 5.32835255135E+01 3.30018926488E+03 4.77262484547E+01 3.54347580848E+03 4.26876569187E+01 
9.00000000000E+00 9.50000000000E+00 1.00000000000E+01 2.98741584924E+03 3.97065616902E+01 2.91662178849E+03 5.08136181717E+01 3.06564603443E+03 3.27042287927E+01 2.97837359389E+03 3.43858848777E+01 3.04660947372E+03 4.75780696257E+01 2.86630892691E+03 4.50803889572E+01 3.15180736098E+03 3.81946191183E+01 
1.00000000000E+01 1.05000000000E+01 1.10000000000E+01 2.79159027502E+03 3.39095787104E+01 2.68665691333E+03 4.38332564062E+01 2.81877400824E+03 2.79905095175E+01 2.76792213508E+03 2.93621289007E+01 2.78296850054E+03 4.14872857823E+01 2.68194595236E+03 3.70669418210E+01 2.83583081588E+03 3.37924451319E+01 
1.10000000000E+01 1.15000000000E+01 1.20000000000E+01 2.59222281857E+03 3.57791437682E+01 2.54432941442E+03 4.60764748877E+01 2.58483734114E+03 2.85906472952E+01 2.56662846016E+03 3.13123633797E+01 2.52803916287E+03 4.21718131088E+01 2.53547369700E+03 4.02516148135E+01 2.59186417040E+03 3.37393025187E+01 
1.20000000000E+01 1.25000000000E+01 1.30000000000E+01 2.20460095541E+03 2.76540154877E+01 2.14146235487E+03 3.55168692546E+01 2.20763659140E+03 2.25189795107E+01 2.16535105546E+03 2.39533144705E+01 2.19811435896E+03 3.28963037283E+01 2.14430998460E+03 3.09860648291E+01 2.25266080687E+03 2.66101815169E+01 
1.30000000000E+01 1.35000000000E+01 1.40000000000E+01 2.26337626579E+03 2.77583522557E+01 2.25796279382E+03 3.54064938044E+01 2.23091086994E+03 2.27931034569E+01 2.22531694029E+03 2.42653528770E+01 2.26597261466E+03 3.17622372373E+01 2.25506552229E+03 3.08214465038E+01 2.27094973599E+03 2.60266406633E+01 
1.40000000000E+01 1.45000000000E+01 1.50000000000E+01 1.91531488576E+03 2.40290398309E+01 1.90525401758E+03 3.05066325356E+01 1.91918020799E+03 1.96185995550E+01 1.87503122726E+03 2.11591890662E+01 1.88685704419E+03 2.83942587007E+01 1.84625155302E+03 2.65616118412E+01 1.92012108725E+03 2.33965248101E+01 
1.50000000000E+01 1.55000000000E+01 1.60000000000E+01 1.80518569874E+03 2.29186722023E+01 1.78709472139E+03 2.93995742550E+01 1.77784178717E+03 1.87978077294E+01 1.77714129175E+03 1.93599523275E+01 1.80134541501E+03 2.81731175182E+01 1.79737229896E+03 2.46382621906E+01 1.78958839656E+03 2.28373476227E+01 
1.60000000000E+01 1.65000000000E+01 1.70000000000E+01 1.68023268846E+03 2.59895263333E+01 1.67399591159E+03 3.44445300456E+01 1.64904646015E+03 2.06612305347E+01 1.63791486472E+03 2.33349822653E+01 1.67222059967E+03 2.97561685489E+01 1.66582304269E+03 3.09155936994E+01 1.67030095707E+03 2.37190152471E+01 
1.70000000000E+01 1.75000000000E+01 1.80000000000E+01 1.46372226385E+03 2.31247774321E+01 1.43522297998E+03 3.09856139726E+01 1.45946126624E+03 1.84178051657E+01 1.44303762783E+03 2.12445031003E+01 1.51593803313E+03 2.76508940009E+01 1.43050534943E+03 2.80787666059E+01 1.47955002157E+03 2.18563565051E+01 
1.80000000000E+01 1.85000000000E+01 1.90000000000E+01 1.41281546161E+03 2.11241119217E+01 1.41922724127E+03 2.75750308802E+01 1.40416740688E+03 1.70093583356E+01 1.37674287598E+03 1.87233353037E+01 1.42346936699E+03 2.46078959911E+01 1.38784344952E+03 2.43455559726E+01 1.43752698302E+03 1.96135664112E+01 
1.90000000000E+01 1.95000000000E+01 2.00000000000E+01 1.27654206061E+03 1.80833644451E+01 1.26869808892E+03 2.28029702747E+01 1.27076278975E+03 1.47154941192E+01 1.27303698398E+03 1.68982197790E+01 1.30586397052E+03 1.99541258079E+01 1.27247295668E+03 2.20148916519E+01 1.29081525085E+03 1.66710363442E+01 
2.00000000000E+01 2.05000000000E+01 2.10000000000E+01 1.20121505094E+03 1.64506242418E+01 1.19717733342E+03 2.11946406216E+01 1.17670549583E+03 1.36002018928E+01 1.17988483091E+03 1.51666389502E+01 1.21271808398E+03 1.96109560274E+01 1.19658014511E+03 1.95854006942E+01 1.21302365954E+03 1.59873885433E+01 
2.10000000000E+01 2.15000000000E+01 2.20000000000E+01 1.08325160779E+03 2.12956247458E+01 1.08212114099E+03 2.89779168462E+01 1.08402122688E+03 1.67213184037E+01 1.08112906225E+03 1.97259958763E+01 1.09943402113E+03 2.37120093082E+01 1.08786163173E+03 2.65405907405E+01 1.10810097767E+03 1.87504333553E+01 
2.20000000000E+01 2.25000000000E+01 2.30000000000E+01 1.12171655282E+03 2.22935300967E+01 1.09019423260E+03 2.97441571124E+01 1.09208596761E+03 1.75210188400E+01 1.07977845244E+03 2.09019531494E+01 1.12610343103E+03 2.44207165241E+01 1.09989610459E+03 2.78784848592E+01 1.11368556850E+03 1.93847329344E+01 
2.30000000000E+01 2.35000000000E+01 2.40000000000E+01 1.06425624741E+03 1.72451515968E+01 1.08681424772E+03 2.20899522109E+01 1.02980862069E+03 1.39666299051E+01 1.03822617556E+03 1.55473755437E+01 1.08712304610E+03 1.92862933268E+01 1.06100570558E+03 2.01901025514E+01 1.07385731121E+03 1.58027405309E+01 
2.40000000000E+01 2.45000000000E+01 2.50000000000E+01 9.42994438135E+02 1.21474954581E+01 9.51822945244E+02 1.59613499524E+01 9.23022879897E+02 1.01768264249E+01 9.32712937447E+02 1.14785830280E+01 9.61170464101E+02 1.47296549390E+01 9.45672524447E+02 1.45067990660E+01 9.44689954879E+02 1.20903865880E+01 
2.50000000000E+01 2.55000000000E+01 2.60000000000E+01 8.90763477368E+02 1.17873806660E+01 9.02060436897E+02 1.50330012818E+01 8.68182494327E+02 9.81663829787E+00 8.84731287566E+02 1.06745316067E+01 8.88793500385E+02 1.39477479490E+01 9.10969607824E+02 1.36018884723E+01 8.78810237040E+02 1.15316403656E+01 
2.60000000000E+01 2.65000000000E+01 2.70000000000E+01 8.31141575101E+02 1.18449030736E+01 8.36599701374E+02 1.50613997261E+01 8.18761537934E+02 9.66195028538E+00 8.06204898826E+02 1.05140906058E+01 8.53868871455E+02 1.38006741968E+01 8.14134423144E+02 1.33791695622E+01 8.38275714177E+02 1.12466571572E+01 
2.70000000000E+01 2.75000000000E+01 2.80000000000E+01 7.59325469946E+02 1.18819897458E+01 7.52243385454E+02 1.50853268236E+01 7.43566238686E+02 9.70716100621E+00 7.53077906963E+02 1.09220791909E+01 7.72727312207E+02 1.37501437778E+01 7.72089345897E+02 1.42879578381E+01 7.63726386704E+02 1.10488966655E+01 
2.80000000000E+01 2.85000000000E+01 2.90000000000E+01 7.41449230936E+02 1.21414992434E+01 7.50455269998E+02 1.54203166674E+01 7.17513966993E+02 1.00357789202E+01 7.32925599272E+02 1.09318132329E+01 7.66986971539E+02 1.40804182304E+01 7.50604433900E+02 1.38821255568E+01 7.62104138457E+02 1.15825273315E+01 
2.90000000000E+01 2.95000000000E+01 3.00000000000E+01 6.72665324257E+02 1.09523894633E+01 6.81864315873E+02 1.41744798296E+01 6.57855235825E+02 8.89047367915E+00 6.77796582761E+02 1.00062144742E+01 6.75290267042E+02 1.28385889848E+01 6.90933812378E+02 1.28924585116E+01 6.65314924087E+02 1.04634486612E+01 
3.00000000000E+01 3.05000000000E+01 3.10000000000E+01 6.64823199619E+02 1.02603768812E+01 6.92965294880E+02 1.31558576445E+01 6.43893703838E+02 8.31177438939E+00 6.50385384148E+02 9.26335802743E+00 6.81484000738E+02 1.19426244114E+01 6.68055099176E+02 1.19459123504E+01 6.73027416301E+02 9.87801012801E+00 
3.10000000000E+01 3.15000000000E+01 3.20000000000E+01 6.14433151018E+02 9.31338286821E+00 6.23856508747E+02 1.26105484266E+01 6.03989930628E+02 7.76329665949E+00 5.94929177922E+02 8.97233638873E+00 6.14141725760E+02 1.09786710918E+01 6.16269025071E+02 1.17377714605E+01 6.10217892609E+02 9.02149931865E+00 
3.20000000000E+01 3.25000000000E+01 3.30000000000E+01 6.19868514426E+02 8.41402828340E+00 6.29679604481E+02 1.03239292671E+01 6.12244033194E+02 7.38511968423E+00 6.18254921948E+02 8.20935350324E+00 6.22735752152E+02 9.73286464527E+00 6.48365066613E+02 1.04832000842E+01 6.13684963369E+02 8.20977865229E+00 
3.30000000000E+01 3.35000000000E+01 3.40000000000E+01 5.73404594457E+02 8.79471935403E+00 5.96179134022E+02 1.11922028452E+01 5.56254969873E+02 7.31168977266E+00 5.57626991427E+02 7.98194833907E+00 5.89236735379E+02 1.01619069176E+01 5.77276717599E+02 1.03238747604E+01 5.68317471493E+02 8.35509274072E+00 
3.40000000000E+01 3.45000000000E+01 3.50000000000E+01 5.08905343891E+02 8.56424521261E+00 5.12879792099E+02 1.09254481693E+01 4.94800856215E+02 6.94499850640E+00 4.94124512347E+02 7.94185940266E+00 5.15894555422E+02 9.85517162657E+00 5.05514887649E+02 9.99001508868E+00 5.04504097463E+02 8.18006745368E+00 
3.50000000000E+01 3.55000000000E+01 3.60000000000E+01 5.03946639283E+02 7.88162104926E+00 4.98896712696E+02 1.01871181826E+01 4.93451029091E+02 6.40159225483E+00 4.92977026566E+02 6.98789606579E+00 5.18745676916E+02 9.22147422262E+00 4.93189090488E+02 9.06716262142E+00 5.00741226698E+02 7.53916544793E+00 
3.60000000000E+01 3.65000000000E+01 3.70000000000E+01 4.62257449457E+02 7.10335118980E+00 4.58329655456E+02 9.13513999134E+00 4.53725650082E+02 6.01169940777E+00 4.52888568315E+02 6.47440710118E+00 4.81747871438E+02 8.08061017053E+00 4.66218413718E+02 8.03454104216E+00 4.66193832237E+02 6.62211040776E+00 
3.70000000000E+01 3.75000000000E+01 3.80000000000E+01 4.25551385329E+02 6.48187975821E+00 4.27010228774E+02 8.15562053976E+00 4.28961626070E+02 5.54461735208E+00 4.34570989144E+02 6.03506489475E+00 4.36772764731E+02 7.78849092860E+00 4.51455203738E+02 7.78707926159E+00 4.33354193124E+02 6.52735248357E+00 
3.80000000000E+01 3.85000000000E+01 3.90000000000E+01 4.44956529242E+02 6.77931638373E+00 4.54991585940E+02 8.66671974266E+00 4.45776587113E+02 5.84180211443E+00 4.50646345469E+02 6.48786219336E+00 4.47173163020E+02 8.02179918510E+00 4.64003878879E+02 8.28824497059E+00 4.49546466301E+02 6.75541562065E+00 
3.90000000000E+01 3.95000000000E+01 4.00000000000E+01 3.93180449118E+02 6.92906368827E+00 3.95155487185E+02 8.68040352028E+00 3.83829097832E+02 5.64300924169E+00 3.86353131572E+02 6.30305055088E+00 4.01500361289E+02 7.95373254431E+00 3.89090375262E+02 7.96192481007E+00 3.93668935092E+02 6.60380647387E+00 
4.00000000000E+01 4.05000000000E+01 4.10000000000E+01 3.97564174169E+02 1.82134298690E+01 3.97589828847E+02 2.53876210540E+01 3.88026681689E+02 1.36466546488E+01 3.81661880933E+02 1.67497730671E+01 3.84182169633E+02 1.96073593243E+01 3.87776876640E+02 2.33790282872E+01 3.78123857983E+02 1.47345170336E+01 
4.10000000000E+01 4.15000000000E+01 4.20000000000E+01 3.70959824206E+02 6.06578345484E+00 3.81838046466E+02 7.92105153607E+00 3.60891461097E+02 5.04087931474E+00 3.66402990894E+02 5.72051087992E+00 3.78979361643E+02 7.63179093362E+00 3.84286981927E+02 7.46823367432E+00 3.61206991494E+02 5.82855931049E+00 
4.20000000000E+01 4.25000000000E+01 4.30000000000E+01 3.46308506939E+02 7.54752015192E+00 3.44093754027E+02 9.83029770308E+00 3.38769406096E+02 6.08755338504E+00 3.35710517054E+02 6.93089195827E+00 3.32446996630E+02 8.54896101522E+00 3.36036922323E+02 9.16905173602E+00 3.44290675289E+02 6.75272955592E+00 
4.30000000000E+01 4.35000000000E+01 4.40000000000E+01 3.49352482734E+02 6.99256698701E+00 3.52054282948E+02 9.07035678332E+00 3.33031964390E+02 5.56911521089E+00 3.42688394051E+02 6.12905774986E+00 3.49275437874E+02 7.94518439139E+00 3.55081893756E+02 8.41731128008E+00 3.41797261324E+02 6.44301854960E+00 
4.40000000000E+01 4.45000000000E+01 4.50000000000E+01 3.18165834353E+02 5.53424681384E+00 3.22425053797E+02 6.92260092914E+00 3.10099041860E+02 4.63524560054E+00 3.12464351673E+02 5.39893593272E+00 3.16371252134E+02 6.63068431734E+00 3.20481421880E+02 6.84625004226E+00 3.13665350747E+02 5.46745171597E+00 
4.50000000000E+01 4.55000000000E+01 4.60000000000E+01 3.07432953713E+02 6.10865713689E+00 3.18360363964E+02 7.95581981516E+00 3.01514123837E+02 4.97058227441E+00 3.05592751801E+02 5.89431738919E+00 3.05109149181E+02 6.74476073333E+00 3.13732771618E+02 7.62803779772E+00 3.06292211296E+02 5.75165948412E+00 
4.60000000000E+01 4.65000000000E+01 4.70000000000E+01 2.89887735178E+02 5.12453981915E+00 2.93641971738E+02 6.46803355811E+00 2.83609745550E+02 4.31475288452E+00 2.79060942762E+02 5.01271474428E+00 2.84754529326E+02 6.17747339573E+00 2.81572454328E+02 6.20284084492E+00 2.79110061096E+02 5.10391984492E+00 
4.70000000000E+01 4.75000000000E+01 4.80000000000E+01 2.78906797053E+02 4.95350417540E+00 2.77864900670E+02 6.41432336730E+00 2.74141943180E+02 4.11814786435E+00 2.64930856087E+02 4.61133495139E+00 2.82953836597E+02 5.62753708884E+00 2.79877809310E+02 6.00030052312E+00 2.84972694805E+02 4.67035071623E+00 
4.80000000000E+01 4.85000000000E+01 4.90000000000E+01 2.39519153320E+02 4.85888515743E+00 2.38353151771E+02 6.36039216604E+00 2.41548752032E+02 4.08178323949E+00 2.30594819052E+02 4.75601801523E+00 2.38010021343E+02 6.09791431532E+00 2.27867825754E+02 6.30934448255E+00 2.40384980335E+02 4.93508349054E+00 
4.90000000000E+01 4.95000000000E+01 5.00000000000E+01 2.72564396011E+02 5.38314639818E+00 2.83054728729E+02 6.82847159891E+00 2.60391652730E+02 4.43366198969E+00 2.65348208427E+02 5.02871336707E+00 2.67989331607E+02 6.17287490145E+00 2.70368311031E+02 6.49821437384E+00 2.61125874455E+02 5.00567173610E+00 
5.00000000000E+01 5.05000000000E+01 5.10000000000E+01 2.39693276013E+02 5.68993082564E+00 2.41157036003E+02 7.00844288172E+00 2.34904669911E+02 4.83561556641E+00 2.39853429228E+02 5.88432404094E+00 2.44782951279E+02 6.18460680587E+00 2.42428684763E+02 7.45561280038E+00 2.42223433382E+02 5.27324893092E+00 
5.10000000000E+01 5.15000000000E+01 5.20000000000E+01 2.27904671505E+02 5.20122729663E+00 2.37971708522E+02 6.46268927558E+00 2.22387466578E+02 4.39596412459E+00 2.23108406024E+02 4.81949534022E+00 2.31457075095E+02 5.81699218546E+00 2.29979804137E+02 5.91061925754E+00 2.26192193755E+02 4.87721796690E+00 
5.20000000000E+01 5.25000000000E+01 5.30000000000E+01 2.14199535682E+02 4.08258422135E+00 2.17768383671E+02 5.10782365115E+00 2.11078671406E+02 3.30251174723E+00 2.20756617653E+02 3.66664193466E+00 2.21395343485E+02 4.69731946035E+00 2.30077332289E+02 4.58136204295E+00 2.16111003282E+02 3.82203200915E+00 
5.30000000000E+01 5.35000000000E+01 5.40000000000E+01 2.07913338036E+02 4.35514490267E+00 2.08815463844E+02 5.51990801896E+00 2.04148891814E+02 3.64735618351E+00 2.08470515409E+02 4.10531517056E+00 2.17825619370E+02 5.17577783824E+00 2.15737694141E+02 5.24162664172E+00 2.12576738770E+02 4.35149322096E+00 
5.40000000000E+01 5.45000000000E+01 5.50000000000E+01 2.15467931129E+02 4.40277795710E+00 2.18815424939E+02 5.47889758761E+00 2.04235838856E+02 3.64277513270E+00 2.14180134743E+02 3.99413628355E+00 2.10737698977E+02 5.09686702896E+00 2.15754763573E+02 4.98551799457E+00 2.04466067039E+02 4.21082098807E+00 
5.50000000000E+01 5.55000000000E+01 5.60000000000E+01 1.95973580498E+02 4.08139056886E+00 2.02592668886E+02 5.25158408050E+00 2.01511756937E+02 3.36744260825E+00 2.00451066089E+02 3.95895996981E+00 2.08145009882E+02 4.49111676900E+00 2.02093292227E+02 5.04877171360E+00 2.06206934784E+02 3.73813439859E+00 
5.60000000000E+01 5.65000000000E+01 5.70000000000E+01 1.85252130614E+02 3.94197869085E+00 1.83412152278E+02 5.07858172349E+00 1.76854821524E+02 3.20918902993E+00 1.85099076024E+02 3.87339871114E+00 1.85396358148E+02 4.37593149335E+00 1.79304258572E+02 5.02634989596E+00 1.84384977269E+02 3.61879621250E+00 
5.70000000000E+01 5.75000000000E+01 5.80000000000E+01 1.81823259886E+02 3.41009770013E+00 1.85948043110E+02 4.37861877189E+00 1.74525385897E+02 2.87623792249E+00 1.86393411178E+02 3.29253928127E+00 1.78096978924E+02 3.81608164796E+00 1.91360953467E+02 4.17352678465E+00 1.79223679557E+02 3.23986254657E+00 
5.80000000000E+01 5.85000000000E+01 5.90000000000E+01 1.61563741776E+02 3.78661776537E+00 1.66531454578E+02 4.86215925790E+00 1.60858397027E+02 3.12625257731E+00 1.62421382875E+02 3.50733219214E+00 1.64548115497E+02 4.21716645789E+00 1.65319984964E+02 4.43828812074E+00 1.64597100199E+02 3.50419337956E+00 
5.90000000000E+01 5.95000000000E+01 6.00000000000E+01 1.86211710424E+02 1.48885141269E+01 1.94602589768E+02 1.95077671044E+01 1.76555622734E+02 1.17481545732E+01 1.87742834114E+02 1.39739692077E+01 1.87646789954E+02 1.57487753197E+01 1.95202876778E+02 1.82827423977E+01 1.79000540926E+02 1.24159125170E+01 
6.00000000000E+01 6.05000000000E+01 6.10000000000E+01 1.44411513302E+02 1.56199480262E+01 1.47114225315E+02 2.04631664015E+01 1.41792241331E+02 1.23222881007E+01 1.45632209213E+02 1.46102058331E+01 1.43099795655E+02 1.64749231624E+01 1.45164383369E+02 1.91015507006E+01 1.43346367740E+02 1.29969257004E+01 
6.10000000000E+01 6.15000000000E+01 6.20000000000E+01 1.50191132594E+02 6.73655441924E+00 1.58113896253E+02 8.63275785576E+00 1.50229070532E+02 5.48078990800E+00 1.62137789118E+02 6.45343411724E+00 1.52639486676E+02 7.23271577106E+00 1.62336860770E+02 8.28273839119E+00 1.53490075470E+02 5.91530198606E+00 
6.20000000000E+01 6.25000000000E+01 6.30000000000E+01 1.55250926721E+02 5.02344814956E+00 1.61016518529E+02 6.37768557459E+00 1.45887251614E+02 4.08242716200E+00 1.55341856919E+02 4.82620910729E+00 1.52022545704E+02 5.44094402147E+00 1.58102759158E+02 6.18820679985E+00 1.50507273290E+02 4.45058997148E+00 
6.30000000000E+01 6.35000000000E+01 6.40000000000E+01 1.41826939245E+02 2.85665974263E+00 1.47393286878E+02 3.63219492774E+00 1.40377280080E+02 2.46989592544E+00 1.41956273702E+02 2.69076039641E+00 1.49366050370E+02 3.36987759343E+00 1.43667197526E+02 3.36482971822E+00 1.43497412784E+02 2.78198916182E+00 
6.40000000000E+01 6.45000000000E+01 6.50000000000E+01 1.33371669791E+02 5.60786590639E+00 1.32285701203E+02 7.04554793876E+00 1.28913908696E+02 4.56476163073E+00 1.30098086474E+02 5.29600145262E+00 1.35360833157E+02 6.03090319261E+00 1.24561703832E+02 6.66085778311E+00 1.31089688115E+02 4.89449407844E+00 
6.50000000000E+01 6.55000000000E+01 6.60000000000E+01 1.36092942663E+02 5.79969533213E+00 1.43659997637E+02 7.38286505487E+00 1.30856457180E+02 4.74743944784E+00 1.37866168572E+02 5.51118493899E+00 1.32694793086E+02 6.33921897532E+00 1.45460628280E+02 6.99051066873E+00 1.30790224587E+02 5.16236197105E+00 
6.60000000000E+01 6.65000000000E+01 6.70000000000E+01 1.24414058801E+02 2.86299432982E+00 1.25675186243E+02 3.70519584697E+00 1.24972773584E+02 2.36535412724E+00 1.25541898127E+02 2.75697202997E+00 1.27746990071E+02 3.66688744801E+00 1.27470335670E+02 3.56679142338E+00 1.26210828452E+02 3.00921098822E+00 
6.70000000000E+01 6.75000000000E+01 6.80000000000E+01 1.20418233164E+02 2.98993222759E+00 1.19084658704E+02 3.93582885522E+00 1.16663870749E+02 2.41712438068E+00 1.19783586966E+02 2.89514663946E+00 1.25116129142E+02 4.16729366171E+00 1.22795851680E+02 3.78555013490E+00 1.19090983703E+02 3.14946537948E+00 
6.80000000000E+01 6.85000000000E+01 6.90000000000E+01 1.15795490227E+02 2.63501298297E+00 1.14328801681E+02 3.30847568371E+00 1.10542417154E+02 2.11726793631E+00 1.12882390296E+02 2.48698908702E+00 1.22433907247E+02 3.21940710465E+00 1.13818866088E+02 3.06348073720E+00 1.20279451586E+02 2.63097876681E+00 
6.90000000000E+01 6.95000000000E+01 7.00000000000E+01 1.09296550389E+02 2.99608288681E+00 1.15967567096E+02 3.79963519278E+00 1.06910747092E+02 2.48861856764E+00 1.08881113257E+02 2.75961961602E+00 1.15204873009E+02 2.92697545678E+00 1.10984324948E+02 3.46960824339E+00 1.14304629488E+02 2.43499540823E+00 
7.00000000000E+01 7.05000000000E+01 7.10000000000E+01 1.09941622894E+02 2.95877761416E+00 1.09206115543E+02 3.91385410406E+00 1.06289804609E+02 2.36191718445E+00 1.06212528782E+02 2.86592720750E+00 1.10562984668E+02 3.17454713200E+00 1.11256691057E+02 3.91732787456E+00 1.08928354374E+02 2.62594489133E+00 
7.10000000000E+01 7.15000000000E+01 7.20000000000E+01 1.07892848354E+02 2.19295868673E+00 1.09242323866E+02 2.72942408057E+00 1.04902899158E+02 1.84778068390E+00 1.00752629486E+02 2.23932722999E+00 1.07286899227E+02 2.53861328157E+00 1.01594799564E+02 2.87455508590E+00 1.01796444760E+02 2.10105262931E+00 
7.20000000000E+01 7.25000000000E+01 7.30000000000E+01 1.01727419281E+02 2.28078562691E+00 1.01400687475E+02 2.84812620557E+00 9.71077352534E+01 1.92632924984E+00 1.01022632257E+02 2.25518554247E+00 9.84083211293E+01 2.54256867670E+00 1.00102654123E+02 2.91234951244E+00 9.72540193899E+01 2.05100930524E+00 
7.30000000000E+01 7.35000000000E+01 7.40000000000E+01 1.03193447725E+02 2.72873342709E+00 1.04067398592E+02 3.37721822703E+00 1.01243464675E+02 2.24723099650E+00 1.01407923248E+02 2.74149882588E+00 1.05466445766E+02 2.93122611813E+00 1.01970545499E+02 3.29986520972E+00 9.97939807074E+01 2.38208082638E+00 
7.40000000000E+01 7.45000000000E+01 7.50000000000E+01 9.91349057804E+01 3.04178881462E+00 9.89128075842E+01 3.90048789460E+00 9.60827630195E+01 2.44852982473E+00 9.71418445379E+01 3.03937469835E+00 9.55985651641E+01 3.24161583805E+00 9.55115732198E+01 4.02837719080E+00 9.23050631931E+01 2.60417764113E+00 
7.50000000000E+01 7.55000000000E+01 7.60000000000E+01 9.63366646391E+01 3.16459283533E+00 1.01096052841E+02 3.88091283966E+00 9.20081795260E+01 2.58924845939E+00 9.05601237718E+01 3.07244741862E+00 9.79964632405E+01 3.32544198488E+00 9.49974986990E+01 4.01586917250E+00 9.41680860018E+01 2.71356164837E+00 
7.60000000000E+01 7.65000000000E+01 7.70000000000E+01 8.78827622342E+01 2.20314254047E+00 8.75823184827E+01 2.60311234497E+00 8.42784154921E+01 1.82055726253E+00 8.39051912471E+01 2.05844127696E+00 8.58618748558E+01 2.29411731245E+00 8.38361151868E+01 2.58084889147E+00 8.37970862839E+01 1.95458996942E+00 
7.70000000000E+01 7.75000000000E+01 7.80000000000E+01 8.17768747724E+01 2.22952915278E+00 8.30160075654E+01 2.97108023488E+00 8.04848087753E+01 1.83059663780E+00 7.90242541624E+01 2.95284511351E+00 8.56159500083E+01 2.26112233037E+00 7.97575750573E+01 3.98084473641E+00 8.54311139111E+01 1.94222823734E+00 
7.80000000000E+01 7.85000000000E+01 7.90000000000E+01 7.74625404286E+01 1.98157647340E+00 8.04347759878E+01 2.55291035714E+00 7.61982277487E+01 1.67312092941E+00 7.87285911010E+01 2.66348486464E+00 7.48406913295E+01 1.97597693008E+00 8.30401693521E+01 3.59963737332E+00 7.37860122605E+01 1.68564900483E+00 
7.90000000000E+01 7.95000000000E+01 8.00000000000E+01 7.89329349804E+01 2.14016987013E+00 8.20777240030E+01 2.77634944460E+00 7.47503856896E+01 1.76030447585E+00 7.70555553448E+01 2.34808434578E+00 7.98784630209E+01 2.34253440527E+00 7.92802716711E+01 2.93622153491E+00 7.49068330361E+01 1.95102487894E+00 
8.00000000000E+01 8.05000000000E+01 8.10000000000E+01 7.55823976258E+01 2.10253310647E+00 7.59611738973E+01 2.68973494981E+00 7.29455533427E+01 1.68791209830E+00 7.68984111932E+01 2.18617989567E+00 7.41756107549E+01 2.14777756704E+00 7.69987779037E+01 2.31338221301E+00 7.31767200358E+01 1.61397903231E+00 
8.10000000000E+01 8.15000000000E+01 8.20000000000E+01 7.62763680968E+01 1.84998570440E+00 7.61211965260E+01 2.27556191677E+00 7.44631400903E+01 1.59326611384E+00 7.55556935531E+01 1.72295502129E+00 7.39069395592E+01 2.08064097479E+00 7.75298233123E+01 2.14593207756E+00 7.51019225498E+01 1.74394109818E+00 
8.20000000000E+01 8.25000000000E+01 8.30000000000E+01 7.62530650079E+01 1.75441537101E+00 8.01400749879E+01 2.19331628841E+00 7.02075792093E+01 1.45375933100E+00 7.42996539835E+01 1.61910535297E+00 7.82333863119E+01 1.96551720047E+00 7.91362352223E+01 2.02575511356E+00 7.37891454346E+01 1.72934036501E+00 
8.30000000000E+01 8.35000000000E+01 8.40000000000E+01 6.80509569865E+01 1.69031709752E+00 7.08400024682E+01 2.13355109316E+00 6.84779720655E+01 1.58007636142E+00 6.85610964765E+01 1.71524250908E+00 6.77180046364E+01 1.80933507868E+00 6.86885041327E+01 2.13723567928E+00 6.71153892582E+01 1.57260742784E+00 
8.40000000000E+01 8.45000000000E+01 8.50000000000E+01 6.74811719920E+01 1.46013897638E+00 7.02254206506E+01 1.97878862028E+00 6.47694339115E+01 1.23378767222E+00 6.30604204924E+01 1.50784059465E+00 6.41340508204E+01 1.64899458914E+00 6.20915968697E+01 1.90423318308E+00 6.24901616676E+01 1.37753542896E+00 
8.50000000000E+01 8.55000000000E+01 8.60000000000E+01 6.39329483821E+01 1.45489832899E+00 6.58878916021E+01 1.84981389484E+00 6.21671223594E+01 1.21172522065E+00 6.60555364161E+01 1.48991543214E+00 6.39575040796E+01 1.41739762416E+00 6.79978078099E+01 1.87002536453E+00 6.33597241021E+01 1.22153312972E+00 
8.60000000000E+01 8.65000000000E+01 8.70000000000E+01 6.15535672251E+01 1.49657642764E+00 6.45659745155E+01 2.75010591003E+00 5.81159813923E+01 1.25527455585E+00 6.23415310984E+01 1.47027132590E+00 5.90192316309E+01 1.86911229111E+00 6.75148476121E+01 3.18578478525E+00 6.00445120995E+01 1.45469034144E+00 
8.70000000000E+01 8.75000000000E+01 8.80000000000E+01 6.14536084290E+01 1.34174156410E+00 6.19590829053E+01 1.72964435978E+00 5.88363652199E+01 1.17675860122E+00 6.09444318435E+01 1.37173088823E+00 5.85674712333E+01 1.80359762581E+00 6.09221288386E+01 1.67308069706E+00 5.83836991988E+01 1.31626630485E+00 
8.80000000000E+01 8.85000000000E+01 8.90000000000E+01 5.80178321679E+01 1.59082195853E+00 5.94958796948E+01 2.03667440834E+00 5.57423691537E+01 1.18986172107E+00 5.99425791481E+01 1.52394312264E+00 5.56538767518E+01 1.67704396974E+00 6.12164386867E+01 1.96291090195E+00 5.53214392971E+01 1.38038871405E+00 
8.90000000000E+01 8.95000000000E+01 9.00000000000E+01 5.23105236309E+01 1.84247413038E+00 5.49539934432E+01 2.36351091388E+00 5.15217650447E+01 1.53579317406E+00 5.45807181974E+01 1.74145946531E+00 5.20028279132E+01 2.00849681828E+00 5.38151768012E+01 2.12436355723E+00 5.12311262330E+01 1.70298782606E+00 
9.00000000000E+01 9.05000000000E+01 9.10000000000E+01 5.63735302371E+01 1.82432247407E+00 5.69410785921E+01 2.23503470358E+00 5.29672859882E+01 1.50409397599E+00 5.22336634025E+01 1.71611333745E+00 5.78889730693E+01 2.03094333468E+00 5.19001555578E+01 2.09999151892E+00 5.35605979249E+01 1.67948833576E+00 
9.10000000000E+01 9.15000000000E+01 9.20000000000E+01 4.94133064527E+01 1.44224645459E+00 5.39915434562E+01 1.78208196936E+00 4.75942275460E+01 1.21115215294E+00 5.26378776361E+01 1.41440542971E+00 5.28378978005E+01 1.58366494206E+00 5.37625817252E+01 1.75047659217E+00 4.98430639302E+01 1.35563676952E+00 
9.20000000000E+01 9.25000000000E+01 9.30000000000E+01 4.80442008270E+01 1.80314651559E+00 5.08706480024E+01 2.18632233707E+00 4.56761314904E+01 1.50077046321E+00 4.89855454626E+01 1.76367431507E+00 4.66733366959E+01 1.86412897085E+00 5.10267287556E+01 2.19085255954E+00 4.55188780967E+01 1.57436793568E+00 
9.30000000000E+01 9.35000000000E+01 9.40000000000E+01 4.55792710355E+01 1.63155871718E+00 4.59827362866E+01 2.17004980475E+00 4.54684776697E+01 1.30882452801E+00 4.68004121285E+01 1.69562857735E+00 4.47804563953E+01 1.67647615498E+00 4.80202974531E+01 2.24258383302E+00 4.50148427955E+01 1.34241937548E+00 
9.40000000000E+01 9.45000000000E+01 9.50000000000E+01 4.79296598098E+01 2.34359048816E+00 4.91704989833E+01 2.85318155876E+00 4.57393880492E+01 1.99413598545E+00 4.64229362465E+01 2.25308001846E+00 4.66717923041E+01 2.55011222739E+00 4.75217560743E+01 2.77117912170E+00 4.51149691068E+01 2.16950567136E+00 
9.50000000000E+01 9.55000000000E+01 9.60000000000E+01 4.64645185034E+01 1.41377978952E+00 4.74896876326E+01 1.75740606733E+00 4.48392335607E+01 1.21369111249E+00 4.43588754637E+01 1.44343965464E+00 4.63889214536E+01 1.54606451524E+00 4.40611788742E+01 1.79070865876E+00 4.45516940888E+01 1.32746815692E+00 
9.60000000000E+01 9.65000000000E+01 9.70000000000E+01 4.56725273350E+01 1.51644466923E+00 4.66097117293E+01 2.04680024951E+00 4.50575506681E+01 1.34008173539E+00 4.71761130516E+01 1.68297553452E+00 4.52864582482E+01 1.68120161273E+00 4.80112861844E+01 2.16219837366E+00 4.48063431339E+01 1.36278908363E+00 
9.70000000000E+01 9.75000000000E+01 9.80000000000E+01 3.98418884584E+01 1.57096332711E+00 3.89934029999E+01 1.99963754640E+00 3.81017576872E+01 1.25846600031E+00 4.27873474058E+01 1.41585141459E+00 4.17580681802E+01 1.56368002483E+00 4.50560529841E+01 1.81786322273E+00 4.10525095493E+01 1.28379539565E+00 
9.80000000000E+01 9.85000000000E+01 9.90000000000E+01 3.57110437858E+01 1.15694544845E+00 3.69791116572E+01 1.44562580021E+00 3.65334251120E+01 9.88862371391E-01 3.70926114810E+01 1.27834230083E+00 3.86688772165E+01 1.24210688730E+00 3.51027278988E+01 1.60752947248E+00 3.66321229245E+01 1.08397739915E+00 
9.90000000000E+01 9.95000000000E+01 1.00000000000E+02 4.30359568679E+01 1.25093628644E+00 4.64021103957E+01 1.50897540065E+00 4.17194572651E+01 1.04664187638E+00 4.17109020395E+01 1.24923013723E+00 4.25370389019E+01 1.30843893743E+00 4.56375491565E+01 1.50811443698E+00 4.22170730555E+01 1.10362986037E+00 
#nx: 3
