#labels: yz_all_lower[1] yz_all_center[2] yz_all_upper[3] tot_scale01[4] tot_scale01_Err[5] tot_scale02[6] tot_scale02_Err[7] tot_scale03[8] tot_scale03_Err[9] tot_scale04[10] tot_scale04_Err[11] tot_scale05[12] tot_scale05_Err[13] tot_scale06[14] tot_scale06_Err[15] tot_scale07[16] tot_scale07_Err[17]
#neval: 162323922550
#overflow:lower center upper 2.24378205055E+01 4.75510565422E+00 2.12516702928E+01 6.07786488906E+00 1.71835626727E+01 3.81858948123E+00 1.65399092205E+01 3.55934184069E+00 2.07695274473E+01 6.03561994702E+00 1.74711271488E+01 4.50511029327E+00 1.88234444618E+01 4.84194919797E+00 
-5.00000000000E+00 -4.87500000000E+00 -4.75000000000E+00 6.48222551310E+02 6.83053458050E+01 6.96517477571E+02 7.84668054061E+01 6.41376364010E+02 6.10797352944E+01 6.09946835079E+02 4.81570913806E+01 7.40320742365E+02 9.13926322685E+01 6.17090536639E+02 5.47082694263E+01 7.16933151276E+02 8.06158500471E+01 
-4.75000000000E+00 -4.62500000000E+00 -4.50000000000E+00 6.42195009088E+03 1.43079011756E+02 6.12258967881E+03 1.69190904952E+02 6.58571938727E+03 1.25163563494E+02 6.24089707613E+03 1.11535026455E+02 6.53869520596E+03 1.83046167356E+02 5.88695823440E+03 1.31172829709E+02 6.73637401678E+03 1.58245513678E+02 
-4.50000000000E+00 -4.37500000000E+00 -4.25000000000E+00 2.88330979205E+04 3.70024916147E+02 2.66906605865E+04 4.52658744288E+02 3.00172147313E+04 3.17820676727E+02 2.81144768672E+04 2.89910511560E+02 2.88999662072E+04 4.76829808655E+02 2.62452654972E+04 3.48514960145E+02 3.04635004215E+04 4.05329034817E+02 
-4.25000000000E+00 -4.12500000000E+00 -4.00000000000E+00 6.36903104208E+04 5.48190656643E+02 5.72388739947E+04 6.87780464729E+02 6.76572075951E+04 4.62234414093E+02 6.30107441010E+04 4.49943459184E+02 6.41042720649E+04 6.76454628214E+02 5.75772856292E+04 5.77916191470E+02 6.87901672580E+04 5.66502882899E+02 
-4.00000000000E+00 -3.87500000000E+00 -3.75000000000E+00 1.05540613697E+05 8.34135963128E+02 9.60145596342E+04 9.96812964802E+02 1.13627662122E+05 6.76925674521E+02 1.05108022848E+05 6.92479423726E+02 1.05797677942E+05 9.82594436187E+02 9.48696031373E+04 9.22795969004E+02 1.15357803486E+05 8.01979818942E+02 
-3.75000000000E+00 -3.62500000000E+00 -3.50000000000E+00 1.45395386495E+05 1.00141536804E+03 1.29088627974E+05 1.30520192867E+03 1.55548835706E+05 8.26332499131E+02 1.43595308584E+05 9.19669148096E+02 1.41268114719E+05 1.11976412184E+03 1.29029809075E+05 1.22873685112E+03 1.55685115531E+05 9.73708756567E+02 
-3.50000000000E+00 -3.37500000000E+00 -3.25000000000E+00 1.73919178478E+05 1.16083628592E+03 1.52624403892E+05 1.53579358851E+03 1.89825696952E+05 9.26355238426E+02 1.74870555805E+05 1.00949069607E+03 1.72454559793E+05 1.35140267017E+03 1.55537450608E+05 1.33789907285E+03 1.90871292835E+05 1.07670745432E+03 
-3.25000000000E+00 -3.12500000000E+00 -3.00000000000E+00 1.92758452699E+05 1.32982547669E+03 1.65076569701E+05 1.76514671694E+03 2.12350036139E+05 1.09275188541E+03 1.92832941461E+05 1.52159028688E+03 1.92679887925E+05 1.41759690756E+03 1.70008591038E+05 2.06364358139E+03 2.15008175264E+05 1.13938117609E+03 
-3.00000000000E+00 -2.87500000000E+00 -2.75000000000E+00 2.16852862545E+05 1.34529770055E+03 1.90894885340E+05 1.80313155917E+03 2.36900593060E+05 1.05932541864E+03 2.19789968912E+05 1.29270845690E+03 2.11360515989E+05 1.56448891861E+03 1.97986851087E+05 1.72927394838E+03 2.34698073468E+05 1.23710341738E+03 
-2.75000000000E+00 -2.62500000000E+00 -2.50000000000E+00 2.29007104798E+05 1.45425351385E+03 2.02938583037E+05 1.94364032392E+03 2.49609616747E+05 1.13470390889E+03 2.32857798156E+05 1.31433010143E+03 2.19460193723E+05 1.73779109087E+03 2.11068915064E+05 1.76436607743E+03 2.45100067467E+05 1.34625423310E+03 
-2.50000000000E+00 -2.37500000000E+00 -2.25000000000E+00 2.23574484964E+05 4.73310776071E+03 1.90126884969E+05 6.56393019013E+03 2.49512798708E+05 3.53825165430E+03 2.36815308329E+05 1.24297842424E+03 2.14037245777E+05 5.03750644433E+03 2.11412904608E+05 1.64062564155E+03 2.44845528779E+05 3.77124802345E+03 
-2.25000000000E+00 -2.12500000000E+00 -2.00000000000E+00 2.42298058931E+05 1.50804279915E+03 2.11047776672E+05 2.02107270776E+03 2.65000177574E+05 1.16048369787E+03 2.47224952662E+05 1.30204608867E+03 2.34779054924E+05 1.69590530949E+03 2.22409898539E+05 1.75627381494E+03 2.62072920483E+05 1.34800755467E+03 
-2.00000000000E+00 -1.87500000000E+00 -1.75000000000E+00 2.42126219922E+05 1.44059787448E+03 2.07363251364E+05 1.92134192856E+03 2.69309339744E+05 1.15009714470E+03 2.48932015011E+05 1.29516861507E+03 2.33279164977E+05 1.72317870503E+03 2.20315160313E+05 1.73161723542E+03 2.65750301082E+05 1.36312275545E+03 
-1.75000000000E+00 -1.62500000000E+00 -1.50000000000E+00 2.41226011474E+05 1.50889914413E+03 2.03995718606E+05 1.98661369336E+03 2.71142339858E+05 1.20159995522E+03 2.51871390538E+05 1.28214033416E+03 2.31918370505E+05 1.75324895434E+03 2.20533590326E+05 1.69845556470E+03 2.66849635803E+05 1.38941157823E+03 
-1.50000000000E+00 -1.37500000000E+00 -1.25000000000E+00 2.40259597700E+05 2.16134351785E+03 2.01137123865E+05 2.90348605500E+03 2.73170847767E+05 1.60977217187E+03 2.50116484424E+05 1.90581192240E+03 2.33539979867E+05 2.31673392573E+03 2.14801656888E+05 2.59384718263E+03 2.70682372300E+05 1.79571364476E+03 
-1.25000000000E+00 -1.12500000000E+00 -1.00000000000E+00 2.53792905309E+05 1.89741886944E+03 2.12861588538E+05 2.56730463369E+03 2.87584840535E+05 1.50727331549E+03 2.62858369859E+05 1.58312770664E+03 2.40887060274E+05 1.94897525156E+03 2.30704187724E+05 2.12597044882E+03 2.79499491854E+05 1.52819221577E+03 
-1.00000000000E+00 -8.75000000000E-01 -7.50000000000E-01 2.55599252454E+05 2.52080486801E+03 2.11097819377E+05 3.41451287755E+03 2.89610637785E+05 1.93229323404E+03 2.65874557799E+05 1.77126102093E+03 2.39304246490E+05 2.81705088244E+03 2.32695290571E+05 2.37879441531E+03 2.83230755563E+05 1.70114011545E+03 
-7.50000000000E-01 -6.25000000000E-01 -5.00000000000E-01 2.54507259853E+05 1.79597814630E+03 2.12493509500E+05 2.40587283255E+03 2.87926771407E+05 1.41463538443E+03 2.64470471197E+05 1.62235775518E+03 2.36606575047E+05 1.95122960397E+03 2.30081115489E+05 2.21053943260E+03 2.80482961728E+05 1.60142437199E+03 
-5.00000000000E-01 -3.75000000000E-01 -2.50000000000E-01 2.55214118296E+05 1.55951987430E+03 2.11664896009E+05 2.10482865657E+03 2.90839726281E+05 1.25682422401E+03 2.67497559548E+05 1.39464333670E+03 2.40154963664E+05 1.84133061322E+03 2.31513795595E+05 1.86915683348E+03 2.82833988007E+05 1.46066778431E+03 
-2.50000000000E-01 -1.25000000000E-01 0.00000000000E+00 2.62168103893E+05 1.81661511057E+03 2.17580437495E+05 2.69735420080E+03 2.96282312445E+05 1.44341208180E+03 2.72671936132E+05 1.61526865704E+03 2.46751687001E+05 2.34664557323E+03 2.36690915886E+05 2.17555698116E+03 2.88712736379E+05 1.82595968553E+03 
0.00000000000E+00 1.25000000000E-01 2.50000000000E-01 2.63548526096E+05 1.79390556802E+03 2.21811439190E+05 2.42254602597E+03 2.99201461366E+05 1.39923821522E+03 2.73298721011E+05 1.72523457193E+03 2.48281793711E+05 2.05246109081E+03 2.36673295204E+05 2.33689285657E+03 2.87219816172E+05 1.60857434657E+03 
2.50000000000E-01 3.75000000000E-01 5.00000000000E-01 2.54833949585E+05 1.56584186359E+03 2.12001225124E+05 2.14999798629E+03 2.90610789394E+05 1.24857425493E+03 2.68942653240E+05 1.34464161224E+03 2.43107581159E+05 1.82617543530E+03 2.31923995033E+05 1.78962845477E+03 2.85985462861E+05 1.46499383259E+03 
5.00000000000E-01 6.25000000000E-01 7.50000000000E-01 2.62236391113E+05 1.90217898432E+03 2.20899284292E+05 2.52328326258E+03 2.94613012251E+05 1.48495914686E+03 2.73599577797E+05 1.69588956049E+03 2.50934974301E+05 2.19983999821E+03 2.41167920306E+05 2.29330656440E+03 2.89115178360E+05 1.68887857818E+03 
7.50000000000E-01 8.75000000000E-01 1.00000000000E+00 2.54807397880E+05 1.68189029029E+03 2.14159695148E+05 2.22933657279E+03 2.88106519034E+05 1.34276045692E+03 2.65612444645E+05 1.58083901484E+03 2.40267588503E+05 1.90144608943E+03 2.35203829271E+05 2.15246794009E+03 2.80894504459E+05 1.51418116091E+03 
1.00000000000E+00 1.12500000000E+00 1.25000000000E+00 2.51458157077E+05 1.68872076185E+03 2.12238249816E+05 2.25321683394E+03 2.85275482930E+05 1.31120920560E+03 2.63711272332E+05 1.49557033509E+03 2.39112770474E+05 1.95741063829E+03 2.29686556136E+05 2.04063408758E+03 2.78146032880E+05 1.54023177732E+03 
1.25000000000E+00 1.37500000000E+00 1.50000000000E+00 2.42508035059E+05 1.47389972586E+03 2.03119580250E+05 1.92961698747E+03 2.75898477720E+05 1.18227064777E+03 2.53470822697E+05 1.33823854987E+03 2.30182644013E+05 1.73635823748E+03 2.18940327329E+05 1.76890122183E+03 2.69600869642E+05 1.40695642228E+03 
1.50000000000E+00 1.62500000000E+00 1.75000000000E+00 2.46813524445E+05 1.58574820694E+03 2.09223038634E+05 2.07899500353E+03 2.75867516983E+05 1.25940569146E+03 2.55719682643E+05 1.50147815144E+03 2.36286277616E+05 1.83600696221E+03 2.23014074788E+05 1.94238130451E+03 2.71723337605E+05 1.45228410981E+03 
1.75000000000E+00 1.87500000000E+00 2.00000000000E+00 2.41753500521E+05 1.49820397895E+03 2.06823178233E+05 1.97026563918E+03 2.68703685605E+05 1.22084073852E+03 2.46429168104E+05 1.32593739775E+03 2.32071187179E+05 1.92462794565E+03 2.18092558041E+05 1.75778509020E+03 2.65947413815E+05 1.39591852720E+03 
2.00000000000E+00 2.12500000000E+00 2.25000000000E+00 2.35916726873E+05 1.55640552685E+03 2.01105755854E+05 2.03105686654E+03 2.63494559194E+05 1.24941287028E+03 2.44738567699E+05 1.38156235944E+03 2.25056070846E+05 1.90838990884E+03 2.16175964855E+05 1.82303670232E+03 2.59157965442E+05 1.44017881940E+03 
2.25000000000E+00 2.37500000000E+00 2.50000000000E+00 2.27165521135E+05 5.43096990597E+03 1.92909694806E+05 7.56104519223E+03 2.53187277073E+05 4.05944161486E+03 2.32335617868E+05 4.94360078076E+03 2.19400447686E+05 5.87226634790E+03 2.03978900100E+05 6.88129885965E+03 2.50294691774E+05 4.38082880736E+03 
2.50000000000E+00 2.62500000000E+00 2.75000000000E+00 2.19767296320E+05 1.50486287223E+03 1.88214382117E+05 1.98494390684E+03 2.43675007284E+05 1.14367774498E+03 2.25763522700E+05 1.25706019710E+03 2.11067340352E+05 1.68978495215E+03 1.98892892613E+05 1.60114671407E+03 2.40191469499E+05 1.33890117892E+03 
2.75000000000E+00 2.87500000000E+00 3.00000000000E+00 2.11766606155E+05 1.25091917312E+03 1.82525788915E+05 1.66098883351E+03 2.32995071841E+05 1.06726419571E+03 2.15547780676E+05 1.33074683823E+03 2.07444294274E+05 1.55058863301E+03 1.93331136749E+05 1.55008454968E+03 2.31732407613E+05 1.20796397473E+03 
3.00000000000E+00 3.12500000000E+00 3.25000000000E+00 1.88797091414E+05 1.55802978771E+03 1.61184863557E+05 2.08905227457E+03 2.09791074142E+05 1.20830088440E+03 1.92627595231E+05 1.30600016669E+03 1.85053333945E+05 1.87678747822E+03 1.68906088513E+05 1.73131068953E+03 2.08933813811E+05 1.45849805996E+03 
3.25000000000E+00 3.37500000000E+00 3.50000000000E+00 1.76033810849E+05 1.07355285402E+03 1.54401680953E+05 1.39353538346E+03 1.91908638389E+05 8.82123605472E+02 1.76401103860E+05 9.61593940190E+02 1.73417865192E+05 1.29077387978E+03 1.57479693449E+05 1.24196288317E+03 1.91590368909E+05 1.04249151118E+03 
3.50000000000E+00 3.62500000000E+00 3.75000000000E+00 1.45545426280E+05 1.28438862652E+03 1.29247624603E+05 1.72748327334E+03 1.56751413619E+05 1.00089917185E+03 1.44900217941E+05 1.07583684244E+03 1.42851904497E+05 1.43049673407E+03 1.31824489068E+05 1.42864713965E+03 1.57074581379E+05 1.12028703262E+03 
3.75000000000E+00 3.87500000000E+00 4.00000000000E+00 1.06721575389E+05 7.68703554656E+02 9.52471518290E+04 1.00445029400E+03 1.14793310454E+05 6.36614748367E+02 1.07157380793E+05 7.31785523464E+02 1.08241012268E+05 1.06288760489E+03 9.75346903080E+04 9.33592380901E+02 1.16354131398E+05 7.63582375762E+02 
4.00000000000E+00 4.12500000000E+00 4.25000000000E+00 6.49229585321E+04 5.98901811612E+02 5.96095446213E+04 7.62055896121E+02 6.88081104239E+04 4.82353811717E+02 6.38426316134E+04 5.77516122440E+02 6.57667316680E+04 7.10258370898E+02 5.84029193974E+04 7.78458800252E+02 7.03155624110E+04 5.72961373300E+02 
4.25000000000E+00 4.37500000000E+00 4.50000000000E+00 2.76432810186E+04 3.12289445769E+02 2.52407704554E+04 3.96224049925E+02 2.89270020730E+04 2.61202214251E+02 2.68560427236E+04 2.59837886154E+02 2.83431936595E+04 3.85989249022E+02 2.48023974494E+04 3.28551575128E+02 2.98052314466E+04 3.16774408169E+02 
4.50000000000E+00 4.62500000000E+00 4.75000000000E+00 6.52425556901E+03 1.17921561996E+02 6.07996023555E+03 1.49795114234E+02 6.69320215040E+03 1.00307471801E+02 6.35267582185E+03 1.03348797643E+02 6.80239851348E+03 1.48073151536E+02 6.02198276035E+03 1.29298655590E+02 6.92141921617E+03 1.22890594601E+02 
4.75000000000E+00 4.87500000000E+00 5.00000000000E+00 5.54155482555E+02 2.12435476486E+01 5.40743229217E+02 2.51225078686E+01 5.53845476441E+02 1.83813214246E+01 5.17073758994E+02 1.75843150316E+01 5.70453750028E+02 2.58562901750E+01 4.98477430931E+02 2.08665674887E+01 5.67707935243E+02 2.22544662670E+01 
#nx: 3
