#ylo yhi qTlo qThi PDF0  uncertainty
-5 -4 0 1 -1207.754460832377 3.448950606886665
-5 -4 1 2 -4894.341047019171 9.592466397636565
-5 -4 2 3 -2822.580765171957 6.385254331732791
-5 -4 3 4 -1492.755406490988 4.693829959140051
-5 -4 4 5 -783.5135032954399 3.49761961869762
-5 -4 5 6 -399.4121625136013 2.653775242553199
-5 -4 6 7 -182.9314679436702 2.098986585621313
-5 -4 7 8 -57.42121906062835 1.720770479999926
-5 -4 8 9 16.48199540543396 1.446048730328517
-5 -4 9 10 60.06500178764952 1.235368387222137
-5 -4 10 11 85.29523944342372 1.070417044590728
-5 -4 11 12 99.19971377903539 0.9390169961427923
-5 -4 12 13 106.0109460217523 0.8305724116483982
-5 -4 13 14 108.3240492854885 0.7389777253617582
-5 -4 14 15 107.7751402166951 0.661644318574222
-5 -4 15 16 105.4259640838134 0.5962753145454435
-5 -4 16 17 101.9747132711797 0.5401783996388864
-5 -4 17 18 97.88076552770173 0.4911459973276924
-5 -4 18 19 93.44663545173347 0.4478632064206352
-5 -4 19 20 88.87262271402443 0.4095753673431645
-5 -4 20 21 84.29174358511744 0.3756694257041471
-5 -4 21 22 79.79158008204385 0.3455265846900064
-5 -4 22 23 75.42836620349121 0.3185643015414077
-5 -4 23 24 71.2365800058607 0.2942991353654464
-5 -4 24 25 67.23570371853654 0.2723596820303961
-5 -4 25 26 63.43499795489575 0.2524609840302166
-5 -4 26 27 59.83682692378068 0.2343717344984223
-5 -4 27 28 56.43894740679352 0.2178920970444839
-5 -4 28 29 53.23608272009133 0.2028440229440863
-5 -4 29 30 50.22101397862936 0.1890688925080836
-5 -4 30 31 47.3853449245471 0.1764273368615083
-5 -4 31 32 44.72004131764814 0.1647985607227958
-5 -4 32 33 42.21581044931325 0.154078586452397
-5 -4 33 34 39.86336500777554 0.1441778327706218
-5 -4 34 35 37.65360263051333 0.1350186106398525
-5 -4 35 36 35.57772412798543 0.1265329262551262
-5 -4 36 37 33.62730749739208 0.1186607374049832
-5 -4 37 38 31.79435044412497 0.1113486421619495
-5 -4 38 39 30.07129075708385 0.1045489073058881
-5 -4 39 40 28.45101131545585 0.09821873224934337
-5 -4 40 41 26.92683464419417 0.09231966705955484
-5 -4 41 42 25.49251047330355 0.08681712643537315
-5 -4 42 43 24.14219879417906 0.0816799685447521
-5 -4 43 44 22.87045020056385 0.07688012092945905
-5 -4 44 45 21.67218473159993 0.07239224479173517
-5 -4 45 46 20.5421711586551 0.06861474142925457
-5 -4 46 47 19.47664026017817 0.06707630133542095
-5 -4 47 48 18.47103427028889 0.0678156639054978
-5 -4 48 49 17.52158170722318 0.07041314815335624
-5 -4 49 50 16.62435410206998 0.07352430302563066
-4 -3.75 0 1 -440.6796890649646 2.014068094071082
-4 -3.75 1 2 -4377.168676753828 29.97389069060474
-4 -3.75 2 3 -3063.63113626265 14.52918556579324
-4 -3.75 3 4 -1852.885526822189 8.755668127404581
-4 -3.75 4 5 -1119.916040441448 5.860213026408451
-4 -3.75 5 6 -681.0993083105145 4.174384513246944
-4 -3.75 6 7 -411.40689642543 3.098035976236451
-4 -3.75 7 8 -241.2193256568542 2.366221683260867
-4 -3.75 8 9 -131.3923054906913 1.84582833738475
-4 -3.75 9 10 -59.29579767389828 1.462208617955975
-4 -3.75 10 11 -11.40952719661493 1.171603474015983
-4 -3.75 11 12 20.55857929776937 0.9472389999817856
-4 -3.75 12 13 41.84207463065206 0.7717411312552832
-4 -3.75 13 14 55.834901047377 0.6328739376803422
-4 -3.75 14 15 64.79723904277739 0.5174286034832671
-4 -3.75 15 16 70.22723640265713 0.4278750705509814
-4 -3.75 16 17 73.18383276710097 0.3538808415468523
-4 -3.75 17 18 74.39234367973961 0.2938442671380519
-4 -3.75 18 19 74.36778382625573 0.245432558598237
-4 -3.75 19 20 73.47786147002034 0.2127671623328412
-4 -3.75 20 21 71.98735808825001 0.1977010712312458
-4 -3.75 21 22 70.08821065901583 0.1840083271363744
-4 -3.75 22 23 67.92021809837451 0.1715265467532167
-4 -3.75 23 24 65.58549260682901 0.1601170417929618
-4 -3.75 24 25 63.15867196620701 0.1496607548225494
-4 -3.75 25 26 60.69421761200687 0.1400549852601665
-4 -3.75 26 27 58.23168297084325 0.1312107360162887
-4 -3.75 27 28 55.79955113467875 0.1230505511382979
-4 -3.75 28 29 53.41805314715339 0.1245714243412181
-4 -3.75 29 30 51.10125264565337 0.1271595637377002
-4 -3.75 30 31 48.85859773675014 0.1298217774213472
-4 -3.75 31 32 46.69608273930191 0.1323788977329359
-4 -3.75 32 33 44.61712207024391 0.134725224562002
-4 -3.75 33 34 42.62321027355243 0.1368035044687211
-4 -3.75 34 35 40.71442216869852 0.1385877467284852
-4 -3.75 35 36 38.88979278986609 0.1400717328565255
-4 -3.75 36 37 37.1476064775252 0.1412614420333367
-4 -3.75 37 38 35.48561700985901 0.1421700990491967
-4 -3.75 38 39 33.90121516857513 0.1428149567009624
-4 -3.75 39 40 32.39155608691281 0.1432152205067865
-4 -3.75 40 41 30.95365578000471 0.1433907245464949
-4 -3.75 41 42 29.58446394015243 0.1433611017637595
-4 -3.75 42 43 28.28091846647909 0.1431452791651794
-4 -3.75 43 44 27.03998592191225 0.1427611872070926
-4 -3.75 44 45 25.85869110823768 0.1422256084353621
-4 -3.75 45 46 24.73363211472578 0.1416304548311478
-4 -3.75 46 47 23.66288553747884 0.141254144397571
-4 -3.75 47 48 22.6432546288618 0.1411108589187007
-4 -3.75 48 49 21.67216534850228 0.1411703140249558
-4 -3.75 49 50 20.74696276218207 0.1412055439039514
-3.75 -3.5 0 1 66.67161828546074 1.768407340205198
-3.75 -3.5 1 2 -5089.816421871757 25.35001069243378
-3.75 -3.5 2 3 -4015.765369889519 17.30550949632023
-3.75 -3.5 3 4 -2561.303235195277 12.41309601227645
-3.75 -3.5 4 5 -1620.269288425261 9.399180910371703
-3.75 -3.5 5 6 -1033.46632028793 7.400733200298165
-3.75 -3.5 6 7 -661.332421653653 5.996132317477276
-3.75 -3.5 7 8 -419.8383002256344 4.964339709857213
-3.75 -3.5 8 9 -259.6851794545285 4.180033177789767
-3.75 -3.5 9 10 -151.4926361395071 3.567696437087063
-3.75 -3.5 10 11 -77.31437411509205 3.079009518033312
-3.75 -3.5 11 12 -25.6402098792139 2.681603697436508
-3.75 -3.5 12 13 10.03050512350683 2.353255560379785
-3.75 -3.5 13 14 35.12491996628478 2.080539586258085
-3.75 -3.5 14 15 52.17183267844473 1.848542023715015
-3.75 -3.5 15 16 63.91524528203684 1.651064519241974
-3.75 -3.5 16 17 71.69397306706742 1.481149305567135
-3.75 -3.5 17 18 76.59036372534104 1.333855724453457
-3.75 -3.5 18 19 79.38148380921439 1.205322574158204
-3.75 -3.5 19 20 80.63161141099704 1.092492742891364
-3.75 -3.5 20 21 80.7545279397367 0.9929173689158602
-3.75 -3.5 21 22 80.05617856822744 0.9046140982216778
-3.75 -3.5 22 23 78.76433581842133 0.8259628653056315
-3.75 -3.5 23 24 77.04951241471377 0.7556281618385247
-3.75 -3.5 24 25 75.03989067719107 0.6925003037319138
-3.75 -3.5 25 26 72.83210225016842 0.6356505236784685
-3.75 -3.5 26 27 70.49909242295695 0.5842962594263679
-3.75 -3.5 27 28 68.09591162335386 0.5377740531002255
-3.75 -3.5 28 29 65.66401700931925 0.4955181962525504
-3.75 -3.5 29 30 63.23449227492873 0.457043757814731
-3.75 -3.5 30 31 60.83047474575574 0.4219329878145183
-3.75 -3.5 31 32 58.4689965991588 0.3898243444391714
-3.75 -3.5 32 33 56.16238965277375 0.3604035768608094
-3.75 -3.5 33 34 53.9193626897611 0.3333964316440287
-3.75 -3.5 34 35 51.74583143329812 0.3085626510289849
-3.75 -3.5 35 36 49.64556052478082 0.2856910058956439
-3.75 -3.5 36 37 47.62066179907561 0.26459516315176
-3.75 -3.5 37 38 45.67198215730778 0.2451102299274451
-3.75 -3.5 38 39 43.79940620201813 0.2270898500351632
-3.75 -3.5 39 40 42.00209275928378 0.2104037535246145
-3.75 -3.5 40 41 40.27865998654316 0.1949356798034126
-3.75 -3.5 41 42 38.62733025064567 0.1805816107000317
-3.75 -3.5 42 43 37.04604351657994 0.1672482610117171
-3.75 -3.5 43 44 35.53254599088611 0.1548517854804114
-3.75 -3.5 44 45 34.08445924988527 0.1433166665822498
-3.75 -3.5 45 46 32.6986560116888 0.1326916049398776
-3.75 -3.5 46 47 31.37387872185234 0.1233770946731796
-3.75 -3.5 47 48 30.1069761806683 0.115444857951789
-3.75 -3.5 48 49 28.89551111150818 0.1088946100813515
-3.75 -3.5 49 50 27.73688553480794 0.1033004623084894
-3.5 -3.25 0 1 736.6450282834137 0.4584726777002692
-3.5 -3.25 1 2 -5276.755248891992 18.83174229138505
-3.5 -3.25 2 3 -4679.631471459547 15.43349426778716
-3.5 -3.25 3 4 -3113.807922729716 11.77768366568565
-3.5 -3.25 4 5 -2037.188707698348 9.239521858127119
-3.5 -3.25 5 6 -1343.170958366583 7.456705890283361
-3.5 -3.25 6 7 -892.1087305282849 6.157956483642661
-3.5 -3.25 7 8 -593.0979006361604 5.179381334064937
-3.5 -3.25 8 9 -390.7306497469413 4.421029268864618
-3.5 -3.25 9 10 -251.1743946673384 3.819443531728395
-3.5 -3.25 10 11 -153.3602661417654 3.332928006761732
-3.5 -3.25 11 12 -84.0371577412343 2.933021147080193
-3.5 -3.25 12 13 -34.50217637676565 2.599760584929767
-3.5 -3.25 13 14 1.120864474371274 2.318702244963361
-3.5 -3.25 14 15 26.74384411898791 2.079228456571573
-3.5 -3.25 15 16 45.10455302771231 1.873343381764197
-3.5 -3.25 16 17 58.13494944793626 1.694926830136044
-3.5 -3.25 17 18 67.21908339762103 1.53922176090393
-3.5 -3.25 18 19 73.3617892392067 1.402479758129811
-3.5 -3.25 19 20 77.30119266357542 1.281710782823697
-3.5 -3.25 20 21 79.58510445963134 1.174503297572704
-3.5 -3.25 21 22 80.62375161717159 1.078892841268449
-3.5 -3.25 22 23 80.72672467731377 0.9932645692386606
-3.5 -3.25 23 24 80.12922182960534 0.9162799998856996
-3.5 -3.25 24 25 79.0109241101394 0.8468212726498091
-3.5 -3.25 25 26 77.50972595760044 0.7839482499291467
-3.5 -3.25 26 27 75.73182767707107 0.726865158362202
-3.5 -3.25 27 28 73.75922455902105 0.6748943984223142
-3.5 -3.25 28 29 71.65531276476321 0.6274557987588969
-3.5 -3.25 29 30 69.4691190583647 0.5840500471394405
-3.5 -3.25 30 31 67.23851561213547 0.5442453556697738
-3.5 -3.25 31 32 64.99267979885457 0.507666651579823
-3.5 -3.25 32 33 62.75398782670482 0.4739867565435203
-3.5 -3.25 33 34 60.53948069610226 0.4429191436839915
-3.5 -3.25 34 35 58.36200486081819 0.4142119545216958
-3.5 -3.25 35 36 56.23110388487399 0.3876430296506129
-3.5 -3.25 36 37 54.15371835348429 0.3630157596227322
-3.5 -3.25 37 38 52.13473734130639 0.3401556035159115
-3.5 -3.25 38 39 50.1774343533769 0.3189071542164352
-3.5 -3.25 39 40 48.28381291751302 0.299131653652606
-3.5 -3.25 40 41 46.45488128517795 0.280704879822518
-3.5 -3.25 41 42 44.69087115883414 0.2635153435301128
-3.5 -3.25 42 43 42.99141217444307 0.2474627428537895
-3.5 -3.25 43 44 41.35567124301861 0.2324566342315839
-3.5 -3.25 44 45 39.78246388222237 0.2184152857759878
-3.5 -3.25 45 46 38.26953552030905 0.2053597020497627
-3.5 -3.25 46 47 36.81673172892805 0.1935901286926468
-3.5 -3.25 47 48 35.42147111262437 0.1831308505592497
-3.5 -3.25 48 49 34.08190081198238 0.1739516331670661
-3.5 -3.25 49 50 32.79590682446414 0.1656863290477792
-3.25 -3 0 1 1453.082079787084 1.361812387777988
-3.25 -3 1 2 -5089.116630046437 8.457509147265561
-3.25 -3 2 3 -5080.761370312892 9.557890155560527
-3.25 -3 3 4 -3503.254988093507 7.906703624130222
-3.25 -3 4 5 -2353.474624914717 6.471458005054002
-3.25 -3 5 6 -1590.749554563219 5.372847929974687
-3.25 -3 6 7 -1084.885072430363 4.532815906410035
-3.25 -3 7 8 -743.7851602593591 3.878978648244735
-3.25 -3 8 9 -509.2622546237187 3.36005993967423
-3.25 -3 9 10 -345.0467069484796 2.940401408697219
-3.25 -3 10 11 -228.2234864013969 2.595716841563073
-3.25 -3 11 12 -143.9812136426124 2.308746633960454
-3.25 -3 12 13 -82.64625431811623 2.066750488219142
-3.25 -3 13 14 -37.65807279073761 1.860566070947237
-3.25 -3 14 15 -4.519906495094801 1.683255329865141
-3.25 -3 15 16 19.91550389142685 1.529518967156636
-3.25 -3 16 17 37.88807365966647 1.395247311681977
-3.25 -3 17 18 51.01598143364822 1.277209266836704
-3.25 -3 18 19 60.48391726602472 1.172832857773578
-3.25 -3 19 20 67.16952757928721 1.080047718880047
-3.25 -3 20 21 71.72984611903428 0.9971702322269885
-3.25 -3 21 22 74.66133127964429 0.9228185397074881
-3.25 -3 22 23 76.34218890222064 0.8558488110004597
-3.25 -3 23 24 77.06261240970446 0.7953068594968152
-3.25 -3 24 25 77.04665817035607 0.740390990289495
-3.25 -3 25 26 76.46824974181243 0.6904231726389631
-3.25 -3 26 27 75.4630087749868 0.6448264531059634
-3.25 -3 27 28 74.1370844258488 0.6031070989422808
-3.25 -3 28 29 72.57380067855252 0.5648403617498291
-3.25 -3 29 30 70.83870124766747 0.5296590393301408
-3.25 -3 30 31 68.98340685554371 0.4972442178950011
-3.25 -3 31 32 67.0485846655065 0.4673177283151024
-3.25 -3 32 33 65.06624865355428 0.4396359592730014
-3.25 -3 33 34 63.06155203296777 0.4139847530488546
-3.25 -3 34 35 61.05419137182986 0.3901751704154527
-3.25 -3 35 36 59.05951193694682 0.3680399579366042
-3.25 -3 36 37 57.0893817547728 0.347430586685954
-3.25 -3 37 38 55.15288565437641 0.3282147575014183
-3.25 -3 38 39 53.25687843372546 0.3102742905173397
-3.25 -3 39 40 51.40642722174695 0.2935033316112575
-3.25 -3 40 41 49.60516638346846 0.2778068223297011
-3.25 -3 41 42 47.85558294714718 0.2630991894023288
-3.25 -3 42 43 46.15924676643274 0.2493032181365785
-3.25 -3 43 44 44.51699648569232 0.2363490809725648
-3.25 -3 44 45 42.92909003784649 0.2241734962732622
-3.25 -3 45 46 41.39442923165683 0.2128247177066915
-3.25 -3 46 47 39.91412044778991 0.20265359688354
-3.25 -3 47 48 38.48642292833372 0.1936941958897031
-3.25 -3 48 49 37.11028998603987 0.1859167666822051
-3.25 -3 49 50 35.78430946296699 0.1789231613478629
-3 -2.75 0 1 2134.119785198577 2.174399796995448
-3 -2.75 1 2 -4716.921658574922 3.567835561187229
-3 -2.75 2 3 -5300.934448014266 5.586475469779384
-3 -2.75 3 4 -3763.446755960163 4.884182932641667
-3 -2.75 4 5 -2580.228074759809 4.105582411142444
-3 -2.75 5 6 -1776.417673823831 3.467267937912248
-3 -2.75 6 7 -1234.671744313957 2.961890766441553
-3 -2.75 7 8 -864.5395151470061 2.559663808666493
-3 -2.75 8 9 -607.0285367344281 2.235315548228179
-3 -2.75 9 10 -424.6394367353878 1.969929054439465
-3 -2.75 10 11 -293.3897549308558 1.749074936206696
-3 -2.75 11 12 -197.6357062211584 1.564336129868683
-3 -2.75 12 13 -127.0339251663563 1.407179836308666
-3 -2.75 13 14 -74.53159023570015 1.272422379173632
-3 -2.75 14 15 -35.25623264908904 1.155874797074459
-3 -2.75 15 16 -5.774415306797664 1.054302928686614
-3 -2.75 16 17 16.37338345646845 0.9651755541177155
-3 -2.75 17 18 32.97527277043764 0.886486690595663
-3 -2.75 18 19 45.34855945649008 0.8166283249780625
-3 -2.75 19 20 54.47525408106242 0.7542979226733364
-3 -2.75 20 21 61.09518027124125 0.6984302633881769
-3 -2.75 21 22 65.77097062285361 0.6481465412942978
-3 -2.75 22 23 68.9341014911347 0.6027158866172351
-3 -2.75 23 24 70.91793551934063 0.5615259445754509
-3 -2.75 24 25 71.98173058628879 0.5240601379205547
-3 -2.75 25 26 72.3282817933723 0.4898799217218994
-3 -2.75 26 27 72.11701944104857 0.4586108052901484
-3 -2.75 27 28 71.47382611494578 0.4299312472530107
-3 -2.75 28 29 70.49845940204392 0.4035637622303062
-3 -2.75 29 30 69.27020963508573 0.3792677451126394
-3 -2.75 30 31 67.85224463682658 0.3568336407234656
-3 -2.75 31 32 66.29496922689844 0.3360781748436038
-3 -2.75 32 33 64.63863950909479 0.316840430095138
-3 -2.75 33 34 62.91540928153182 0.2989785973133531
-3 -2.75 34 35 61.15094069202092 0.2823672721037774
-3 -2.75 35 36 59.36567834832135 0.2668951929797526
-3 -2.75 36 37 57.57586190550342 0.2524633398344541
-3 -2.75 37 38 55.79433430747866 0.2389833281989807
-3 -2.75 38 39 54.03118948378415 0.2263760465996566
-3 -2.75 39 40 52.2942932629185 0.2145704967277484
-3 -2.75 40 41 50.58970380162097 0.2035028005882472
-3 -2.75 41 42 48.92201185095666 0.1931153489810758
-3 -2.75 42 43 47.29461698421292 0.1833560676511019
-3 -2.75 43 44 45.70995237070167 0.1741777831427929
-3 -2.75 44 45 44.1696680778328 0.1655376724675422
-3 -2.75 45 46 42.67382213716596 0.1575548572416517
-3 -2.75 46 47 41.22471233798586 0.1507951118781811
-3 -2.75 47 48 39.82147077972223 0.1453409669033685
-3 -2.75 48 49 38.46387146603064 0.1411673216416801
-3 -2.75 49 50 37.15122802477353 0.1376977018020111
-2.75 -2.5 0 1 2754.389238231584 2.565279702894993
-2.75 -2.5 1 2 -4276.61220972133 1.100084683766386
-2.75 -2.5 2 3 -5411.251767289569 2.411892833602897
-2.75 -2.5 3 4 -3935.618465150356 2.442760728545555
-2.75 -2.5 4 5 -2741.211668723741 2.193215911402048
-2.75 -2.5 5 6 -1913.540521095154 1.930803842075709
-2.75 -2.5 6 7 -1348.532364614749 1.70002700889141
-2.75 -2.5 7 8 -958.5399684675936 1.504292482373381
-2.75 -2.5 8 9 -684.7395900704842 1.339649013342699
-2.75 -2.5 9 10 -489.158188013927 1.200386413536522
-2.75 -2.5 10 11 -347.1738207377646 1.08148187333987
-2.75 -2.5 11 12 -242.7290744692996 0.9794976094402152
-2.75 -2.5 12 13 -165.0144145798181 0.8912530052881374
-2.75 -2.5 13 14 -106.6631857730067 0.814342731285388
-2.75 -2.5 14 15 -62.54881940235191 0.7468615427273442
-2.75 -2.5 15 16 -29.03975075724816 0.6872898209180764
-2.75 -2.5 16 17 -3.52146669875242 0.6344055485545709
-2.75 -2.5 17 18 15.91604921704584 0.5872176188589805
-2.75 -2.5 18 19 30.68660405427045 0.544915423675602
-2.75 -2.5 19 20 41.84911216989622 0.5068306116997482
-2.75 -2.5 20 21 50.20509722611325 0.4724078943648021
-2.75 -2.5 21 22 56.36701843725382 0.4411825892727879
-2.75 -2.5 22 23 60.80684300628752 0.4127632055932132
-2.75 -2.5 23 24 63.89103414697956 0.3868178290462349
-2.75 -2.5 24 25 65.90606148534482 0.3630633909202662
-2.75 -2.5 25 26 67.0772096830226 0.3412571449227316
-2.75 -2.5 26 27 67.58258901737497 0.3211898456764409
-2.75 -2.5 27 28 67.56367104368348 0.3026802515967478
-2.75 -2.5 28 29 67.13328069799218 0.285570663217344
-2.75 -2.5 29 30 66.38170794548569 0.2697232797661676
-2.75 -2.5 30 31 65.38141645801676 0.2550172050090613
-2.75 -2.5 31 32 64.19069652100842 0.2413459726341103
-2.75 -2.5 32 33 62.85651708823048 0.2286154899099661
-2.75 -2.5 33 34 61.41676583192634 0.2167423195365847
-2.75 -2.5 34 35 59.9020182399621 0.2056522373612786
-2.75 -2.5 35 36 58.33694194942728 0.1952790162118126
-2.75 -2.5 36 37 56.74141681531137 0.1855633951963735
-2.75 -2.5 37 38 55.13143222774602 0.1764522028738959
-2.75 -2.5 38 39 53.519808910611 0.1678976085756241
-2.75 -2.5 39 40 51.91678170945613 0.1598564803202681
-2.75 -2.5 40 41 50.33047186945603 0.1522898317135698
-2.75 -2.5 41 42 48.76727088884897 0.1451623456241175
-2.75 -2.5 42 43 47.23215351691888 0.1384419597976823
-2.75 -2.5 43 44 45.72893363429296 0.1320995085219051
-2.75 -2.5 44 45 44.26047395343178 0.1261084083499147
-2.75 -2.5 45 46 42.82785530288763 0.1206690927930919
-2.75 -2.5 46 47 41.43440491942627 0.1166064320618641
-2.75 -2.5 47 48 40.08004024498186 0.1140368424589786
-2.75 -2.5 48 49 38.7652687711178 0.1129042174390086
-2.75 -2.5 49 50 37.49005662296429 0.1123916428785096
-2.5 -2.25 0 1 3313.31568335498 1.83440264629307
-2.5 -2.25 1 2 -3835.551220519265 0.9559442015579251
-2.5 -2.25 2 3 -5465.607030011437 1.687600255571073
-2.5 -2.25 3 4 -4054.442859119593 1.554746530625173
-2.5 -2.25 4 5 -2858.446774087909 1.370154909981041
-2.5 -2.25 5 6 -2016.214149257796 1.241405938679251
-2.5 -2.25 6 7 -1435.530010360606 1.117348503133923
-2.5 -2.25 7 8 -1031.57985151624 1.005919879635838
-2.5 -2.25 8 9 -746.0245347916771 0.908714344866504
-2.5 -2.25 9 10 -540.7257093619369 0.8240522943064374
-2.5 -2.25 10 11 -390.7330199534913 0.7497342195363325
-2.5 -2.25 11 12 -279.6940024227581 0.6848496353404165
-2.5 -2.25 12 13 -196.5264266044671 0.6277708339256906
-2.5 -2.25 13 14 -133.6446809844545 0.5773149450371522
-2.5 -2.25 14 15 -85.74680977251523 0.5324987181870624
-2.5 -2.25 15 16 -49.06172363333144 0.4925077401731347
-2.5 -2.25 16 17 -20.86395660691232 0.4566666675359884
-2.5 -2.25 17 18 0.8449932778216862 0.4244135261662859
-2.5 -2.25 18 19 17.54981866956837 0.3952785104571415
-2.5 -2.25 19 20 30.36651948145652 0.3688668388138978
-2.5 -2.25 20 21 40.14284715290523 0.3448449992780933
-2.5 -2.25 21 22 47.52890530034779 0.322929738370246
-2.5 -2.25 22 23 53.02748367641141 0.302879233599693
-2.5 -2.25 23 24 57.03041574434394 0.2844859956122298
-2.5 -2.25 24 25 59.84515912395682 0.2675711368784284
-2.5 -2.25 25 26 61.71444478701312 0.2519797216540685
-2.5 -2.25 26 27 62.83095166111764 0.2375769740287175
-2.5 -2.25 27 28 63.34836981032549 0.2242451710490882
-2.5 -2.25 28 29 63.38981392915048 0.2118810813588189
-2.5 -2.25 29 30 63.05427341457465 0.2003938465900851
-2.5 -2.25 30 31 62.42159423790451 0.189703216243271
-2.5 -2.25 31 32 61.55635348487294 0.1797380733662979
-2.5 -2.25 32 33 60.51089206069298 0.1704351956334937
-2.5 -2.25 33 34 59.32770265487557 0.1617382098898575
-2.5 -2.25 34 35 58.04132047078554 0.1535967068479877
-2.5 -2.25 35 36 56.67982798971218 0.1459654876166539
-2.5 -2.25 36 37 55.2660582938293 0.1388039198439068
-2.5 -2.25 37 38 53.81856165359272 0.1320753869791241
-2.5 -2.25 38 39 52.3523851744518 0.1257468131664938
-2.5 -2.25 39 40 50.87970405422612 0.1197882539147502
-2.5 -2.25 40 41 49.41033461558493 0.1141725412505589
-2.5 -2.25 41 42 47.95215252521629 0.1088749758979316
-2.5 -2.25 42 43 46.51143487002548 0.1038730584639285
-2.5 -2.25 43 44 45.09314070522063 0.09914625519650012
-2.5 -2.25 44 45 43.7011417454757 0.09467579188780588
-2.5 -2.25 45 46 42.33737398739277 0.09076611158118587
-2.5 -2.25 46 47 41.00602221669436 0.08860596593690478
-2.5 -2.25 47 48 39.70766569910981 0.08833352888292632
-2.5 -2.25 48 49 38.4434306397844 0.08980027893345398
-2.5 -2.25 49 50 37.21383472531161 0.09329139256707898
-2.25 -2 0 1 3818.770667983306 1.053644179050161
-2.25 -2 1 2 -3427.691464673591 0.8669055285226136
-2.25 -2 2 3 -5513.278763811874 1.655408082576375
-2.25 -2 3 4 -4161.422202945896 1.530967118106775
-2.25 -2 4 5 -2962.2713303456 1.349485313134893
-2.25 -2 5 6 -2105.166158369936 1.189134549067979
-2.25 -2 6 7 -1509.240239179244 1.054856960041977
-2.25 -2 7 8 -1092.158748682095 0.9420664382455528
-2.25 -2 8 9 -795.8374344611739 0.8476817408086463
-2.25 -2 9 10 -581.8353086605048 0.7656939169200263
-2.25 -2 10 11 -424.8091862247315 0.6959582831927387
-2.25 -2 11 12 -308.077132984547 0.6350998806234887
-2.25 -2 12 13 -220.2741312777844 0.5818063163870268
-2.25 -2 13 14 -153.5955866756317 0.534825975118811
-2.25 -2 14 15 -102.5692284749696 0.4931631000071099
-2.25 -2 15 16 -63.29158758779886 0.4560164944400258
-2.25 -2 16 17 -32.93389730262697 0.4227348202245834
-2.25 -2 17 18 -9.416561680576251 0.3927835597627329
-2.25 -2 18 19 8.8092077105307 0.36572027032764
-2.25 -2 19 20 22.91042684312424 0.3411758172948827
-2.25 -2 20 21 33.77573207594617 0.3188399738275813
-2.25 -2 21 22 42.08820867254292 0.298450260307584
-2.25 -2 22 23 48.37741827659795 0.2797832030207946
-2.25 -2 23 24 53.05705276507763 0.2626474314370879
-2.25 -2 24 25 56.45251416504675 0.2468781789810059
-2.25 -2 25 26 58.82134008399134 0.2323328687329331
-2.25 -2 26 27 60.36848545837859 0.2188875429291972
-2.25 -2 27 28 61.25786385345646 0.2064339562263878
-2.25 -2 28 29 61.62113990880493 0.1948771927943413
-2.25 -2 29 30 61.56448159692127 0.1841337017522176
-2.25 -2 30 31 61.17378445717281 0.1741296673201259
-2.25 -2 31 32 60.51874156921957 0.164799650091117
-2.25 -2 32 33 59.65603465546138 0.1560854475705223
-2.25 -2 33 34 58.63185104268592 0.1479351346518854
-2.25 -2 34 35 57.48387991925091 0.1403022519867423
-2.25 -2 35 36 56.24290380067015 0.1331451153118679
-2.25 -2 36 37 54.93407337222664 0.1264262263376495
-2.25 -2 37 38 53.57793330176924 0.120111769056806
-2.25 -2 38 39 52.19125110757523 0.1141711743948766
-2.25 -2 39 40 50.78768946782867 0.1085767470655177
-2.25 -2 40 41 49.37835360440454 0.1033033397218587
-2.25 -2 41 42 47.97223833425778 0.09832807256949981
-2.25 -2 42 43 46.57659442638032 0.09363008699183874
-2.25 -2 43 44 45.1972296494078 0.08919033126094983
-2.25 -2 44 45 43.8387568229079 0.08499137240924438
-2.25 -2 45 46 42.50372455411116 0.08167650496819406
-2.25 -2 46 47 41.19695454363827 0.0816481615295704
-2.25 -2 47 48 39.91948832021274 0.08496999551952966
-2.25 -2 48 49 38.67288941802141 0.09101921622523002
-2.25 -2 49 50 37.45806074364287 0.09741804098573434
-2 -1.75 0 1 4293.327811830261 1.069608974857625
-2 -1.75 1 2 -3023.45897666262 2.571466598807334
-2 -1.75 2 3 -5523.775088395164 2.803406435593563
-2 -1.75 3 4 -4237.283189975053 2.338804356682804
-2 -1.75 4 5 -3046.353661373901 1.941697631307858
-2 -1.75 5 6 -2183.554014706933 1.637770179445453
-2 -1.75 6 7 -1578.686226040541 1.404064076966913
-2 -1.75 7 8 -1152.552285485627 1.220736000633181
-2 -1.75 8 9 -848.0296281663568 1.072939656442599
-2 -1.75 9 10 -626.8994081181154 0.9530230128558864
-2 -1.75 10 11 -463.7614310547451 0.8526173796345506
-2 -1.75 11 12 -341.844364085546 0.7680590539480198
-2 -1.75 12 13 -249.6433345745399 0.6958469377561707
-2 -1.75 13 14 -179.2296966989322 0.633536715270405
-2 -1.75 14 15 -125.0229045819685 0.5792873929264162
-2 -1.75 15 16 -83.02808048013912 0.5316863643441608
-2 -1.75 16 17 -50.340479630863 0.4896316524005878
-2 -1.75 17 18 -24.81777620889511 0.4522508848635577
-2 -1.75 18 19 -4.859491029888659 0.4188443748225013
-2 -1.75 19 20 10.7440164710365 0.3888443567704274
-2 -1.75 20 21 22.91660950706341 0.3617852722945765
-2 -1.75 21 22 32.37057603104574 0.3372817583780918
-2 -1.75 22 23 39.65977205753472 0.3150121018267594
-2 -1.75 23 24 45.21817644573559 0.2947056353092273
-2 -1.75 24 25 49.3881967869105 0.2761330189175007
-2 -1.75 25 26 52.44168008384679 0.2590986642917288
-2 -1.75 26 27 54.59566721609247 0.2434347665338474
-2 -1.75 27 28 56.02431712863302 0.2289965618368346
-2 -1.75 28 29 56.86801044354024 0.2156585225828454
-2 -1.75 29 30 57.24035549786845 0.203311283946352
-2 -1.75 30 31 57.23362033114699 0.1918591400534151
-2 -1.75 31 32 56.9229733702137 0.1812179914413331
-2 -1.75 32 33 56.36981533094581 0.1713136516428249
-2 -1.75 33 34 55.62441273330239 0.1620804404151018
-2 -1.75 34 35 54.72799098885514 0.1534600103751902
-2 -1.75 35 36 53.7144065924212 0.1454003614714459
-2 -1.75 36 37 52.61148948971743 0.1378550095260379
-2 -1.75 37 38 51.44212556273357 0.130782282701147
-2 -1.75 38 39 50.22513321054089 0.1241447208583676
-2 -1.75 39 40 48.97597594979442 0.117908564458182
-2 -1.75 40 41 47.70734393110916 0.1120433134133142
-2 -1.75 41 42 46.42962997844819 0.1065213490803962
-2 -1.75 42 43 45.1513206445785 0.101317606659531
-2 -1.75 43 44 43.87931835086587 0.09640929098426392
-2 -1.75 44 45 42.61920750360099 0.09177562926007826
-2 -1.75 45 46 41.37437776597577 0.08775983546335543
-2 -1.75 46 47 40.15046427476383 0.08571498385897287
-2 -1.75 47 48 38.94917262268572 0.08582593923677431
-2 -1.75 48 49 37.77268025534113 0.09088127079512891
-2 -1.75 49 50 36.62243788209659 0.09775556506036512
-1.75 -1.5 0 1 4720.927654157163 0.9325962515648676
-1.75 -1.5 1 2 -2644.750251070944 0.7438459677104172
-1.75 -1.5 2 3 -5517.563685945986 1.68883145184147
-1.75 -1.5 3 4 -4280.432026712615 1.63574398032585
-1.75 -1.5 4 5 -3091.695706295252 1.464270384352251
-1.75 -1.5 5 6 -2222.736472719958 1.290944105725059
-1.75 -1.5 6 7 -1611.015731506922 1.138385021284307
-1.75 -1.5 7 8 -1178.925002175613 1.008517073750419
-1.75 -1.5 8 9 -869.5262256761439 0.8989409252453792
-1.75 -1.5 9 10 -644.470688018283 0.8064826542918507
-1.75 -1.5 10 11 -478.1821289824907 0.7269870823292678
-1.75 -1.5 11 12 -353.7252934731068 0.6589009533749874
-1.75 -1.5 12 13 -259.4682784333845 0.5999248095732836
-1.75 -1.5 13 14 -187.3819155944966 0.5484632937480545
-1.75 -1.5 14 15 -131.8076211147566 0.503252755894054
-1.75 -1.5 15 16 -88.68984080064092 0.4632862604207723
-1.75 -1.5 16 17 -55.0764065867204 0.4277550218514639
-1.75 -1.5 17 18 -28.78768331406513 0.3960037899727863
-1.75 -1.5 18 19 -8.19363625888036 0.3674970970772667
-1.75 -1.5 19 20 7.938946550902074 0.3417936907244449
-1.75 -1.5 20 21 20.55284709377543 0.3185270607916639
-1.75 -1.5 21 22 30.37562762122968 0.2973905039289129
-1.75 -1.5 22 23 37.97354314632764 0.2781255693882903
-1.75 -1.5 23 24 43.79068769410344 0.2605130481953128
-1.75 -1.5 24 25 48.1777585796533 0.2443658862707166
-1.75 -1.5 25 26 51.41342500086137 0.2295235646604659
-1.75 -1.5 26 27 53.72036392919404 0.21584760807254
-1.75 -1.5 27 28 55.27740703441043 0.2032179691473137
-1.75 -1.5 28 29 56.22882164752798 0.1915300962916582
-1.75 -1.5 29 30 56.69145880783435 0.1806925401831158
-1.75 -1.5 30 31 56.76029954604155 0.1706249875106009
-1.75 -1.5 31 32 56.51278800430833 0.1612566357968817
-1.75 -1.5 32 33 56.01223842039889 0.1525248435302486
-1.75 -1.5 33 34 55.3105298879687 0.1443740011273277
-1.75 -1.5 34 35 54.45024958804862 0.1367545838839291
-1.75 -1.5 35 36 53.46640618962857 0.1296223520951088
-1.75 -1.5 36 37 52.38780619284682 0.1229376740788421
-1.75 -1.5 37 38 51.23816451684348 0.1166649486973307
-1.75 -1.5 38 39 50.03700439628636 0.1107721126691552
-1.75 -1.5 39 40 48.80038937917305 0.1052302186455225
-1.75 -1.5 40 41 47.54152102647669 0.1000130691129235
-1.75 -1.5 41 42 46.27122848314798 0.09509690414392968
-1.75 -1.5 42 43 44.99837088379775 0.09046012635765803
-1.75 -1.5 43 44 43.73016902763044 0.08608306590092088
-1.75 -1.5 44 45 42.47247952657017 0.0819477719669769
-1.75 -1.5 45 46 41.22889302534213 0.07874466637682323
-1.75 -1.5 46 47 40.00530617511691 0.07905396773649188
-1.75 -1.5 47 48 38.80356279759596 0.08295613617879405
-1.75 -1.5 48 49 37.62598597866747 0.08979642817849565
-1.75 -1.5 49 50 36.47415849438838 0.09702123493649599
-1.5 -1.25 0 1 5123.810527793584 3.313116646268187
-1.5 -1.25 1 2 -2269.10200026852 4.170742437384204
-1.5 -1.25 2 3 -5495.305523975206 1.671726084664791
-1.5 -1.25 3 4 -4317.203801608108 1.597717744029205
-1.5 -1.25 4 5 -3139.087965683583 1.423881834854812
-1.5 -1.25 5 6 -2268.880619724339 1.256964984383939
-1.5 -1.25 6 7 -1652.799329379261 1.112615113164385
-1.5 -1.25 7 8 -1215.801582122689 0.9902327249914914
-1.5 -1.25 8 9 -901.7684233890122 0.8873594122406268
-1.5 -1.25 9 10 -672.5867251052377 0.7985158386112022
-1.5 -1.25 10 11 -502.7092652648475 0.7232976882868261
-1.5 -1.25 11 12 -375.1694330741711 0.6580100684745098
-1.5 -1.25 12 13 -278.2723400812129 0.6011529387334316
-1.5 -1.25 13 14 -203.9260374708945 0.5512904711900418
-1.5 -1.25 14 15 -146.4143958072339 0.5072813050725645
-1.5 -1.25 15 16 -101.6317624613821 0.4682111614839219
-1.5 -1.25 16 17 -66.58340870522989 0.433341331638318
-1.5 -1.25 17 18 -39.05396760695498 0.4020697222700821
-1.5 -1.25 18 19 -17.38356280262065 0.3739013999700133
-1.5 -1.25 19 20 -0.3140995168284917 0.3484262156856006
-1.5 -1.25 20 21 13.11796272212609 0.3253016813237848
-1.5 -1.25 21 22 23.657533917509 0.3042397664025354
-1.5 -1.25 22 23 31.88540189755827 0.2849966221461168
-1.5 -1.25 23 24 38.25786994192538 0.2673645225944819
-1.5 -1.25 24 25 43.13592389748464 0.2511654886684407
-1.5 -1.25 25 26 46.80693024127254 0.2384852503375199
-1.5 -1.25 26 27 49.50094140345288 0.2269053089682362
-1.5 -1.25 27 28 51.4030632857947 0.216086009810301
-1.5 -1.25 28 29 52.66291719979245 0.2059630555539477
-1.5 -1.25 29 30 53.40193675982471 0.1964787082090821
-1.5 -1.25 30 31 53.71903693056595 0.1875810376221091
-1.5 -1.25 31 32 53.69504869796049 0.1792232574299444
-1.5 -1.25 32 33 53.39621031606907 0.171363141241529
-1.5 -1.25 33 34 52.87693219322131 0.1639625101742188
-1.5 -1.25 34 35 52.18199866395366 0.1569867821565174
-1.5 -1.25 35 36 51.34833040412406 0.1504045777027314
-1.5 -1.25 36 37 50.40640193246725 0.1441873720142128
-1.5 -1.25 37 38 49.38138685908115 0.1383091904570631
-1.5 -1.25 38 39 48.2940870538514 0.1327463398230767
-1.5 -1.25 39 40 47.16168942827653 0.1274771719485582
-1.5 -1.25 40 41 45.99838468342563 0.1224818746727623
-1.5 -1.25 41 42 44.81587479218365 0.1177422874115066
-1.5 -1.25 42 43 43.62379069643004 0.1132417374843309
-1.5 -1.25 43 44 42.43003705995676 0.1089648953915653
-1.5 -1.25 44 45 41.24107763423825 0.104897645988803
-1.5 -1.25 45 46 40.06102232696261 0.1013632658505152
-1.5 -1.25 46 47 38.8962847263422 0.09960484392458854
-1.5 -1.25 47 48 37.74911774511938 0.09978525776311092
-1.5 -1.25 48 49 36.62222872588475 0.1017960145399814
-1.5 -1.25 49 50 35.51753714683079 0.1044203201744648
-1.25 -1 0 1 5452.540164427013 1.583169250841473
-1.25 -1 1 2 -1985.089473256104 0.6450833198453827
-1.25 -1 2 3 -5495.955879106796 1.819504165432242
-1.25 -1 3 4 -4357.883836621217 1.776227112381999
-1.25 -1 4 5 -3182.461369601672 1.584707130458072
-1.25 -1 5 6 -2307.407670361441 1.397036147217407
-1.25 -1 6 7 -1685.424791703223 1.235086204538747
-1.25 -1 7 8 -1243.032269068305 1.09852610785204
-1.25 -1 8 9 -924.4224532067497 0.9840874988612688
-1.25 -1 9 10 -691.4522713448837 0.8859491042459772
-1.25 -1 10 11 -518.4568152124471 0.8028197829189134
-1.25 -1 11 12 -388.3563149394781 0.7308576631181045
-1.25 -1 12 13 -289.3499056549922 0.6682583235604812
-1.25 -1 13 14 -213.259653013105 0.6133995262920267
-1.25 -1 14 15 -154.3001933104267 0.5650015715579482
-1.25 -1 15 16 -108.310587809478 0.5220451520813
-1.25 -1 16 17 -72.25200775547546 0.4837101539474937
-1.25 -1 17 18 -43.87382399051717 0.4493302274715488
-1.25 -1 18 19 -21.48784848520427 0.418358911188062
-1.25 -1 19 20 -3.81314436084358 0.3903441642913328
-1.25 -1 20 21 10.1323528014841 0.3649090362814116
-1.25 -1 21 22 21.10865211862324 0.3417368471488494
-1.25 -1 22 23 29.70891004995372 0.320559712900326
-1.25 -1 23 24 36.39960981320144 0.3011495768499993
-1.25 -1 24 25 41.55015335770781 0.2833111355917958
-1.25 -1 25 26 45.45489440976655 0.2668762128028907
-1.25 -1 26 27 48.34970939515199 0.2516992471707546
-1.25 -1 27 28 50.4245767170305 0.2376536482833156
-1.25 -1 28 29 51.8332084390114 0.2246288309040711
-1.25 -1 29 30 52.70048394048047 0.2125277871492272
-1.25 -1 30 31 53.12822969621652 0.2012650845411378
-1.25 -1 31 32 53.19974401677405 0.1907652070377415
-1.25 -1 32 33 52.98336187884979 0.1809611718899882
-1.25 -1 33 34 52.53528017159152 0.1717933706581029
-1.25 -1 34 35 51.90180917833385 0.163208592672347
-1.25 -1 35 36 51.12117607828628 0.1551591998466041
-1.25 -1 36 37 50.22497652493848 0.1476024240969527
-1.25 -1 37 38 49.23934825452295 0.1404997686287285
-1.25 -1 38 39 48.18592392635702 0.133816494407946
-1.25 -1 39 40 47.08260772642035 0.1275211793395337
-1.25 -1 40 41 45.94421075885168 0.1215853363965868
-1.25 -1 41 42 44.78297254097123 0.1159830841549228
-1.25 -1 42 43 43.60899053119243 0.1106908597249211
-1.25 -1 43 44 42.43057489401838 0.1056871690040424
-1.25 -1 44 45 41.25454235963178 0.1009523677371335
-1.25 -1 45 46 40.0852888098338 0.0968444464682407
-1.25 -1 46 47 38.92954105322994 0.09476839131777225
-1.25 -1 47 48 37.78976470713175 0.09492646241382796
-1.25 -1 48 49 36.66887216751894 0.09764556395957336
-1.25 -1 49 50 35.56896689763275 0.1053652225897286
-1 -0.75 0 1 5730.787023941404 1.920173521064282
-1 -0.75 1 2 -1726.548110808378 1.792270340021316
-1 -0.75 2 3 -5472.02355065433 1.591350239327305
-1 -0.75 3 4 -4369.254898202711 1.530683686491044
-1 -0.75 4 5 -3199.340125463644 1.366838576360206
-1 -0.75 5 6 -2323.560123697591 1.211331990376469
-1 -0.75 6 7 -1699.560547154004 1.077942912835595
-1 -0.75 7 8 -1255.075672276952 0.9650431641853356
-1 -0.75 8 9 -934.5999724628427 0.8699346689498966
-1 -0.75 9 10 -700.0418953223088 0.7872962046241873
-1 -0.75 10 11 -525.7136306291086 0.7169624142501115
-1 -0.75 11 12 -394.5042152517653 0.6554928018110903
-1 -0.75 12 13 -294.5753108998501 0.6016110457635088
-1 -0.75 13 14 -217.7169060901429 0.5540616654986124
-1 -0.75 14 15 -158.1165920089518 0.5118456384911998
-1 -0.75 15 16 -111.5910985890005 0.4741596696246268
-1 -0.75 16 17 -75.08331246782609 0.4403512933358847
-1 -0.75 17 18 -46.32767080423173 0.4098855152860784
-1 -0.75 18 19 -23.62378316279728 0.3823197956147193
-1 -0.75 19 20 -5.680722444526964 0.3572850931179644
-1 -0.75 20 21 8.491776942865499 0.3344713438656002
-1 -0.75 21 22 19.66047696045962 0.3136162292886001
-1 -0.75 22 23 28.42411165664078 0.2944963963325331
-1 -0.75 23 24 35.25378529046975 0.2769205362789166
-1 -0.75 24 25 40.52273974629668 0.2607238810211636
-1 -0.75 25 26 44.52852869001231 0.2457637894917876
-1 -0.75 26 27 47.50970236855903 0.2319161836589031
-1 -0.75 27 28 49.65847910995308 0.2190726486968948
-1 -0.75 28 29 51.1304519612479 0.2071380581329038
-1 -0.75 29 30 52.05208347956261 0.1960286170886424
-1 -0.75 30 31 52.5265355466064 0.1856702394258773
-1 -0.75 31 32 52.63823519128573 0.1759971952931529
-1 -0.75 32 33 52.45647325639743 0.1669509778049723
-1 -0.75 33 34 52.03825759739351 0.158479347279888
-1 -0.75 34 35 51.43058771709917 0.1505355244667672
-1 -0.75 35 36 50.67227749901105 0.1430775027314246
-1 -0.75 36 37 49.79542279875096 0.1360674621491412
-1 -0.75 37 38 48.826588418889 0.1294712670727192
-1 -0.75 38 39 47.78777213138011 0.1232580335438938
-1 -0.75 39 40 46.69719065663867 0.1173997569855076
-1 -0.75 40 41 45.56992293547023 0.1118709874290442
-1 -0.75 41 42 44.41843825477349 0.1066485501894099
-1 -0.75 42 43 43.25303137417359 0.1017112997739673
-1 -0.75 43 44 42.08218202041877 0.09703990613322709
-1 -0.75 44 45 40.91285275370655 0.09261666661743123
-1 -0.75 45 46 39.7495459485404 0.08918977704748825
-1 -0.75 46 47 38.59913333673285 0.0895544883949677
-1 -0.75 47 48 37.464154246737 0.09380558843633519
-1 -0.75 48 49 36.34760099187886 0.101239531113001
-1 -0.75 49 50 35.25164313599504 0.1090929809610963
-0.75 -0.5 0 1 5946.45406088444 2.665558387740874
-0.75 -0.5 1 2 -1530.192556712716 2.067526890817167
-0.75 -0.5 2 3 -5457.282449822425 1.598356868397634
-0.75 -0.5 3 4 -4382.638986576545 1.543619978895743
-0.75 -0.5 4 5 -3217.461803886365 1.379512075911421
-0.75 -0.5 5 6 -2341.190330166564 1.22205709944101
-0.75 -0.5 6 7 -1715.464960148126 1.086422761857265
-0.75 -0.5 7 8 -1269.080375673529 0.9715153319244214
-0.75 -0.5 8 9 -946.8369969050409 0.8741329921264562
-0.75 -0.5 9 10 -710.7161925827454 0.791589246608677
-0.75 -0.5 10 11 -535.0361890149256 0.719616487706723
-0.75 -0.5 11 12 -402.6684289851405 0.657428014630837
-0.75 -0.5 12 13 -301.7491541482304 0.6030043460315813
-0.75 -0.5 13 14 -224.0438557145128 0.555046359577033
-0.75 -0.5 14 15 -163.7181291827205 0.5131996748075177
-0.75 -0.5 15 16 -116.5697423601168 0.4779177166815081
-0.75 -0.5 16 17 -79.52554544384043 0.4459588194729832
-0.75 -0.5 17 18 -50.30653483267383 0.4169247112673426
-0.75 -0.5 18 19 -27.20109621464917 0.3904716429674798
-0.75 -0.5 19 20 -8.908936860600306 0.3663031447133278
-0.75 -0.5 20 21 5.568030962688908 0.3441632514070151
-0.75 -0.5 21 22 17.00311433011143 0.3238305008383062
-0.75 -0.5 22 23 26.00053688438629 0.3051127601301533
-0.75 -0.5 23 24 33.03601941750935 0.2878428304353006
-0.75 -0.5 24 25 38.48669697810442 0.2718747398889126
-0.75 -0.5 25 26 42.65341569683176 0.25708062979797
-0.75 -0.5 26 27 45.77751816947978 0.2433481385034608
-0.75 -0.5 27 28 48.05359756479402 0.230578204867863
-0.75 -0.5 28 29 49.63927225512293 0.2186832184665627
-0.75 -0.5 29 30 50.66273671270756 0.207585460145626
-0.75 -0.5 30 31 51.22863774193786 0.1972157818702993
-0.75 -0.5 31 32 51.42267881486487 0.1875124876650398
-0.75 -0.5 32 33 51.31525077725848 0.1784203802152783
-0.75 -0.5 33 34 50.96431177373256 0.1698899474496683
-0.75 -0.5 34 35 50.41768424041476 0.1618766655673125
-0.75 -0.5 35 36 49.71489638605931 0.1543404000606695
-0.75 -0.5 36 37 48.88866554822835 0.1472448897995605
-0.75 -0.5 37 38 47.96609845570998 0.1405573003860284
-0.75 -0.5 38 39 46.96966647925791 0.1342478372532534
-0.75 -0.5 39 40 45.91800111972253 0.1282894096239948
-0.75 -0.5 40 41 44.82654535319512 0.1226573361364022
-0.75 -0.5 41 42 43.70808862709151 0.1173290889595599
-0.75 -0.5 42 43 42.57320784467089 0.1122840685291603
-0.75 -0.5 43 44 41.43063186678239 0.1075034057446489
-0.75 -0.5 44 45 40.2875436670808 0.102969787939597
-0.75 -0.5 45 46 39.14862773011492 0.09906634805204516
-0.75 -0.5 46 47 38.02095288948993 0.09727971589370309
-0.75 -0.5 47 48 36.90719976390267 0.09780742738540438
-0.75 -0.5 48 49 35.81049848885911 0.1016081614278839
-0.75 -0.5 49 50 34.7331411370277 0.1096473710687451
-0.5 -0.25 0 1 6088.489073467889 2.583234256037676
-0.5 -0.25 1 2 -1406.897625376545 1.428882489203115
-0.5 -0.25 2 3 -5452.384582477134 1.575836746646371
-0.5 -0.25 3 4 -4394.745586850748 1.538408511435834
-0.5 -0.25 4 5 -3231.596448968257 1.390330298775035
-0.5 -0.25 5 6 -2354.225977707369 1.27891516622096
-0.5 -0.25 6 7 -1726.814388933882 1.161927419425821
-0.5 -0.25 7 8 -1278.786409587428 1.05351223053829
-0.5 -0.25 8 9 -955.0989949386944 0.9568046238762107
-0.5 -0.25 9 10 -717.7406120855335 0.8724123748864907
-0.5 -0.25 10 11 -541.023702434607 0.7970846580030118
-0.5 -0.25 11 12 -407.7847928679894 0.7310792607115862
-0.5 -0.25 12 13 -306.1345890964335 0.6726972659036465
-0.5 -0.25 13 14 -227.8147986017545 0.620844080168108
-0.5 -0.25 14 15 -166.9710193639855 0.5745911478546915
-0.5 -0.25 15 16 -119.3845088415706 0.5331585506710275
-0.5 -0.25 16 17 -81.9685840748848 0.4958928528682174
-0.5 -0.25 17 18 -52.43316825248053 0.4622459244848096
-0.5 -0.25 18 19 -29.05757698584807 0.4317565261756847
-0.5 -0.25 19 20 -10.53406929598054 0.4040349339906564
-0.5 -0.25 20 21 4.141579100102717 0.37875033761928
-0.5 -0.25 21 22 15.74774939512054 0.3556205945744811
-0.5 -0.25 22 23 24.89287638357973 0.3344039201428558
-0.5 -0.25 23 24 32.05618859167112 0.3148921437000423
-0.5 -0.25 24 25 37.61775324333519 0.2969052213575124
-0.5 -0.25 25 26 41.88087587043253 0.2802867565597046
-0.5 -0.25 26 27 45.0889686339184 0.2649003276936737
-0.5 -0.25 27 28 47.43837162488717 0.2506264637908714
-0.5 -0.25 28 29 49.08818215568715 0.2373601429006726
-0.5 -0.25 29 30 50.16785029935625 0.2250087129657772
-0.5 -0.25 30 31 50.7830917272139 0.2134901559370877
-0.5 -0.25 31 32 51.0205221679505 0.2027316317320063
-0.5 -0.25 32 33 50.95131299219008 0.192668252401796
-0.5 -0.25 33 34 50.63409175327217 0.1832420439647225
-0.5 -0.25 34 35 50.11725631779586 0.1744010657799199
-0.5 -0.25 35 36 49.44083063529291 0.1660986591947014
-0.5 -0.25 36 37 48.63796004397994 0.1582928039703118
-0.5 -0.25 37 38 47.73612155146043 0.1509455662518816
-0.5 -0.25 38 39 46.75810750970362 0.1440226220622987
-0.5 -0.25 39 40 45.72282820189884 0.1374928455042788
-0.5 -0.25 40 41 44.64596918822861 0.1313279513017032
-0.5 -0.25 41 42 43.54053137987472 0.1255021838896242
-0.5 -0.25 42 43 42.41727633844192 0.1199920458855293
-0.5 -0.25 43 44 41.28509444442574 0.1147760604165568
-0.5 -0.25 44 45 40.15131018208371 0.109834562592078
-0.5 -0.25 45 46 39.02072311260252 0.1055302572327322
-0.5 -0.25 46 47 37.90052962103323 0.1032840246580456
-0.5 -0.25 47 48 36.79349715054019 0.1033009306563756
-0.5 -0.25 48 49 35.70284041046548 0.1054545534663788
-0.5 -0.25 49 50 34.63092761415098 0.1109542281011629
-0.25 0 0 1 6159.97874618384 2.704335849559777
-0.25 0 1 2 -1344.390030111951 1.9202459130565
-0.25 0 2 3 -5449.049691992297 1.598748121077118
-0.25 0 3 4 -4399.403326002363 1.550949256198247
-0.25 0 4 5 -3236.937678313285 1.388711146031925
-0.25 0 5 6 -2358.886186652592 1.231629944438858
-0.25 0 6 7 -1730.624497533464 1.09584910259486
-0.25 0 7 8 -1281.835644145241 0.9808691917808063
-0.25 0 8 9 -957.5179822677978 0.8832385877951056
-0.25 0 9 10 -719.646287200841 0.804986349006532
-0.25 0 10 11 -542.519326531522 0.7394798795614359
-0.25 0 11 12 -408.9497361910289 0.6806619935090374
-0.25 0 12 13 -307.0332465407364 0.6282017517329037
-0.25 0 13 14 -228.4986112154668 0.5812920199024755
-0.25 0 14 15 -167.4811984333514 0.5392131206638425
-0.25 0 15 16 -119.7542073045263 0.5013401675110236
-0.25 0 16 17 -82.22458990443647 0.4671369390417576
-0.25 0 17 18 -52.5972172481811 0.4361453805280242
-0.25 0 18 19 -29.14737190903975 0.4079744809033263
-0.25 0 19 20 -10.56407485692807 0.3822899831473985
-0.25 0 20 21 4.159512165359729 0.3588053983366529
-0.25 0 21 22 15.80389106564439 0.3372743749276902
-0.25 0 22 23 24.97922485959907 0.3174843091727979
-0.25 0 23 24 32.16615599545923 0.2992510310057994
-0.25 0 24 25 37.74591246852094 0.2824143956469291
-0.25 0 25 26 42.0227556120501 0.2668346274346444
-0.25 0 26 27 45.24088664982548 0.2523892822593766
-0.25 0 27 28 47.59729853230067 0.2389707176818058
-0.25 0 28 29 49.25162975924252 0.226483980926214
-0.25 0 29 30 50.33377973265453 0.2148450378824328
-0.25 0 30 31 50.94983767102212 0.2039792839218565
-0.25 0 31 32 51.18673017006915 0.193820286859287
-0.25 0 32 33 51.1158875020833 0.1843087215447837
-0.25 0 33 34 50.79615295284862 0.1753914639726875
-0.25 0 34 35 50.27610418869068 0.1670208183712616
-0.25 0 35 36 49.5959150029347 0.1591538550270458
-0.25 0 36 37 48.78885556485034 0.1517518408229741
-0.25 0 37 38 47.8825068003207 0.1447797495617076
-0.25 0 38 39 46.89974747409701 0.1382058365616663
-0.25 0 39 40 45.85955961326312 0.1320012715018858
-0.25 0 40 41 44.77768821875475 0.1261398173379634
-0.25 0 41 42 43.66718331603948 0.1205975512666267
-0.25 0 42 43 42.53884690894012 0.1153526197437017
-0.25 0 43 44 41.40160253317833 0.1103850241905279
-0.25 0 44 45 40.26280170407989 0.1056764319730099
-0.25 0 45 46 39.12726050891217 0.101607721165146
-0.25 0 46 47 38.00220422333132 0.09966200901671207
-0.25 0 47 48 36.89040865039189 0.1000431386448983
-0.25 0 48 49 35.79509922221169 0.1027646063201414
-0.25 0 49 50 34.71865284301558 0.1109310260302115
0 0.25 0 1 6159.720337013608 2.70434228832417
0 0.25 1 2 -1344.895372051143 1.92027030983367
0 0.25 2 3 -5449.421912654872 1.598709307818868
0 0.25 3 4 -4399.560815204255 1.550856049129518
0 0.25 4 5 -3236.956946345621 1.388619495456554
0 0.25 5 6 -2358.838461554433 1.231568446013862
0 0.25 6 7 -1730.550073168529 1.095819667047551
0 0.25 7 8 -1281.754179163857 0.9805530244998782
0 0.25 8 9 -957.4385253802461 0.8826015383770239
0 0.25 9 10 -719.5756369929491 0.806005351291357
0 0.25 10 11 -542.4539485774967 0.739502780160698
0 0.25 11 12 -408.8907913089074 0.6806859292539031
0 0.25 12 13 -306.9798870111645 0.6282251482340937
0 0.25 13 14 -228.44993799345 0.5813140691166129
0 0.25 14 15 -167.4364145552888 0.5392334648956461
0 0.25 15 16 -119.7126659093053 0.5013587028384511
0 0.25 16 17 -82.18579290849516 0.4671536981798364
0 0.25 17 18 -52.5607938458736 0.4361604650507289
0 0.25 18 19 -29.11305155033824 0.4079880227290052
0 0.25 19 20 -10.5316615372617 0.3823021232835906
0 0.25 20 21 4.190161583368536 0.3588162756389978
0 0.25 21 22 15.83288385896572 0.3372841204432427
0 0.25 22 23 25.00664510650495 0.3174930433906722
0 0.25 23 24 32.19207358784399 0.299258863236331
0 0.25 24 25 37.77038925136753 0.2824214243075929
0 0.25 25 26 42.04584935892444 0.2668409404300462
0 0.25 26 27 45.26265347086996 0.2523949577648033
0 0.25 27 28 47.6177941879024 0.2389758253930196
0 0.25 28 29 49.27091023849334 0.2264885825239514
0 0.25 29 30 50.35190136126585 0.2148491881008017
0 0.25 30 31 50.96685693978088 0.2039830314492493
0 0.25 31 32 51.20270341301 0.1938236746537424
0 0.25 32 33 51.13087051561286 0.1843117878088812
0 0.25 33 34 50.81020060888113 0.1753942425366482
0 0.25 34 35 50.28927007991069 0.1670233393721751
0 0.25 35 36 49.6082511356426 0.1591561449934531
0 0.25 36 37 48.80041210860151 0.1517539235726472
0 0.25 37 38 47.89333189711044 0.1447816460221242
0 0.25 38 39 46.90988710074123 0.1382075655523645
0 0.25 39 40 45.86905749588567 0.1320028496591273
0 0.25 40 41 44.7865857889912 0.1261412594578336
0 0.25 41 42 43.67551970589028 0.1205988706485918
0 0.25 42 43 42.54665897340328 0.1153538280979308
0 0.25 43 44 41.40892489977642 0.1103861321301287
0 0.25 44 45 40.2696668386634 0.1056774489844181
0 0.25 45 46 39.1336987672031 0.1016086671922103
0 0.25 46 47 38.00824401642438 0.09966294485634544
0 0.25 47 48 36.8960764623929 0.1000441226851754
0 0.25 48 49 35.8004197470591 0.1027656814925443
0 0.25 49 50 34.72364905740764 0.1109321434263602
0.25 0.5 0 1 6087.742346515119 2.583238895676431
0.25 0.5 1 2 -1408.351296059575 1.428879851620495
0.25 0.5 2 3 -5453.445191927594 1.575730657537149
0.25 0.5 3 4 -4395.187508400368 1.538249647603107
0.25 0.5 4 5 -3231.647150444516 1.390200111113499
0.25 0.5 5 6 -2354.090561082068 1.278846239517509
0.25 0.5 6 7 -1726.606365044552 1.161909704361007
0.25 0.5 7 8 -1278.561668277868 1.053529744806224
0.25 0.5 8 9 -954.8805137849722 0.957652484283991
0.25 0.5 9 10 -717.5418813857727 0.8716221272637249
0.25 0.5 10 11 -540.8424745442439 0.7971336387097454
0.25 0.5 11 12 -407.6208998506895 0.7311277292106643
0.25 0.5 12 13 -305.9855815456774 0.6727432607826531
0.25 0.5 13 14 -227.678169591934 0.6208866867668219
0.25 0.5 14 15 -166.8445989192146 0.5746300546465167
0.25 0.5 15 16 -119.266574168545 0.5331937767415703
0.25 0.5 16 17 -81.85783975113827 0.495924587695797
0.25 0.5 17 18 -52.32867574314264 0.462274435179061
0.25 0.5 18 19 -28.9586727567571 0.4317821061114434
0.25 0.5 19 20 -10.44028938887254 0.4040578747848191
0.25 0.5 20 21 4.230561335469929 0.3787709155496531
0.25 0.5 21 22 15.83217127484158 0.355639063615554
0.25 0.5 22 23 24.97292093971964 0.3344205105498078
0.25 0.5 23 24 32.13200897327147 0.3149070616185856
0.25 0.5 24 25 37.68948885004158 0.2969186506280486
0.25 0.5 25 26 41.94866235372547 0.2802988604577866
0.25 0.5 26 27 45.15294352310275 0.2649112507429285
0.25 0.5 27 28 47.49867695641319 0.2506363341162137
0.25 0.5 28 29 49.14496514174743 0.2373690737073047
0.25 0.5 29 30 50.22126278982444 0.2250168045300302
0.25 0.5 30 31 50.83328899798391 0.2134974970212941
0.25 0.5 31 32 51.06766139908711 0.2027383010374595
0.25 0.5 32 33 50.99555167386177 0.1926743195152394
0.25 0.5 33 34 50.67558616975998 0.1832475707654581
0.25 0.5 34 35 50.1561601915754 0.1744061071722585
0.25 0.5 35 36 49.47729397588586 0.1661032638984009
0.25 0.5 36 37 48.67212821218806 0.1582970153607984
0.25 0.5 37 38 47.76813453473022 0.1509494229330031
0.25 0.5 38 39 46.78809939213573 0.1440261584180115
0.25 0.5 39 40 45.75092680751675 0.1374960922129488
0.25 0.5 40 41 44.67229587234863 0.131330935690188
0.25 0.5 41 42 43.56520094709083 0.1255049305802582
0.25 0.5 42 43 42.44039706117968 0.1199945765578691
0.25 0.5 43 44 41.30676816472698 0.1147783948237728
0.25 0.5 44 45 40.17163247539821 0.1098367183024095
0.25 0.5 45 46 39.03978343170007 0.1055322802774976
0.25 0.5 46 47 37.91841170902296 0.1032860687070644
0.25 0.5 47 48 36.81027913377332 0.1033031487155562
0.25 0.5 48 49 35.7185951700468 0.1054570684884958
0.25 0.5 49 50 34.64572299228089 0.1109569808009121
0.5 0.75 0 1 5945.166821560979 2.665563713104031
0.5 0.75 1 2 -1532.664011579499 2.06753634780952
0.5 0.75 2 3 -5459.024389849086 1.598289713880975
0.5 0.75 3 4 -4383.304818830172 1.543506771823456
0.5 0.75 4 5 -3217.478255514206 1.379415350737817
0.5 0.75 5 6 -2340.91633365466 1.222000701098649
0.5 0.75 6 7 -1715.089241078042 1.086402262558802
0.5 0.75 7 8 -1268.691136429735 0.9715215009144483
0.5 0.75 8 9 -946.4690134685934 0.8748184676639612
0.5 0.75 9 10 -710.3841374048316 0.7909229447976378
0.5 0.75 10 11 -534.7381823574729 0.7196463194763554
0.5 0.75 11 12 -402.4012443726283 0.657458338713009
0.5 0.75 12 13 -301.5077961149416 0.6030336418012587
0.5 0.75 13 14 -223.8236030027504 0.5550738505708709
0.5 0.75 14 15 -163.5150439390291 0.5132250007106595
0.5 0.75 15 16 -116.3807624202473 0.4779407189864281
0.5 0.75 16 17 -79.34839711621225 0.4459796133644437
0.5 0.75 17 18 -50.13958409263182 0.4169434759587433
0.5 0.75 18 19 -27.04319436668538 0.3904885802582632
0.5 0.75 19 20 -8.759284691687526 0.3663184557162942
0.5 0.75 20 21 5.709992770114241 0.3441771247070587
0.5 0.75 21 22 17.13778856561566 0.3238431068742367
0.5 0.75 22 23 26.12823032443202 0.3051242497421645
0.5 0.75 23 24 33.15698487234613 0.2878533350505189
0.5 0.75 24 25 38.6011611580509 0.271884373514604
0.5 0.75 25 26 42.76159662142493 0.2570894906709192
0.5 0.75 26 27 45.87963513840759 0.2433563110304644
0.5 0.75 27 28 48.1498760309513 0.230585761875286
0.5 0.75 28 29 49.72994534969882 0.2186902227552609
0.5 0.75 29 30 50.7480446926877 0.2075919660691577
0.5 0.75 30 31 51.30882625754646 0.1972218367719443
0.5 0.75 31 32 51.49799660834583 0.1875181327738793
0.5 0.75 32 33 51.38594721639026 0.1784256517073167
0.5 0.75 33 34 51.03063447457276 0.1698948772309577
0.5 0.75 34 35 50.47987692326154 0.1618812819476813
0.5 0.75 35 36 49.77319704228461 0.1543447281793224
0.5 0.75 36 37 48.94330494147863 0.1472489520678059
0.5 0.75 37 38 48.01729895342464 0.140561117050424
0.5 0.75 38 39 47.01764119227772 0.1342514266138877
0.5 0.75 39 40 45.96295331596303 0.1282927880542168
0.5 0.75 40 41 44.86866810982821 0.1226605185078122
0.5 0.75 41 42 43.747564681526 0.1173320889945145
0.5 0.75 42 43 42.61020961059955 0.112286898573863
0.5 0.75 43 44 41.46532158135602 0.1075060772653335
0.5 0.75 44 45 40.32007364046973 0.1029723112883579
0.5 0.75 45 46 39.17914058113627 0.09906877851351338
0.5 0.75 46 47 38.04958213957281 0.09728227446806101
0.5 0.75 47 48 36.9340700341298 0.09781034130626139
0.5 0.75 48 49 35.83572606617216 0.1016115798709858
0.5 0.75 49 50 34.7568342948386 0.1096511670497064
0.75 1 0 1 5728.898555479322 1.920096541318279
0.75 1 1 2 -1730.145905160455 1.791794600453918
0.75 1 2 3 -5474.51047213667 1.590778094633641
0.75 1 3 4 -4370.156554487856 1.530490182301794
0.75 1 4 5 -3199.306542631873 1.36701436606892
0.75 1 5 6 -2323.119361241234 1.211727078198684
0.75 1 6 7 -1698.984189538105 1.078420653122237
0.75 1 7 8 -1254.488501939403 0.9655227182655199
0.75 1 8 9 -934.0507184730036 0.8697918263325298
0.75 1 9 10 -699.5481053538138 0.7882719744248886
0.75 1 10 11 -525.2738260140759 0.7172823179461726
0.75 1 11 12 -394.1122963397638 0.6557587868908458
0.75 1 12 13 -294.2235540076574 0.6018298220821744
0.75 1 13 14 -217.3980790111013 0.5542403360318606
0.75 1 14 15 -157.8246469300645 0.5119908641274798
0.75 1 15 16 -111.3212857954347 0.4742773441754136
0.75 1 16 17 -74.83204722637606 0.4404464646016776
0.75 1 17 18 -46.0923171342049 0.4099624194647787
0.75 1 18 19 -23.40243171966449 0.3823819395766712
0.75 1 19 20 -5.47199531253932 0.3573353516817066
0.75 1 20 21 8.688884140595746 0.3345120566074624
0.75 1 21 22 19.84671591244569 0.3136492895181954
0.75 1 22 23 28.600069966977 0.2945233294170645
0.75 1 23 24 35.41994898517532 0.276942567105802
0.75 1 24 25 40.67953566761571 0.2607419899426333
0.75 1 25 26 44.67635197140316 0.2457787600692123
0.75 1 26 27 47.64893320246961 0.2319286404691524
0.75 1 27 28 49.78949208159702 0.2190830891769152
0.75 1 28 29 51.25362040332504 0.207146878316188
0.75 1 29 30 52.16778064249343 0.1960361314485496
0.75 1 30 31 52.63513385631529 0.1856766983309958
0.75 1 31 32 52.74010447635214 0.1760027976313604
0.75 1 32 33 52.55197853159382 0.1669558814716706
0.75 1 33 34 52.1277567825702 0.1584836784639786
0.75 1 34 35 51.51442952106305 0.1505393832197157
0.75 1 35 36 50.75079959133109 0.1430809691200865
0.75 1 36 37 49.86895032895706 0.1360706000657842
0.75 1 37 38 48.89543289196428 0.1294741277225434
0.75 1 38 39 47.85223062451291 0.1232606581791242
0.75 1 39 40 46.75754534551623 0.1174021787685873
0.75 1 40 41 45.62644088732526 0.1118732332722364
0.75 1 41 42 44.47137145058451 0.1066506420203325
0.75 1 42 43 43.30261691493502 0.1017132555042472
0.75 1 43 44 42.12864248083514 0.09704174046759263
0.75 1 44 45 40.95639665006581 0.09261839193429097
0.75 1 45 46 39.79036813632223 0.08919145624287339
0.75 1 46 47 38.63741598665104 0.08955637162231614
0.75 1 47 48 37.50006710402926 0.09380791559867652
0.75 1 48 49 36.38130223363663 0.1012424785869861
0.75 1 49 50 35.28327985722566 0.1090965328701946
1 1.25 0 1 5450.030612230673 1.583433724426351
1 1.25 1 2 -1989.865057599053 0.6477689547835724
1 1.25 2 3 -5499.249364499041 1.8199266815229
1 1.25 3 4 -4359.070142912351 1.775864290656946
1 1.25 4 5 -3182.402302406943 1.584017607327548
1 1.25 5 6 -2306.80122232391 1.396337069882051
1 1.25 6 7 -1684.632077934634 1.234494700670648
1 1.25 7 8 -1242.221874870487 1.098064430914154
1 1.25 8 9 -923.6624892675982 0.983237327860898
1 1.25 9 10 -690.7673250223052 0.886193226849492
1 1.25 10 11 -517.8474003192828 0.8026218386193256
1 1.25 11 12 -387.8146755205589 0.7307121330802059
1 1.25 12 13 -288.8659777336793 0.6681531984117006
1 1.25 13 14 -212.8237025888668 0.6133256922493506
1 1.25 14 15 -153.9038701031302 0.5649520178322182
1 1.25 15 16 -107.9471671230081 0.5220144041371045
1 1.25 16 17 -71.91627317978805 0.4836938892157671
1 1.25 17 18 -43.56181796675742 0.4493250121096173
1 1.25 18 19 -21.196600301422 0.4183620130218125
1 1.25 19 20 -3.540423975078738 0.3903534133056271
1 1.25 20 21 10.38823798620297 0.3649227163906056
1 1.25 21 22 21.34901563883727 0.3417536094276284
1 1.25 22 23 29.9348047326389 0.32057850551705
1 1.25 23 24 36.61191317862153 0.3011695869841473
1 1.25 24 25 41.7496272811461 0.2833317422919492
1 1.25 25 26 45.64222542590926 0.26689694803546
1 1.25 26 27 48.52553490150888 0.2517197643932335
1 1.25 27 28 50.58950120292502 0.2376736961981956
1 1.25 28 29 51.98781286650149 0.2246482333378468
1 1.25 29 30 52.84533058670172 0.2125464255533842
1 1.25 30 31 53.26386411383123 0.2012828850640668
1 1.25 31 32 53.3266952780474 0.1907821296145669
1 1.25 32 33 53.10214189395765 0.1809772021149955
1 1.25 33 34 52.64638260868401 0.1718085125722263
1 1.25 34 35 52.00570831639124 0.1632228642420767
1 1.25 35 36 51.21832578779942 0.155172628352103
1 1.25 36 37 50.31580948461095 0.1476150431693778
1 1.25 37 38 49.32427544590541 0.1405116161160716
1 1.25 38 39 48.2653344127699 0.1338276104563827
1 1.25 39 40 47.15686869730513 0.1275316047572733
1 1.25 40 41 46.01366780834212 0.121595112108611
1 1.25 41 42 44.84795014485411 0.1159922500871182
1 1.25 42 43 43.66979268299281 0.1106994546634903
1 1.25 43 44 42.48748586424654 0.1056952299612192
1 1.25 44 45 41.30782754596117 0.1009599301551986
1 1.25 45 46 40.13519538108102 0.096851635693581
1 1.25 46 47 38.97629959412734 0.09477566052430506
1 1.25 47 48 37.83358945360405 0.09493425800548999
1 1.25 48 49 36.7099622909459 0.09765418753896052
1 1.25 49 50 35.60750722331147 0.10537427796024
1.25 1.5 0 1 5120.825795919532 3.313197330286768
1.25 1.5 1 2 -2274.691846490073 4.171147123879829
1.25 1.5 2 3 -5499.012698484488 1.673009323985019
1.25 1.5 3 4 -4318.410480482027 1.598391662763707
1.25 1.5 4 5 -3138.898551004135 1.423788892406399
1.25 1.5 5 6 -2268.119981406481 1.256343430289157
1.25 1.5 6 7 -1651.867694160596 1.11175062006514
1.25 1.5 7 8 -1214.874708358126 0.9895891183938931
1.25 1.5 8 9 -900.913248741746 0.885656180019078
1.25 1.5 9 10 -671.8216703642083 0.7983534650001076
1.25 1.5 10 11 -502.0319413924758 0.7226631752061967
1.25 1.5 11 12 -374.5684063191902 0.6574858849567495
1.25 1.5 12 13 -277.7351390597312 0.6007269809137449
1.25 1.5 13 14 -203.4412612074586 0.5509486086277335
1.25 1.5 14 15 -145.9725825305204 0.5070097822862122
1.25 1.5 15 16 -101.2254727227014 0.4679976066264701
1.25 1.5 16 17 -66.20698436294515 0.4331750689330806
1.25 1.5 17 18 -38.70319053074013 0.401941757109809
1.25 1.5 18 19 -17.05531686271274 0.3738042656558646
1.25 1.5 19 20 -0.006078321054019398 0.3483537741014376
1.25 1.5 20 21 13.40749027656625 0.3252489209373666
1.25 1.5 21 22 23.92990244233158 0.3042026159499706
1.25 1.5 22 23 32.14168059909457 0.2849717879425041
1.25 1.5 23 24 38.49895543794844 0.2673493488762605
1.25 1.5 24 25 43.36260370478703 0.2511578406770212
1.25 1.5 25 26 47.01992457052131 0.2384834343251752
1.25 1.5 26 27 49.70092939953258 0.22690787206286
1.25 1.5 27 28 51.59069844826388 0.2160918062783999
1.25 1.5 28 29 52.83883552505188 0.2059711896862169
1.25 1.5 29 30 53.56676017799111 0.1964884825828183
1.25 1.5 30 31 53.87337386389299 0.1875919117268044
1.25 1.5 31 32 53.83949300350071 0.1792348145734253
1.25 1.5 32 33 53.53133945739148 0.1713750625505314
1.25 1.5 33 34 53.00330518581933 0.1639745537657831
1.25 1.5 34 35 52.30015413016679 0.1569987665710914
1.25 1.5 35 36 51.45878492241985 0.1504163688864084
1.25 1.5 36 37 50.50964877140893 0.1441988727586262
1.25 1.5 37 38 49.47789512112467 0.1383203325170829
1.25 1.5 38 39 48.38430121376206 0.132757077118727
1.25 1.5 39 40 47.24602923074224 0.1274874755244533
1.25 1.5 40 41 46.07724534984584 0.1224917288372116
1.25 1.5 41 42 44.88962748586977 0.117751686243088
1.25 1.5 42 43 43.69278319410449 0.1132506824703693
1.25 1.5 43 44 42.49459458201255 0.1089733937224286
1.25 1.5 44 45 41.30150379238052 0.1049057084864713
1.25 1.5 45 46 40.11759990355154 0.1013710097435379
1.25 1.5 46 47 38.94927736756085 0.0996127591335374
1.25 1.5 47 48 37.79877041554286 0.09979383929004075
1.25 1.5 48 49 36.66876911133559 0.101805652490834
1.25 1.5 49 50 35.56117648213032 0.1044310120156906
1.5 1.75 0 1 4717.361939099647 0.9332364251367209
1.5 1.75 1 2 -2651.364084425545 0.7489322679090636
1.5 1.75 2 3 -5521.831469672834 1.691600298964323
1.5 1.75 3 4 -4281.691774471406 1.637007466696568
1.5 1.75 4 5 -3091.327266789629 1.463907109119842
1.5 1.75 5 6 -2221.734172668012 1.289622538418077
1.5 1.75 6 7 -1609.846867339609 1.136713736210188
1.5 1.75 7 8 -1177.788155428917 1.006854270152447
1.5 1.75 8 9 -868.4920184322286 0.8974381585290069
1.5 1.75 9 10 -643.5535229530096 0.8051725287420279
1.5 1.75 10 11 -477.3786408271835 0.7259090571148726
1.5 1.75 11 12 -353.0184364514464 0.6580196758574089
1.5 1.75 12 13 -258.841772640408 0.5992129129437234
1.5 1.75 13 14 -186.8212023546967 0.5478931193495501
1.5 1.75 14 15 -131.300698740655 0.5027992075373504
1.5 1.75 15 16 -88.22725696715202 0.4629277094226477
1.5 1.75 16 17 -54.6509181966951 0.4274733355448284
1.5 1.75 17 18 -28.39382569820123 0.3957840061740135
1.5 1.75 18 19 -7.827310438805171 0.367326987540336
1.5 1.75 19 20 8.280826022971951 0.3416633227402364
1.5 1.75 20 21 20.87263346508576 0.3184283990630541
1.5 1.75 21 22 30.67515688866274 0.2973170669804498
1.5 1.75 22 23 38.25429276209104 0.2780721407829978
1.5 1.75 23 24 44.05389036210579 0.2604754370062418
1.5 1.75 24 25 48.42448163430618 0.2443407308628134
1.5 1.75 25 26 51.64462422913516 0.2295081725016109
1.5 1.75 26 27 53.93691892716549 0.215839825473822
1.5 1.75 27 28 55.48014355861721 0.203216076430108
1.5 1.75 28 29 56.41852505195754 0.1915327221513926
1.5 1.75 29 30 56.86888155342888 0.1806985935055496
1.5 1.75 30 31 56.92616491928015 0.1706336015598956
1.5 1.75 31 32 56.66779153267191 0.1612671243742229
1.5 1.75 32 33 56.15704800494194 0.152536664396428
1.5 1.75 33 34 55.4457853202926 0.1443867277882749
1.5 1.75 34 35 54.57656188166141 0.1367678821092752
1.5 1.75 35 36 53.58435698052767 0.1296359615973922
1.5 1.75 36 37 52.4979473493612 0.1229513933368455
1.5 1.75 37 38 51.34101802349232 0.1166786232058582
1.5 1.75 38 39 50.13306252415805 0.1107856252778344
1.5 1.75 39 40 48.89011512783719 0.1052434816563914
1.5 1.75 40 41 47.62534880509259 0.1000260185259307
1.5 1.75 41 42 46.34956499219516 0.095109494171353
1.5 1.75 42 43 45.07159615294501 0.0904723261606889
1.5 1.75 43 44 43.79863757217953 0.08609485559748309
1.5 1.75 44 45 42.53652158442316 0.08195914078970983
1.5 1.75 45 46 41.28881554485727 0.07875569443509993
1.5 1.75 46 47 40.06139488212276 0.07906503549076868
1.5 1.75 47 48 38.8560827145146 0.08296761340210791
1.5 1.75 48 49 37.67518307201343 0.089808584562254
1.5 1.75 49 50 36.52026064308245 0.09703403897384051
1.75 2 0 1 4289.495065875697 1.069944471023081
1.75 2 1 2 -3030.548930863539 2.572013776605955
1.75 2 2 3 -5528.335800242568 2.803529664177858
1.75 2 3 4 -4238.640346142459 2.338412210126062
1.75 2 4 5 -3045.984934443877 1.94110954900423
1.75 2 5 6 -2182.503570379675 1.637231825873514
1.75 2 6 7 -1577.443864583668 1.403649803823795
1.75 2 7 8 -1151.330771317824 1.220431112487575
1.75 2 8 9 -846.9076403701092 1.073091998387045
1.75 2 9 10 -625.8988637254715 0.952521378807527
1.75 2 10 11 -462.879688279073 0.8525279842892161
1.75 2 11 12 -341.0659852848639 0.7680034270340503
1.75 2 12 13 -248.9521672736955 0.6958159561629627
1.75 2 13 14 -178.610861421552 0.633524035002359
1.75 2 14 15 -124.463888081802 0.5792884250934912
1.75 2 15 16 -82.51886456359034 0.5316976552214105
1.75 2 16 17 -49.87326724267177 0.4896505236028391
1.75 2 17 18 -24.38658878145247 0.4522752229214188
1.75 2 18 19 -4.459764621437216 0.4188725011680781
1.75 2 19 20 11.11578342854978 0.3888749404283814
1.75 2 20 21 23.26314126778436 0.3618172654871251
1.75 2 21 22 32.69403928144175 0.3373143458218923
1.75 2 22 23 39.9619393490583 0.3150446588489894
1.75 2 23 24 45.50054423267227 0.2947376924629764
1.75 2 24 25 49.65206846659862 0.2761642325463466
1.75 2 25 26 52.68822294386564 0.2591287911625956
1.75 2 26 27 54.82595046092956 0.2434636434073957
1.75 2 27 28 56.23933653529457 0.2290240877145439
1.75 2 28 29 57.06870380698558 0.2156846448905508
1.75 2 29 30 57.42761191360046 0.203335986866795
1.75 2 30 31 57.40828549177445 0.191882435121386
1.75 2 31 32 57.08585239928749 0.1812399105337359
1.75 2 32 33 56.52167419333648 0.1713342404730551
1.75 2 33 34 55.76597891156507 0.1620997546052103
1.75 2 34 35 54.85995386371292 0.153478111437083
1.75 2 35 36 53.83741779674165 0.1454173142451746
1.75 2 36 37 52.72616338305079 0.1378708802262923
1.75 2 37 38 51.54903989693491 0.1307971370329286
1.75 2 38 39 50.3248300084876 0.1241586234294127
1.75 2 39 40 49.0689625864772 0.1179215774870932
1.75 2 40 41 47.79409439062232 0.1120554964801398
1.75 2 41 42 46.51058625343973 0.1065327588192187
1.75 2 42 43 45.22689423895503 0.1013282965292946
1.75 2 43 44 43.9498918538074 0.09641931101165212
1.75 2 44 45 42.68513619832217 0.09178502640913172
1.75 2 45 46 41.43599086224719 0.08776877088283495
1.75 2 46 47 40.20806753785897 0.08572403473561994
1.75 2 47 48 39.00304888719208 0.08583567025250052
1.75 2 48 49 37.8230914056121 0.09089175995056059
1.75 2 49 50 36.66962602584275 0.09776664107834966
2 2.25 0 1 3814.517250982636 1.053618597822486
2 2.25 1 2 -3435.478235299167 0.8665636719019405
2 2.25 2 3 -5518.121362101285 1.655011854611128
2 2.25 3 4 -4162.658063513857 1.530612195436765
2 2.25 4 5 -2961.630953558118 1.34938085793805
2 2.25 5 6 -2103.837579800496 1.189266143786845
2 2.25 6 7 -1507.760841898454 1.055080721834617
2 2.25 7 8 -1090.749039312291 0.9426364818590699
2 2.25 8 9 -794.5715639096247 0.8472612768948197
2 2.25 9 10 -580.7259361216388 0.7665210028297774
2 2.25 10 11 -423.8465600594632 0.6962138023550457
2 2.25 11 12 -307.2392849068674 0.6353199200938636
2 2.25 12 13 -219.5399313845865 0.5819935314557311
2 2.25 13 14 -152.9463333890521 0.5349843809204066
2 2.25 14 15 -101.9894805082845 0.493296929864579
2 2.25 15 16 -62.76907556903529 0.4561296900990359
2 2.25 16 17 -32.45908404694364 0.4228308412340497
2 2.25 17 18 -8.982116530153917 0.3928653469930294
2 2.25 18 19 9.208903592875686 0.3657902775206334
2 2.25 19 20 23.27970025276045 0.3412360694719984
2 2.25 20 21 34.11795358565325 0.3188921313558059
2 2.25 21 22 42.40605100913388 0.2984956797765443
2 2.25 22 23 48.67304949924346 0.279822991321795
2 2.25 23 24 53.33227744220471 0.2626824918435064
2 2.25 24 25 56.70887456513844 0.2469092494693787
2 2.25 25 26 59.06018745221525 0.2323605536839548
2 2.25 26 27 60.59102941246203 0.2189123388827455
2 2.25 27 28 61.46520608948924 0.2064562723913277
2 2.25 28 29 61.81429686879426 0.1948973681263542
2 2.25 29 30 61.74439952089631 0.1841520181162609
2 2.25 30 31 61.34134929129897 0.1741463604773513
2 2.25 31 32 60.67478548590339 0.1648149179280632
2 2.25 32 33 59.80134040734907 0.1560994575654106
2 2.25 33 34 58.7671549855404 0.14794802904916
2 2.25 34 35 57.60987426169686 0.1403141521207374
2 2.25 35 36 56.36023844188207 0.1331561254642305
2 2.25 36 37 55.04335755092376 0.1264364369313156
2 2.25 37 38 53.67973718880216 0.1201212579793018
2 2.25 38 39 52.2861074127992 0.1141800101884136
2 2.25 39 40 50.87609508916989 0.1085849893236105
2 2.25 40 41 49.4607713267369 0.1033110412820011
2 2.25 41 42 48.0490985679358 0.09833527997193142
2 2.25 42 43 46.64829696948851 0.09363684165312321
2 2.25 43 44 45.26414545572993 0.08919667000943611
2 2.25 44 45 43.90122975587911 0.0849973282507982
2 2.25 45 46 42.56207271720299 0.08168219327797166
2 2.25 46 47 41.25147299912729 0.08165399775781942
2 2.25 47 48 39.97044963530641 0.08497637219026363
2 2.25 48 49 38.72054567974672 0.09102641726005621
2 2.25 49 50 37.50264474918416 0.09742604082239566
2.25 2.5 0 1 3309.256745831168 1.834406764750914
2.25 2.5 1 2 -3842.828970311507 0.9559190050014675
2.25 2.5 2 3 -5469.889427041566 1.687422658191204
2.25 2.5 3 4 -4055.325807860544 1.554478554506948
2.25 2.5 4 5 -2857.700513534721 1.369975481323096
2.25 2.5 5 6 -2014.941146227913 1.241356750328033
2.25 2.5 6 7 -1434.183270117191 1.117381937412435
2.25 2.5 7 8 -1030.32781281018 1.006230816884762
2.25 2.5 8 9 -744.9155947930249 0.9085782403687797
2.25 2.5 9 10 -539.7577441451017 0.8241226279031596
2.25 2.5 10 11 -389.8953887078048 0.7498161013216331
2.25 2.5 11 12 -278.9636596210948 0.6849232120499892
2.25 2.5 12 13 -195.8838586118861 0.6278361429902179
2.25 2.5 13 14 -133.0733586723879 0.5773727611292446
2.25 2.5 14 15 -85.23348675507145 0.5325500176900881
2.25 2.5 15 16 -48.59611737642376 0.4925534710160272
2.25 2.5 16 17 -20.4382309428488 0.4567076651235819
2.25 2.5 17 18 1.23675844502327 0.4244504944209642
2.25 2.5 18 19 17.91209484203341 0.3953120301252674
2.25 2.5 19 20 30.70271109205032 0.3688973844373408
2.25 2.5 20 21 40.45558817378117 0.3448729582075739
2.25 2.5 21 22 47.82028191805875 0.3229554274992616
2.25 2.5 22 23 53.29919688322923 0.3029029140338532
2.25 2.5 23 24 57.28389724094097 0.284507884370056
2.25 2.5 24 25 60.08165211181802 0.267591416277174
2.25 2.5 25 26 61.93505904597566 0.2519985464467825
2.25 2.5 26 27 63.03670022840652 0.2375944773150991
2.25 2.5 27 28 63.54019278555995 0.2242614682824083
2.25 2.5 28 29 63.56859348185992 0.2118962740744643
2.25 2.5 29 30 63.22084293416623 0.20040802461106
2.25 2.5 30 31 62.57674370854613 0.1897164598954119
2.25 2.5 31 32 61.70083252711476 0.1797504549237434
2.25 2.5 32 33 60.64541161922807 0.1704467803952006
2.25 2.5 33 34 59.45293597424393 0.1617490574296822
2.25 2.5 34 35 58.15790377003566 0.1536068712328436
2.25 2.5 35 36 56.78836108310901 0.1459750184349048
2.25 2.5 36 37 55.36710529454655 0.1388128626490075
2.25 2.5 37 38 53.91265182746196 0.1320837836677252
2.25 2.5 38 39 52.44001396214549 0.1257547020792604
2.25 2.5 39 40 50.96133425490962 0.1197956705019108
2.25 2.5 40 41 49.48639770994413 0.1141795181745008
2.25 2.5 41 42 48.02305010502974 0.1088815432537068
2.25 2.5 42 43 46.57754014538887 0.1038792440343805
2.25 2.5 43 44 45.15480005664085 0.09915208457095738
2.25 2.5 44 45 43.75867629333709 0.094681288906123
2.25 2.5 45 46 42.39108086044882 0.09077139222362723
2.25 2.5 46 47 41.05617683131663 0.08861148415046081
2.25 2.5 47 48 39.75452249709278 0.08833974484193947
2.25 2.5 48 49 38.48722487680155 0.08980756597532163
2.25 2.5 49 50 37.25478357656453 0.09329963226889107
2.5 2.75 0 1 2750.602870432336 2.565292314438338
2.5 2.75 1 2 -4283.349150962623 1.100214339081767
2.5 2.75 2 3 -5415.123328268798 2.411808827259499
2.5 2.75 3 4 -3936.315840996062 2.442542584050721
2.5 2.75 4 5 -2740.429017593485 2.193018503415387
2.5 2.75 5 6 -1912.304669005941 1.930687916703625
2.5 2.75 6 7 -1347.253213020528 1.699978247161293
2.5 2.75 7 8 -957.3647488412885 1.504428975573475
2.5 2.75 8 9 -683.7064544339005 1.339797833969049
2.5 2.75 9 10 -488.263568206291 1.200122930429049
2.5 2.75 10 11 -346.4036257937294 1.081513190490518
2.5 2.75 11 12 -242.0611379108595 0.9795295082648944
2.5 2.75 12 13 -164.4297269360072 0.8912840088822834
2.5 2.75 13 14 -106.1458132636349 0.8143722379497425
2.5 2.75 14 15 -62.08606013520307 0.7468893618227344
2.5 2.75 15 16 -28.6217675171124 0.6873159429121637
2.5 2.75 16 17 -3.140764885916269 0.6344300367766352
2.5 2.75 17 18 16.26513801564101 0.5872405609510541
2.5 2.75 18 19 31.00836992252016 0.5449369114811146
2.5 2.75 19 20 42.14682906638154 0.5068507335371552
2.5 2.75 20 21 50.48130312404191 0.4724267330966924
2.5 2.75 21 22 56.623725121495 0.4412002221718186
2.5 2.75 22 23 61.04568923367754 0.4127797051869764
2.5 2.75 23 24 64.11339505545368 0.3868332636942036
2.5 2.75 24 25 66.11312521297725 0.3630778254774991
2.5 2.75 25 26 67.27003001176024 0.3412706410830461
2.5 2.75 26 27 67.76212085535997 0.3212024622837685
2.5 2.75 27 28 67.73079387488747 0.3026920448560509
2.5 2.75 28 29 67.28881376767089 0.2855816865110765
2.5 2.75 29 30 66.52641990124675 0.2697335839268871
2.5 2.75 30 31 65.51603137009255 0.2550268382050458
2.5 2.75 31 32 64.31589761808027 0.2413549804571203
2.5 2.75 32 33 62.97294911777124 0.2286239152569956
2.5 2.75 33 34 61.52503664849178 0.2167502027417602
2.5 2.75 34 35 60.00270000921313 0.2056596162900775
2.5 2.75 35 36 58.43057220600241 0.195285926243771
2.5 2.75 36 37 56.82849951414039 0.1855698693148219
2.5 2.75 37 38 55.21243885878505 0.1764582718574279
2.5 2.75 38 39 53.59517970487241 0.1679033010068121
2.5 2.75 39 40 51.98692694030359 0.1598618225841262
2.5 2.75 40 41 50.39577323409165 0.1522948484817358
2.5 2.75 41 42 48.82808295150028 0.1451670595777138
2.5 2.75 42 43 47.28880518945815 0.1384463920534569
2.5 2.75 43 44 45.78172967227837 0.1321036784000606
2.5 2.75 44 45 44.30969644628482 0.1261123338379218
2.5 2.75 45 46 42.87376487874917 0.1206728601254999
2.5 2.75 46 47 41.47724283084204 0.1166103799015497
2.5 2.75 47 48 40.12002907840059 0.1140413277924686
2.5 2.75 48 49 38.80261407704904 0.1129095552165531
2.5 2.75 49 50 37.5249479269867 0.1123978832300307
2.75 3 0 1 2130.791783414982 2.174414344886832
2.75 3 1 2 -4722.770039456919 3.567899233215479
2.75 3 2 3 -5304.167146037585 5.586462186627415
2.75 3 3 4 -3763.891488398898 4.884076427088281
2.75 3 4 5 -2579.434010354127 4.105460805914111
2.75 3 5 6 -1775.282472179026 3.467178015171535
2.75 3 6 7 -1233.535020664072 2.961834313806884
2.75 3 7 8 -863.5150682068825 2.55963151009768
2.75 3 8 9 -606.1224451817652 2.235192020467226
2.75 3 9 10 -423.8722001165602 1.969948974718364
2.75 3 10 11 -292.7598824056122 1.749167686746862
2.75 3 11 12 -197.0749182260756 1.564338742376351
2.75 3 12 13 -126.545868412524 1.407184619263206
2.75 3 13 14 -74.10185949297966 1.272428580441974
2.75 3 14 15 -34.8734896093697 1.155881935119188
2.75 3 15 16 -5.429954113210442 1.054310673881131
2.75 3 16 17 16.68615465463495 0.965183667893203
2.75 3 17 18 33.26131642560586 0.8864949936554241
2.75 3 18 19 45.61161724453837 0.8166366800273436
2.75 3 19 20 54.71817193911636 0.7543062239494464
2.75 3 20 21 61.32015712448253 0.6984384300941553
2.75 3 21 22 65.9797433439785 0.6481545123766248
2.75 3 22 23 69.12807931264672 0.6027236173917885
2.75 3 23 24 71.09829580269252 0.5615334033778949
2.75 3 24 25 72.14948583750379 0.5240673037723645
2.75 3 25 26 72.48432575687787 0.4898867821345145
2.75 3 26 27 72.26215826607279 0.458617354572352
2.75 3 27 28 71.60879907226058 0.4299374849983519
2.75 3 28 29 70.62395242368922 0.403569692144879
2.75 3 29 30 69.3868640302199 0.3792733740569674
2.75 3 30 31 67.96066264321746 0.3568389777390115
2.75 3 31 32 66.3957175510053 0.3360832306113126
2.75 3 32 33 64.73225163708474 0.316845216360543
2.75 3 33 34 63.00238708250379 0.2989831264677996
2.75 3 34 35 61.23175565048439 0.2823715568547077
2.75 3 35 36 59.44077263304575 0.2668992461022794
2.75 3 36 37 57.6456493984893 0.2524671738560104
2.75 3 37 38 55.8592016574363 0.2389869554202779
2.75 3 38 39 54.09149721280468 0.2263794789390993
2.75 3 39 40 52.35037693125679 0.2145737455473918
2.75 3 40 41 50.64187522415176 0.2035058767631606
2.75 3 41 42 48.97056034927621 0.1931182628374864
2.75 3 42 43 47.33981066025459 0.1833588289564029
2.75 3 43 44 45.75203938188625 0.174180401067598
2.75 3 44 45 44.20887790000421 0.1655401555970701
2.75 3 45 46 42.71036659919722 0.1575572599056671
2.75 3 46 47 41.25878731310482 0.1507976584675854
2.75 3 47 48 39.85325684026083 0.145343903054735
2.75 3 48 49 38.49353522452728 0.1411708786666487
2.75 3 49 50 37.17892297070367 0.1377019389646494
3 3.25 0 1 1450.314722334394 1.361819266420274
3 3.25 1 2 -5093.90702118452 8.457528983709397
3 3.25 2 3 -5083.279759938145 9.55788252963921
3 3.25 3 4 -3503.456396143222 7.906641820974819
3 3.25 4 5 -2352.706788432935 6.471386248152881
3 3.25 5 6 -1589.754438829847 5.372795288198984
3 3.25 6 7 -1083.925158992693 4.532783676040209
3 3.25 7 8 -742.9396582187046 3.878961105102227
3 3.25 8 9 -508.5448572858681 3.360040122352345
3 3.25 9 10 -344.4371234575744 2.940399298963341
3 3.25 10 11 -227.7024714602519 2.595732367278667
3 3.25 11 12 -143.541862983737 2.308749262009803
3 3.25 12 13 -82.26727207108411 2.066754149351284
3 3.25 13 14 -37.32695857962585 1.860570327967545
3 3.25 14 15 -4.226958473551349 1.683259916789609
3 3.25 15 16 20.17766177561816 1.529523714037172
3 3.25 16 17 38.12498455200773 1.395252105238326
3 3.25 17 18 51.23179233134863 1.277214029387204
3 3.25 18 19 60.68173700220757 1.172837535366865
3 3.25 19 20 67.35170676111716 1.080052274143499
3 3.25 20 21 71.89818904005006 0.9971746397847342
3 3.25 21 22 74.81725243557128 0.922822783054086
3 3.25 22 23 76.48682629652455 0.8558528802696299
3 3.25 23 24 77.19690816875436 0.7953107497359316
3 3.25 24 25 77.17141499999741 0.7403947003362481
3 3.25 25 26 76.58416987761626 0.6904267040565851
3 3.25 26 27 75.57072046660153 0.6448298095060285
3 3.25 27 28 74.23715968972272 0.6031102853860878
3 3.25 28 29 72.6667670414285 0.5648433843584312
3 3.25 29 30 70.92504942815663 0.529661904847479
3 3.25 30 31 69.06359575883806 0.4972469334812446
3 3.25 31 32 67.12304464646786 0.4673203013613803
3 3.25 32 33 65.135383698505 0.4396383971592323
3 3.25 33 34 63.12574129659032 0.4139870631120552
3 3.25 34 35 61.1137903520501 0.3901773597977371
3 3.25 35 36 59.1148534686746 0.36804203355334
3 3.25 36 37 57.14077692759946 0.3474325551571063
3 3.25 37 38 55.20062471722571 0.3282166251771991
3 3.25 38 39 53.30123171404281 0.3102760634051699
3 3.25 39 40 51.44764607014966 0.2935050153879471
3 3.25 40 41 49.64348414219728 0.2778084223375661
3 3.25 41 42 47.89121593516148 0.2631007106245207
3 3.25 42 43 46.19239527109212 0.2493046653143445
3 3.25 43 44 44.54784574919961 0.2363504585114612
3 3.25 44 45 42.95781122852145 0.2241748082380677
3 3.25 45 46 41.42118025350987 0.2128259942002039
3 3.25 46 47 39.93904717667812 0.2026549655060071
3 3.25 47 48 38.50965976679842 0.1936957997297113
3 3.25 48 49 37.13196086636954 0.185918746805543
3 3.25 49 50 35.80452847476818 0.1789255644858417
3.25 3.5 0 1 734.3994929274131 0.4584303758894597
3.25 3.5 1 2 -5280.568802438518 18.8317489581817
3.25 3.5 2 3 -4681.50235507147 15.43349369418672
3.25 3.5 3 4 -3113.797384223895 11.77764683002927
3.25 3.5 4 5 -2036.450635394283 9.239473059540936
3.25 3.5 5 6 -1342.304426592228 7.456666395662357
3.25 3.5 6 7 -891.308053751899 6.157929030942938
3.25 3.5 7 8 -592.4125509930643 5.179363126550888
3.25 3.5 8 9 -390.1621619008965 4.421056867991372
3.25 3.5 9 10 -250.7104654930097 3.819420066810749
3.25 3.5 10 11 -152.9639874276049 3.332873138056723
3.25 3.5 11 12 -83.69556678000322 2.933040956204993
3.25 3.5 12 13 -34.22200767379491 2.599758205299881
3.25 3.5 13 14 1.362175916774504 2.31870076598308
3.25 3.5 14 15 26.95460459782362 2.079227668746236
3.25 3.5 15 16 45.2910214545235 1.873343131854704
3.25 3.5 16 17 58.30180028188568 1.694927000449842
3.25 3.5 17 18 67.36979653810022 1.539222258508025
3.25 3.5 18 19 73.49896072004196 1.402480508550306
3.25 3.5 19 20 77.42677365209079 1.281711726088067
3.25 3.5 20 21 79.70058053298442 1.174504385305759
3.25 3.5 21 22 80.730274655426 1.078894034525602
3.25 3.5 22 23 80.82520837067932 0.9932658367348166
3.25 3.5 23 24 80.2204099045361 0.9162813165543776
3.25 3.5 24 25 79.09543848087293 0.8468226185776332
3.25 3.5 25 26 77.58810033475243 0.7839496093322663
3.25 3.5 26 27 75.80453078693836 0.7268665188309664
3.25 3.5 27 28 73.82667603637958 0.6748957503317803
3.25 3.5 28 29 71.71789394755547 0.6274571346764983
3.25 3.5 29 30 69.52718028070012 0.5840513614965108
3.25 3.5 30 31 67.29238113037951 0.5442466443160948
3.25 3.5 31 32 65.0426511426092 0.5076679115372353
3.25 3.5 32 33 62.80034612299198 0.4739879858103369
3.25 3.5 33 34 60.58248833996154 0.4429203409721237
3.25 3.5 34 35 58.40190678019101 0.4142131191444479
3.25 3.5 35 36 56.2681285650377 0.3876441613909972
3.25 3.5 36 37 54.18807872222845 0.3630168586102053
3.25 3.5 37 38 52.16663157975194 0.3401566701536235
3.25 3.5 38 39 50.20704666853217 0.318908189162559
3.25 3.5 39 40 48.31131429598389 0.2991326576202462
3.25 3.5 40 41 46.48043023512633 0.280705853740445
3.25 3.5 41 42 44.71461444402266 0.2635162883247875
3.25 3.5 42 43 43.01348553570185 0.2474636595499869
3.25 3.5 43 44 41.37620010634694 0.2324575238224072
3.25 3.5 44 45 39.80156404641951 0.2184161493243862
3.25 3.5 45 46 38.28731373630283 0.2053605590971137
3.25 3.5 46 47 36.83328652531161 0.19359106901762
3.25 3.5 47 48 35.43689321703684 0.183131978319363
3.25 3.5 48 49 34.09627383501389 0.1739530545544653
3.25 3.5 49 50 32.80930768488243 0.1656880847947116
3.5 3.75 0 1 64.87392356943889 1.768374482604587
3.5 3.75 1 2 -5092.799060973742 25.35001049299105
3.5 3.75 2 3 -4017.099793931765 17.30550971989803
3.5 3.75 3 4 -2561.13299435454 12.41307121822123
3.5 3.75 4 5 -1619.573820138487 9.399145140214483
3.5 3.75 5 6 -1032.720484255157 7.400702971741053
3.5 3.75 6 7 -660.6734736891194 5.996110691779371
3.5 3.75 7 8 -419.2919756617396 4.964325340266157
3.5 3.75 8 9 -259.2444000591202 4.180020100997123
3.5 3.75 9 10 -151.142295168748 3.567670029607748
3.5 3.75 10 11 -77.03840319286246 3.079040615607544
3.5 3.75 11 12 -25.5535184424059 2.680218083133051
3.5 3.75 12 13 10.34191534391334 2.354488165873951
3.5 3.75 13 14 35.36148483003217 2.080777092874406
3.5 3.75 14 15 52.31555546230504 1.848540067860153
3.5 3.75 15 16 64.04018829845177 1.651063033086079
3.5 3.75 16 17 71.80403121188317 1.481148201098718
3.5 3.75 17 18 76.68842369491426 1.333854932132559
3.5 3.75 18 19 79.46968952304348 1.205322038228102
3.5 3.75 19 20 80.71156489899192 1.092492418248437
3.5 3.75 20 21 80.82743871085808 0.9929172188801146
3.5 3.75 21 22 80.12297314923353 0.9046140927715083
3.5 3.75 22 23 78.82573718707675 0.825962979772408
3.5 3.75 23 24 77.10609706071108 0.7556283758448757
3.5 3.75 24 25 75.09212925903381 0.6925006003763553
3.5 3.75 25 26 72.88038835931866 0.6356508888958473
3.5 3.75 26 27 70.54376280918228 0.5842966814783161
3.5 3.75 27 28 68.13726034556589 0.5377745221567577
3.5 3.75 28 29 65.7023053021569 0.4955187040701296
3.5 3.75 29 30 63.26995541858139 0.4570442974680043
3.5 3.75 30 31 60.86332686110472 0.4219335535051392
3.5 3.75 31 32 58.49943401665524 0.3898249313066057
3.5 3.75 32 33 56.19059331355385 0.360404180813519
3.5 3.75 33 34 53.94549989483363 0.3333970492911905
3.5 3.75 34 35 51.77005715928871 0.3085632795311798
3.5 3.75 35 36 49.66801845423632 0.2856916428951104
3.5 3.75 36 37 47.64148516362587 0.2645958067179102
3.5 3.75 37 38 45.69129446002935 0.2451108784794325
3.5 3.75 38 39 43.81732185874944 0.227090502298929
3.5 3.75 39 40 42.01871768769766 0.2104044084801
3.5 3.75 40 41 40.29409215559292 0.1949363366979249
3.5 3.75 41 42 38.64166020248616 0.1805822689353699
3.5 3.75 42 43 37.05935486306996 0.1672489201974593
3.5 3.75 43 44 35.5449158882146 0.1548524453940002
3.5 3.75 44 45 34.09595885180013 0.143317327052969
3.5 3.75 45 46 32.70935085445159 0.1326922821464938
3.5 3.75 46 47 31.38382922480857 0.1233778675384214
3.5 3.75 47 48 30.11623794260046 0.1154458212404439
3.5 3.75 48 49 28.90413533531296 0.1088958617931401
3.5 3.75 49 50 27.74491929087831 0.1033020415936261
3.75 4 0 1 -442.0686747891202 2.014026979452057
3.75 4 1 2 -4379.409257200067 29.97388639966815
3.75 4 2 3 -3064.517645106106 14.5291855846
3.75 4 3 4 -1852.618475687303 8.755651482399685
3.75 4 4 5 -1119.300111231447 5.86018416095563
3.75 4 5 6 -680.4924475439032 4.174357701253655
3.75 4 6 7 -410.8957714155624 3.098015245286791
3.75 4 7 8 -240.8097021893097 2.366200850602535
3.75 4 8 9 -131.0672363790477 1.845644564003705
3.75 4 9 10 -59.04333661766577 1.462491389883352
3.75 4 10 11 -11.21106144273688 1.172409146694678
3.75 4 11 12 20.72049040529396 0.9470374275706832
3.75 4 12 13 41.97637239459698 0.7706490628049836
3.75 4 13 14 55.94517864443765 0.6309658519089351
3.75 4 14 15 64.88612511077088 0.5197180900097258
3.75 4 15 16 70.30482109042373 0.4278690883615578
3.75 4 16 17 73.25102609952489 0.3538751948281146
3.75 4 17 18 74.45132552532516 0.2938389372688693
3.75 4 18 19 74.42015990276758 0.2454275462323215
3.75 4 19 20 73.52482114146449 0.2127626182544315
3.75 4 20 21 72.02979009845018 0.1976972323740006
3.75 4 21 22 70.12678727854239 0.1840050990993891
3.75 4 22 23 67.95545586611138 0.1715238500216603
3.75 4 23 24 65.6177959087193 0.1601148085150434
3.75 4 24 25 63.18836413695414 0.1496589265428261
3.75 4 25 26 60.72156303198108 0.1400535112338964
3.75 4 26 27 58.25690270649574 0.1312095719478353
3.75 4 27 28 55.82283397728636 0.1230496581152883
3.75 4 28 29 53.43956339053759 0.1245708159061595
3.75 4 29 30 51.1211355663618 0.1271591801449723
3.75 4 30 31 48.87698346445535 0.1298215657161043
3.75 4 31 32 46.71308900613943 0.1323788160149505
3.75 4 32 33 44.63285618422498 0.134725240176181
3.75 4 33 34 42.63777055746242 0.1368035922553062
3.75 4 34 35 40.7278990334442 0.1385878873208386
3.75 4 35 36 38.90226955867084 0.1400719113422441
3.75 4 36 37 37.15916004010944 0.1412616469936325
3.75 4 37 38 35.49631836173802 0.1421703216913846
3.75 4 38 39 33.9111298706819 0.1428151902831376
3.75 4 39 40 32.40074466984261 0.1432154598763557
3.75 4 40 41 30.9621741087829 0.143390965757057
3.75 4 41 42 29.59236354852779 0.1433613418311096
3.75 4 42 43 28.28824686811582 0.1431455158231733
3.75 4 43 44 27.0467869015099 0.1427614187960151
3.75 4 44 45 25.86500499468605 0.1422258337122161
3.75 4 45 46 24.73949602243302 0.1416306798770886
3.75 4 46 47 23.66833362729869 0.1412543997947991
3.75 4 47 48 22.64831831663498 0.1411111767135532
3.75 4 48 49 21.67687354132367 0.1411707236053693
3.75 4 49 50 20.7513420108591 0.1412060512362217
4 5 0 1 -1209.484144351568 3.454056719772258
4 5 1 2 -4897.026582898987 9.594961035906502
4 5 2 3 -2823.434213032701 6.38262629541136
4 5 3 4 -1492.177430469673 4.70274989443153
4 5 4 5 -782.6166578892239 3.508199997542846
4 5 5 6 -398.6360071655342 2.657317133835204
4 5 6 7 -182.3338427499746 2.09934688857595
4 5 7 8 -56.96900980750979 1.720776460088697
4 5 8 9 16.82545280254476 1.446042569416781
4 5 9 10 60.32933188240861 1.235279160525449
4 5 10 11 85.50094978728669 1.070186821139293
4 5 11 12 99.36184760683648 0.9386814307676493
4 5 12 13 106.1405246426095 0.8301906179496034
4 5 13 14 108.4291763887406 0.7385952095990326
4 5 14 15 107.8617680622767 0.6612834979379025
4 5 15 16 105.4984588193029 0.5959462379707425
4 5 16 17 102.0362801531159 0.5398867390538424
4 5 17 18 97.93376465330135 0.4908942716519379
4 5 18 19 93.49281266108557 0.4476506890416206
4 5 19 20 88.91327768471808 0.4093990631940839
4 5 20 21 84.3278522784824 0.3755253695019815
4 5 21 22 79.82388374302315 0.3454106637970084
4 5 22 23 75.45743566101697 0.3184725823127956
4 5 23 24 71.26286184732945 0.2942279641852797
4 5 24 25 67.2595533520649 0.2723057366859127
4 5 25 26 63.45670329886255 0.2524213154876902
4 5 26 27 59.85662542705649 0.2343437866201861
4 5 27 28 56.4570383131591 0.2178736968126619
4 5 28 29 53.25263593068655 0.2028333474119632
4 5 29 30 50.23617647510333 0.1890644248156065
4 5 30 31 47.39924544555582 0.1764278207503892
4 5 31 32 44.73279378818901 0.1648029592402539
4 5 32 33 42.22751652207903 0.154086046292988
4 5 33 34 39.87411597413042 0.1441876543568467
4 5 34 35 37.66348088262778 0.1350302224579375
4 5 35 36 35.58680430154628 0.1265458637809744
4 5 36 37 33.63565738448297 0.1186746246900407
4 5 37 38 31.80203173932851 0.1113631765218481
4 5 38 39 30.07835968163211 0.1045638462139894
4 5 39 40 28.45751914909592 0.09823388278828307
4 5 40 41 26.93282818779707 0.09233487647968723
4 5 41 42 25.49803245608884 0.08683227494819362
4 5 42 43 24.14728823715883 0.08169496294885981
4 5 43 44 22.87514274390994 0.07689488959020885
4 5 44 45 21.67651293057313 0.07240673355129876
4 5 45 46 20.54616468437847 0.06862897035944525
4 5 46 47 19.4803263328017 0.06709036885898172
4 5 47 48 18.47443769476438 0.06782964873426782
4 5 48 49 17.52472515763974 0.07042705448465277
4 5 49 50 16.62725827308013 0.07353804614271199
-5 5 0 50 -548767.6055501041 97.19385630283873
