#ylo yhi qTlo qThi PDF0  uncertainty
-5 -4 0 1 -1205.938828079254 3.652239468104268
-5 -4 1 2 -4874.973425052295 10.40127880086442
-5 -4 2 3 -2793.30597354882 6.671240376381748
-5 -4 3 4 -1464.142184943567 4.750628746870939
-5 -4 4 5 -759.7205930703176 3.481178008307656
-5 -4 5 6 -380.8459451233925 2.64291221291663
-5 -4 6 7 -168.7356851051811 2.106119031330881
-5 -4 7 8 -46.61826300025882 1.739484830177391
-5 -4 8 9 24.70246169615439 1.467970594636603
-5 -4 9 10 66.32579859783368 1.255994407382258
-5 -4 10 11 90.05965278106703 1.089115116591941
-5 -4 11 12 102.8123172075101 0.9559169233142979
-5 -4 12 13 108.727625116926 0.8447335934108121
-5 -4 13 14 110.3373068522288 0.749708815962449
-5 -4 14 15 109.2324527660271 0.6694210556172674
-5 -4 15 16 106.4404545077326 0.6015438170368819
-5 -4 16 17 102.6343359065128 0.5432284199279726
-5 -4 17 18 98.25457921332566 0.4921541903202243
-5 -4 18 19 93.58935693187266 0.4470094918791584
-5 -4 19 20 88.82796224604721 0.4070746119765926
-5 -4 20 21 84.09487667847702 0.3717439320928413
-5 -4 21 22 79.47100185487835 0.3403774093359617
-5 -4 22 23 75.00729841790931 0.3123626196910823
-5 -4 23 24 70.7340491407036 0.2871910766942725
-5 -4 24 25 66.6673741673967 0.2644736737539339
-5 -4 25 26 62.8138212695531 0.2439124193557003
-5 -4 26 27 59.17355177737335 0.2252648063820481
-5 -4 27 28 55.74252325592377 0.2083203115067232
-5 -4 28 29 52.51398164862397 0.1928905898855685
-5 -4 29 30 49.47948902651554 0.1788074433175066
-5 -4 30 31 46.62963871163549 0.1659229324649822
-5 -4 31 32 43.95455547973054 0.1541087987656647
-5 -4 32 33 41.44424397292879 0.1432546480811877
-5 -4 33 34 39.08882773160704 0.1332653900180795
-5 -4 34 35 36.87870880490397 0.1240585828821233
-5 -4 35 36 34.80466987525915 0.1155621059800854
-5 -4 36 37 32.85793520859978 0.1077123157303612
-5 -4 37 38 31.03020252326192 0.1004526606886351
-5 -4 38 39 29.31365463867745 0.09373265556553056
-5 -4 39 40 27.70095730030022 0.0875071037603511
-5 -4 40 41 26.18524780211476 0.0817354797741439
-5 -4 41 42 24.76011762196545 0.07638141382707835
-5 -4 42 43 23.41959137972772 0.07141224289871131
-5 -4 43 44 22.1581037515204 0.06679861117804017
-5 -4 44 45 20.9704754414235 0.0625141108686304
-5 -4 45 46 19.85139384550043 0.05897478784997034
-5 -4 46 47 18.79702375888292 0.05776490196229654
-5 -4 47 48 17.80274691676371 0.0588842577278518
-5 -4 48 49 16.86473679528847 0.06253502280539742
-5 -4 49 50 15.97903283007701 0.0669253867142916
-4 -3.75 0 1 -435.6798886553115 2.032893246354136
-4 -3.75 1 2 -4358.271073358585 29.81178688844521
-4 -3.75 2 3 -3036.854564609766 14.3341462782093
-4 -3.75 3 4 -1833.405736403116 8.592081879416083
-4 -3.75 4 5 -1107.324109882404 5.725573651194233
-4 -3.75 5 6 -673.1964132442665 4.062357580911795
-4 -3.75 6 7 -406.5953169403895 3.003511054627439
-4 -3.75 7 8 -238.4664958820119 2.285487802564711
-4 -3.75 8 9 -130.0003574711686 1.77545263361767
-4 -3.75 9 10 -58.7897352663947 1.400538224408943
-4 -3.75 10 11 -11.57038209855239 1.120667684139163
-4 -3.75 11 12 19.93851042126255 0.90467603806018
-4 -3.75 12 13 40.98853478054843 0.7215921640314914
-4 -3.75 13 14 54.82287027483198 0.5992339946363291
-4 -3.75 14 15 63.58537856110649 0.4868134908848318
-4 -3.75 15 16 68.93022899783466 0.3996875337655252
-4 -3.75 16 17 71.83239695301842 0.3294759979884734
-4 -3.75 17 18 73.01146652587403 0.2731186764468131
-4 -3.75 18 19 72.97574024449119 0.2292952774974449
-4 -3.75 19 20 72.08803990530129 0.2125950837470366
-4 -3.75 20 21 70.60955203960953 0.1974711721986319
-4 -3.75 21 22 68.72954505521972 0.1837303109749406
-4 -3.75 22 23 66.58582208394012 0.1712084572892809
-4 -3.75 23 24 64.27899362864918 0.1597655872541618
-4 -3.75 24 25 61.88256224768472 0.1492815600874809
-4 -3.75 25 26 59.4501283832866 0.1396527904646432
-4 -3.75 26 27 57.02059128247637 0.1307895536723034
-4 -3.75 27 28 54.62193690415461 0.1302673841407808
-4 -3.75 28 29 52.27401912915826 0.1329497238487803
-4 -3.75 29 30 49.99061655262253 0.1357303185176422
-4 -3.75 30 31 47.78096328182147 0.138404667627003
-4 -3.75 31 32 45.65089461668103 0.1408533999532374
-4 -3.75 32 33 43.60370862085855 0.1430127341424859
-4 -3.75 33 34 41.64081665420335 0.1448543708874273
-4 -3.75 34 35 39.76223616361379 0.1463721824507229
-4 -3.75 35 36 37.96696489384597 0.1475735314682008
-4 -3.75 36 37 36.25326550364568 0.1484736570929802
-4 -3.75 37 38 34.61888218698753 0.1490920692227783
-4 -3.75 38 39 33.06120547918833 0.1494502507185644
-4 -3.75 39 40 31.57739742888538 0.1495702114413455
-4 -3.75 40 41 30.16448641020445 0.1494735966822558
-4 -3.75 41 42 28.81943855915326 0.1491811564742418
-4 -3.75 42 43 27.53921122883952 0.1487124493155245
-4 -3.75 43 44 26.32079259522044 0.1480856974971801
-4 -3.75 44 45 25.16123056028475 0.1473177390198852
-4 -3.75 45 46 24.05715249610601 0.1464953448305256
-4 -3.75 46 47 23.00666014384365 0.1458793487552401
-4 -3.75 47 48 22.00658568946117 0.1454834154487158
-4 -3.75 48 49 21.05437894350349 0.145279325380199
-4 -3.75 49 50 20.14742193087849 0.1450546093385036
-3.75 -3.5 0 1 62.98802963586132 1.789006950178818
-3.75 -3.5 1 2 -5092.19686880851 25.5867956375764
-3.75 -3.5 2 3 -3999.699150291692 17.36633770377735
-3.75 -3.5 3 4 -2546.258436914691 12.42812539187555
-3.75 -3.5 4 5 -1609.038800325546 9.397160640653533
-3.75 -3.5 5 6 -1025.516850146651 7.391325514636843
-3.75 -3.5 6 7 -655.8350979610266 5.983351162501076
-3.75 -3.5 7 8 -416.1082666648344 4.950043087935153
-3.75 -3.5 8 9 -257.2160275687261 4.165209277291283
-3.75 -3.5 9 10 -149.9212449053841 3.552894520191253
-3.75 -3.5 10 11 -76.37741490959024 3.064554490092518
-3.75 -3.5 11 12 -25.27577492940281 2.667145549857008
-3.75 -3.5 12 13 10.18407762948323 2.339973882391852
-3.75 -3.5 13 14 34.70009058894732 2.066736563155656
-3.75 -3.5 14 15 51.73573595072264 1.835796068751494
-3.75 -3.5 15 16 63.33019244508353 1.638828764023722
-3.75 -3.5 16 17 70.99849168382093 1.469411116708802
-3.75 -3.5 17 18 75.81382637596187 1.322597622765503
-3.75 -3.5 18 19 78.54646236753126 1.194524549771513
-3.75 -3.5 19 20 79.75556625375248 1.082133698764655
-3.75 -3.5 20 21 79.85103664679281 0.9829760188155758
-3.75 -3.5 21 22 79.13584108363983 0.8950695187849578
-3.75 -3.5 22 23 77.83544910992532 0.8167948264354913
-3.75 -3.5 23 24 76.1185787468259 0.7468173145406217
-3.75 -3.5 24 25 74.11200429788215 0.6840282755233758
-3.75 -3.5 25 26 71.91124621831557 0.6274999549779606
-3.75 -3.5 26 27 69.58836832376051 0.5764508021697744
-3.75 -3.5 27 28 67.19771867542801 0.5302183458654958
-3.75 -3.5 28 29 64.78019266597852 0.4882378254147183
-3.75 -3.5 29 30 62.36642328484845 0.4500252108085017
-3.75 -3.5 30 31 59.97918537871874 0.4151636028386614
-3.75 -3.5 31 32 57.63521909312269 0.3832922589847871
-3.75 -3.5 32 33 55.34662072954245 0.3540976771153437
-3.75 -3.5 33 34 53.12190908684664 0.3273063037132664
-3.75 -3.5 34 35 50.96684672595441 0.3026785346182046
-3.75 -3.5 35 36 48.88507500692933 0.2800037509125558
-3.75 -3.5 36 37 46.87860680315472 0.2590961894548683
-3.75 -3.5 37 38 44.94820990165616 0.2397914900610918
-3.75 -3.5 38 39 43.09370602214938 0.2219437952514358
-3.75 -3.5 39 40 41.31420440804123 0.2054233028878438
-3.75 -3.5 40 41 39.60828454682996 0.1901141923178928
-3.75 -3.5 41 42 37.97413909975113 0.1759128603950238
-3.75 -3.5 42 43 36.40968569164691 0.1627264151471755
-3.75 -3.5 43 44 34.9126542437222 0.1504713856409688
-3.75 -3.5 44 45 33.48065502046627 0.1390726128080129
-3.75 -3.5 45 46 32.11055694145142 0.1285800831131677
-3.75 -3.5 46 47 30.80110113711426 0.1193986883826988
-3.75 -3.5 47 48 29.54913772283318 0.1116018142140322
-3.75 -3.5 48 49 28.35222974496936 0.105189375358521
-3.75 -3.5 49 50 27.20779287690253 0.09973089515167102
-3.5 -3.25 0 1 727.1074236346367 0.4575244534166478
-3.5 -3.25 1 2 -5297.980588640405 19.14953396047397
-3.5 -3.25 2 3 -4675.882742950671 15.60042335499134
-3.5 -3.25 3 4 -3105.234075863617 11.88333674975941
-3.5 -3.25 4 5 -2029.030384695033 9.312919287213761
-3.5 -3.25 5 6 -1336.475463520607 7.510611376689464
-3.5 -3.25 6 7 -886.8826056845223 6.199034247347928
-3.5 -3.25 7 8 -589.1043416933312 5.211509449449501
-3.5 -3.25 8 9 -387.7117843642909 4.446641116786779
-3.5 -3.25 9 10 -248.9100162872089 3.840124718734502
-3.5 -3.25 10 11 -151.7090691044548 3.349903847859868
-3.5 -3.25 11 12 -82.86249430580392 2.947016563343583
-3.5 -3.25 12 13 -33.67411791981681 2.611360649412731
-3.5 -3.25 13 14 1.661552676629981 2.328372246716647
-3.5 -3.25 14 15 27.05646833527544 2.087312470962148
-3.5 -3.25 15 16 45.23539371346567 1.880110640601716
-3.5 -3.25 16 17 58.12042367345407 1.700591089801348
-3.5 -3.25 17 18 67.08807573415311 1.543954907045603
-3.5 -3.25 18 19 73.13737946598155 1.406421567137115
-3.5 -3.25 19 20 77.00194676042861 1.284976058222796
-3.5 -3.25 20 21 79.22604805465517 1.177187174715534
-3.5 -3.25 21 22 80.21711084635103 1.081074789443476
-3.5 -3.25 22 23 80.28249518963491 0.9950114519122388
-3.5 -3.25 23 24 79.65560963788943 0.9176484429795749
-3.5 -3.25 24 25 78.51468998903675 0.8478595178528332
-3.5 -3.25 25 26 76.99645659095631 0.7846976194058858
-3.5 -3.25 26 27 75.20615069666053 0.7273612232260451
-3.5 -3.25 27 28 73.22498024909459 0.6751679187347835
-3.5 -3.25 28 29 71.11569204053717 0.6275334856679718
-3.5 -3.25 29 30 68.92677500262886 0.5839551853329702
-3.5 -3.25 30 31 66.69565413819038 0.5439983151274564
-3.5 -3.25 31 32 64.45113372867439 0.5072853109387023
-3.5 -3.25 32 33 62.21527771166001 0.4734868555462925
-3.5 -3.25 33 34 60.00486497749094 0.4423145779125707
-3.5 -3.25 34 35 57.83252141464169 0.4135150234191269
-3.5 -3.25 35 36 55.7076045661712 0.3868646460547085
-3.5 -3.25 36 37 53.63689782425246 0.3621656276675743
-3.5 -3.25 37 38 51.62515721252711 0.3392423702530504
-3.5 -3.25 38 39 49.67554346601813 0.3179385395329295
-3.5 -3.25 39 40 47.78996443101462 0.2981145616635257
-3.5 -3.25 40 41 45.9693471165719 0.2796454952375446
-3.5 -3.25 41 42 44.21385421328569 0.2624192147192247
-3.5 -3.25 42 43 42.523056730804 0.2463348542694097
-3.5 -3.25 43 44 40.89607179132736 0.2313014692101887
-3.5 -3.25 44 45 39.331672659031 0.2172368815422541
-3.5 -3.25 45 46 37.8275702058563 0.2041607800434254
-3.5 -3.25 46 47 36.38358490828921 0.1923693044805725
-3.5 -3.25 47 48 34.99711020979142 0.1818849147969792
-3.5 -3.25 48 49 33.66627111623755 0.1726759277054312
-3.5 -3.25 49 50 32.38894430959736 0.1643780154837967
-3.25 -3 0 1 1441.206232553173 1.31637118975398
-3.25 -3 1 2 -5122.331357983347 8.773139314626953
-3.25 -3 2 3 -5087.079279234365 9.76163139638401
-3.25 -3 3 4 -3500.859556770209 8.049390817076082
-3.25 -3 4 5 -2348.81102807345 6.577748946982691
-3.25 -3 5 6 -1585.931271578 5.455394331182108
-3.25 -3 6 7 -1080.568261582584 4.598856846735724
-3.25 -3 7 8 -740.1167922263389 3.933000786936811
-3.25 -3 8 9 -506.2144920814994 3.40502788324916
-3.25 -3 9 10 -342.5472157715003 2.978335727860213
-3.25 -3 10 11 -226.1892976151967 2.628077660229491
-3.25 -3 11 12 -142.3287809304879 2.336620553023735
-3.25 -3 12 13 -81.31406190298594 2.090940441375492
-3.25 -3 13 14 -36.59198639373517 1.881696656381378
-3.25 -3 14 15 -3.675348634653346 1.701816627916007
-3.25 -3 15 16 20.57515372805392 1.545901465111666
-3.25 -3 16 17 38.3929374818257 1.409766346222617
-3.25 -3 17 18 51.39091231462965 1.290122514729588
-3.25 -3 18 19 60.74950176501795 1.18435309923406
-3.25 -3 19 20 67.34289115380523 1.090352313943426
-3.25 -3 20 21 71.8252967919932 1.006408266612807
-3.25 -3 21 22 74.69087377871665 0.9311162885574407
-3.25 -3 22 23 76.31593620639899 0.8633139694377757
-3.25 -3 23 24 76.9891163495821 0.8020318556260982
-3.25 -3 24 25 76.93317615706212 0.7464556070646255
-3.25 -3 25 26 76.32096097923289 0.6958966423684668
-3.25 -3 26 27 75.28719037791393 0.6497691455754159
-3.25 -3 27 28 73.93725557651089 0.6075718928068093
-3.25 -3 28 29 72.35384118886748 0.5688737672138583
-3.25 -3 29 30 70.60194952382324 0.5333021233560173
-3.25 -3 30 31 68.7327412078742 0.5005333718371169
-3.25 -3 31 32 66.78649108627741 0.4702853084712524
-3.25 -3 32 33 64.79487754718201 0.4423108244689291
-3.25 -3 33 34 62.78276588678807 0.4163927183103072
-3.25 -3 34 35 60.76960496464534 0.3923393913563958
-3.25 -3 35 36 58.77052637422736 0.3699812586054956
-3.25 -3 36 37 56.79721337616073 0.3491677395447463
-3.25 -3 37 38 54.85859066583825 0.3297647244139684
-3.25 -3 38 39 52.96137396032304 0.3116524302995581
-3.25 -3 39 40 51.11050935413309 0.2947235798121232
-3.25 -3 40 41 49.30952568981274 0.2788818473764424
-3.25 -3 41 42 47.5608178416694 0.264040528691885
-3.25 -3 42 43 45.86587506003224 0.2501213971242252
-3.25 -3 43 44 44.22546538825199 0.2370537174863947
-3.25 -3 44 45 42.63978483976274 0.2247733921880865
-3.25 -3 45 46 41.10768025756164 0.2133266352689328
-3.25 -3 46 47 39.63021763624445 0.2030584648314909
-3.25 -3 47 48 38.20561286094448 0.1940007042940295
-3.25 -3 48 49 36.8327817601384 0.1861220981920398
-3.25 -3 49 50 35.51028638217366 0.1790275841325271
-3 -2.75 0 1 2122.654405480447 2.128729269801042
-3 -2.75 1 2 -4754.85125961013 3.790750571234171
-3 -2.75 2 3 -5313.74257193108 5.759069895507814
-3 -2.75 3 4 -3765.881317991261 5.013488280570445
-3 -2.75 4 5 -2578.776081613027 4.205849214242845
-3 -2.75 5 6 -1773.658808654516 3.547413148430711
-3 -2.75 6 7 -1231.640514372157 3.02750215652258
-3 -2.75 7 8 -861.6416569164021 2.61439663272989
-3 -2.75 8 9 -604.4083178356905 2.281674697844118
-3 -2.75 9 10 -422.3435276217388 2.009366284209156
-3 -2.75 10 11 -291.3720514678951 1.783832998672617
-3 -2.75 11 12 -195.9051886334155 1.594427923944931
-3 -2.75 12 13 -125.5479803441638 1.433669947248315
-3 -2.75 13 14 -73.25984820649819 1.295890204075153
-3 -2.75 14 15 -34.17089509337734 1.176779905261795
-3 -2.75 15 16 -4.850849318236214 1.073015052781408
-3 -2.75 16 17 17.15665489738922 0.9819958920653116
-3 -2.75 17 18 33.63682517490633 0.9016633444400369
-3 -2.75 18 19 45.90440122623113 0.8303676929652258
-3 -2.75 19 20 54.93916680310758 0.766773241352796
-3 -2.75 20 21 61.47903370287713 0.7097881060790769
-3 -2.75 21 22 66.08500142788944 0.6585118266028067
-3 -2.75 22 23 69.18715414333872 0.6121957849957694
-3 -2.75 23 24 71.11766786246721 0.5702129579011178
-3 -2.75 24 25 72.134788048205 0.5320345520962197
-3 -2.75 25 26 72.44044456305312 0.4972117769352915
-3 -2.75 26 27 72.1933266772437 0.465361492887489
-3 -2.75 27 28 71.51868081407565 0.4361548134147749
-3 -2.75 28 29 70.51571704896583 0.409307980393822
-3 -2.75 29 30 69.26325328703462 0.384575003925502
-3 -2.75 30 31 67.8240486568107 0.3617416837274989
-3 -2.75 31 32 66.2481535174411 0.3406207204765188
-3 -2.75 32 33 64.57551578099748 0.3210476940030533
-3 -2.75 33 34 62.8380206317504 0.3028777347892394
-3 -2.75 34 35 61.06109555055542 0.2859827545964989
-3 -2.75 35 36 59.26497966937171 0.2702491298446962
-3 -2.75 36 37 57.46573233741492 0.2555757547575128
-3 -2.75 37 38 55.67603794962457 0.2418723971701098
-3 -2.75 38 39 53.90585074022482 0.2290583043068134
-3 -2.75 39 40 52.16291321972628 0.2170610151894854
-3 -2.75 40 41 50.45317448684594 0.2058153453391336
-3 -2.75 41 42 48.78112867844141 0.1952625153337136
-3 -2.75 42 43 47.15008963727342 0.1853494003598207
-3 -2.75 43 44 45.56241434030187 0.1760278812918123
-3 -2.75 44 45 44.0196850391128 0.1672542827100036
-3 -2.75 45 46 42.52189748709358 0.1591443239289434
-3 -2.75 46 47 41.07130412809323 0.1522529145502829
-3 -2.75 47 48 39.66698639981317 0.1466596327850533
-3 -2.75 48 49 38.30867479298914 0.1423384838160795
-3 -2.75 49 50 36.9956495039668 0.1387209690500623
-2.75 -2.5 0 1 2744.812337955051 2.57009933036357
-2.75 -2.5 1 2 -4313.621239356477 1.115159462406013
-2.75 -2.5 2 3 -5426.967515739379 2.520743927704793
-2.75 -2.5 3 4 -3941.034335803091 2.53054385773015
-2.75 -2.5 4 5 -2742.121311265657 2.263863277120233
-2.75 -2.5 5 6 -1912.525799168459 1.988606564424641
-2.75 -2.5 6 7 -1346.757867316161 1.748147012805815
-2.75 -2.5 7 8 -956.5367838554616 1.544964175006148
-2.75 -2.5 8 9 -682.7488737064559 1.374484985507973
-2.75 -2.5 9 10 -487.2854850422054 1.230552267651349
-2.75 -2.5 10 11 -345.4592638638394 1.107851025298307
-2.75 -2.5 11 12 -241.1830311754206 1.002736056242079
-2.75 -2.5 12 13 -163.6324724110714 0.911876382929753
-2.75 -2.5 13 14 -105.4345010220484 0.8327573450220551
-2.75 -2.5 14 15 -61.4601322203464 0.7633922318790844
-2.75 -2.5 15 16 -28.07738121477564 0.7021996790083724
-2.75 -2.5 16 17 -2.672278710703267 0.6479101424396462
-2.75 -2.5 17 18 16.66421808733799 0.5994954196461801
-2.75 -2.5 18 19 31.34478962228309 0.5561155805627287
-2.75 -2.5 19 20 42.42721206754288 0.5170788296691461
-2.75 -2.5 20 21 50.71192857806943 0.481810937450554
-2.75 -2.5 21 22 56.81040614067683 0.4498317726001679
-2.75 -2.5 22 23 61.19371806688594 0.4207371332946299
-2.75 -2.5 23 24 64.22753140070677 0.3941845630713461
-2.75 -2.5 24 25 66.19761145839936 0.3698821851691736
-2.75 -2.5 25 26 67.32862231647778 0.3475798438514872
-2.75 -2.5 26 27 67.79812858865762 0.3270620215507233
-2.75 -2.5 27 28 67.74712246108618 0.3081421359216854
-2.75 -2.5 28 29 67.28800775491646 0.2906579149764121
-2.75 -2.5 29 30 66.51070429809647 0.2744676233197832
-2.75 -2.5 30 31 65.48735012961055 0.2594469629967032
-2.75 -2.5 31 32 64.27594871313056 0.2454865133372901
-2.75 -2.5 32 33 62.92321601964716 0.232489605170373
-2.75 -2.5 33 34 61.46681625270855 0.2203705454098567
-2.75 -2.5 34 35 59.93712719523711 0.2090531278087959
-2.75 -2.5 35 36 58.35864129270738 0.1984693771342269
-2.75 -2.5 36 37 56.75108290954392 0.188558485991122
-2.75 -2.5 37 38 55.13030320831689 0.1792659104412417
-2.75 -2.5 38 39 53.50899983747098 0.1705425980423279
-2.75 -2.5 39 40 51.89729788632553 0.1623443260573237
-2.75 -2.5 40 41 50.30322057317866 0.1546311322380829
-2.75 -2.5 41 42 48.73307171383254 0.1473668234480296
-2.75 -2.5 42 43 47.19174751456723 0.140518549850228
-2.75 -2.5 43 44 45.68299140132481 0.1340564353111733
-2.75 -2.5 44 45 44.20960280026395 0.1279532548650095
-2.75 -2.5 45 46 42.77260319643085 0.1224046591738862
-2.75 -2.5 46 47 41.37527730499974 0.1182191045231098
-2.75 -2.5 47 48 40.01749340041971 0.1155102363845054
-2.75 -2.5 48 49 38.69971694126863 0.1142233572911522
-2.75 -2.5 49 50 37.42188027373709 0.1135558317980721
-2.5 -2.25 0 1 3305.823555432412 1.885542966209438
-2.5 -2.25 1 2 -3868.560795593037 0.9709030978119764
-2.5 -2.25 2 3 -5481.416005411316 1.699496576022437
-2.5 -2.25 3 4 -4060.970361382133 1.564435485416311
-2.5 -2.25 4 5 -2860.563781842203 1.397121279567933
-2.5 -2.25 5 6 -2016.253719441962 1.265692179543375
-2.5 -2.25 6 7 -1434.615398055495 1.138726394361375
-2.5 -2.25 7 8 -1030.259861974319 1.024739670470979
-2.5 -2.25 8 9 -744.57053227815 0.9253693963908886
-2.5 -2.25 9 10 -539.2720017460806 0.8388688781863479
-2.5 -2.25 10 11 -389.3439369126395 0.7629911609065536
-2.5 -2.25 11 12 -278.3989411156197 0.6967782016844793
-2.5 -2.25 12 13 -195.3359498534162 0.6385594582294537
-2.5 -2.25 13 14 -132.5596615259431 0.5871185825210063
-2.5 -2.25 14 15 -84.76318980588144 0.5414455379438211
-2.5 -2.25 15 16 -48.17309584654163 0.5007044885109065
-2.5 -2.25 16 17 -20.06297382470802 0.4642028902708042
-2.5 -2.25 17 18 1.565851985511699 0.4313648758837811
-2.5 -2.25 18 19 18.19784133358598 0.4017093413674068
-2.5 -2.25 19 20 30.94855748413875 0.3748322499946021
-2.5 -2.25 20 21 40.66522634408943 0.3503924554830585
-2.5 -2.25 21 22 47.99740166678112 0.3281003621232212
-2.5 -2.25 22 23 53.44733446715463 0.3077088442134689
-2.5 -2.25 23 24 57.40634912062092 0.2890059495430641
-2.5 -2.25 24 25 60.1814324778087 0.271809012383454
-2.5 -2.25 25 26 62.01488604302187 0.2559598803653064
-2.5 -2.25 26 27 63.099000350491 0.2413210243360887
-2.5 -2.25 27 28 63.58711617952997 0.2277723527261049
-2.5 -2.25 28 29 63.60203522415975 0.2152085871903377
-2.5 -2.25 29 30 63.24246699726473 0.2035370917734548
-2.5 -2.25 30 31 62.58800749099981 0.1926760662943251
-2.5 -2.25 31 32 61.70301062620058 0.1825530372040122
-2.5 -2.25 32 33 60.63961807673087 0.1731035902133984
-2.5 -2.25 33 34 59.440144598073 0.1642703009738266
-2.5 -2.25 34 35 58.13896637771552 0.1560018301601577
-2.5 -2.25 35 36 56.76402366938123 0.1482521530569388
-2.5 -2.25 36 37 55.33802221977658 0.1409799025342942
-2.5 -2.25 37 38 53.87939817615597 0.1341478055010704
-2.5 -2.25 38 39 52.40309624669425 0.1277221982216753
-2.5 -2.25 39 40 50.92119964562534 0.1216726087802446
-2.5 -2.25 40 41 49.44344196909123 0.1159713942023946
-2.5 -2.25 41 42 47.9776243925414 0.110593426714851
-2.5 -2.25 42 43 46.52995684697112 0.1055158197370647
-2.5 -2.25 43 44 45.10533777277459 0.1007176882910003
-2.5 -2.25 44 45 43.70758410890355 0.09617993958398417
-2.5 -2.25 45 46 42.33857977874834 0.09220074889888621
-2.5 -2.25 46 47 41.00247280927454 0.08994619184876883
-2.5 -2.25 47 48 39.69979881167762 0.08955275662813116
-2.5 -2.25 48 49 38.43164679636394 0.09087786385858845
-2.5 -2.25 49 50 37.19850386419333 0.09322752910445405
-2.25 -2 0 1 3812.868302422341 1.064132567732993
-2.25 -2 1 2 -3455.718124029301 0.881756525422957
-2.25 -2 2 3 -5527.120510618646 1.667004751795879
-2.25 -2 3 4 -4167.340067473582 1.540233071308766
-2.25 -2 4 5 -2964.346137933704 1.357171826421905
-2.25 -2 5 6 -2105.392189371795 1.195592720479675
-2.25 -2 6 7 -1508.595413605672 1.06032718909075
-2.25 -2 7 8 -1091.128204018415 0.9467208909903234
-2.25 -2 8 9 -794.6648190782689 0.851692769493572
-2.25 -2 9 10 -580.6434205698374 0.769148354173109
-2.25 -2 10 11 -423.6583135335163 0.6989637386778399
-2.25 -2 11 12 -306.9962206837158 0.6377263924180399
-2.25 -2 12 13 -219.2748385447171 0.5841127502428798
-2.25 -2 13 14 -152.6805379169311 0.5368599364899547
-2.25 -2 14 15 -101.7363211152385 0.4949634202767991
-2.25 -2 15 16 -62.53635507797503 0.4576151233606937
-2.25 -2 16 17 -32.25081839068866 0.4241582666106491
-2.25 -2 17 18 -8.799785948047429 0.3940539930467664
-2.25 -2 18 19 9.36546350598428 0.3668563694488163
-2.25 -2 19 20 23.4116704222929 0.3421934299752717
-2.25 -2 20 21 34.22709531694022 0.3197526324829096
-2.25 -2 21 22 42.49440922512076 0.299269589528362
-2.25 -2 22 23 48.74275619710829 0.2805192444541869
-2.25 -2 23 24 53.38542631914913 0.2633089039244209
-2.25 -2 24 25 56.74744542819644 0.2474726890975466
-2.25 -2 25 26 59.0860048235254 0.2328670826550609
-2.25 -2 26 27 60.60574409099604 0.2193673265859983
-2.25 -2 27 28 61.47029166303514 0.2068644916559373
-2.25 -2 28 29 61.81105555521845 0.1952630743939113
-2.25 -2 29 30 61.73397344934835 0.1844790166452023
-2.25 -2 30 31 61.32473458759455 0.1744380632174523
-2.25 -2 31 32 60.65284741806903 0.1650743916516632
-2.25 -2 32 33 59.7748284765737 0.1563294653936138
-2.25 -2 33 34 58.73671728440866 0.148151066043744
-2.25 -2 34 35 57.5760707223771 0.1404924761792425
-2.25 -2 35 36 56.32355279436121 0.1333117835800849
-2.25 -2 36 37 55.00420794408029 0.1265712887521193
-2.25 -2 37 38 53.63848550874349 0.1202369959489379
-2.25 -2 38 39 52.24306737907631 0.1142781769812377
-2.25 -2 39 40 50.83153923766167 0.1086669937025668
-2.25 -2 40 41 49.41493699463183 0.103378171448588
-2.25 -2 41 42 48.00219300242725 0.0983887157899732
-2.25 -2 42 43 46.60050167005605 0.0936776652698955
-2.25 -2 43 44 45.21561985628574 0.08922587504481216
-2.25 -2 44 45 43.85211434153285 0.08501582870764819
-2.25 -2 45 46 42.51248978611093 0.08168975782445331
-2.25 -2 46 47 41.20153709889726 0.08164600484985737
-2.25 -2 47 48 39.92026090103795 0.0849470341073516
-2.25 -2 48 49 38.67019338816235 0.09097002373044281
-2.25 -2 49 50 37.45221145531372 0.0973394058148553
-2 -1.75 0 1 4287.927541918686 1.069851819134644
-2 -1.75 1 2 -3047.686679306038 2.47903035162625
-2 -1.75 2 3 -5535.05324582485 2.759525687082014
-2 -1.75 3 4 -4241.618440989911 2.313707986917238
-2 -1.75 4 5 -3047.412926148925 1.926101920722441
-2 -1.75 5 6 -2183.095427028386 1.627614194589643
-2 -1.75 6 7 -1577.560227631972 1.39726741765577
-2 -1.75 7 8 -1151.173089587282 1.215951780893219
-2 -1.75 8 9 -846.5974396806605 1.069981929891832
-2 -1.75 9 10 -625.5119041934331 0.9509170895251706
-2 -1.75 10 11 -462.4610034453945 0.8512375317509115
-2 -1.75 11 12 -340.6481542147828 0.7672091374240958
-2 -1.75 12 13 -248.5546527496979 0.6953870310689469
-2 -1.75 13 14 -178.2451376963984 0.6333670989967717
-2 -1.75 14 15 -124.1359212548386 0.5793356436533541
-2 -1.75 15 16 -82.23087391209538 0.5318990236035021
-2 -1.75 16 17 -49.62499390691119 0.48996870602995
-2 -1.75 17 18 -24.17620909276116 0.4526820195552141
-2 -1.75 18 19 -4.284540165018598 0.4193463874907735
-2 -1.75 19 20 11.25905219189985 0.3893993287118084
-2 -1.75 20 21 23.37780713713266 0.3623792610511768
-2 -1.75 21 22 32.78340719727419 0.3379038468687511
-2 -1.75 22 23 40.02914208667312 0.3156536976524104
-2 -1.75 23 24 45.5484722137719 0.2953599482207983
-2 -1.75 24 25 49.68333674806536 0.2767946670957453
-2 -1.75 25 26 52.70516295594507 0.2597633741403008
-2 -1.75 26 27 54.83061753644131 0.2440991426264866
-2 -1.75 27 28 56.2335269008953 0.2296579078189092
-2 -1.75 28 29 57.05397665462897 0.2163147021538977
-2 -1.75 29 30 57.40531360253703 0.2039606110711069
-2 -1.75 30 31 57.37957395585522 0.1925002921815631
-2 -1.75 31 32 57.05172056448561 0.1818499404218456
-2 -1.75 32 33 56.48297171341864 0.1719356085753498
-2 -1.75 33 34 55.72343187588081 0.1626918109677984
-2 -1.75 34 35 54.81418235944051 0.1540603590375852
-2 -1.75 35 36 53.78895135161531 0.1459893822085404
-2 -1.75 36 37 52.67545440321129 0.1384325021868208
-2 -1.75 37 38 51.49647526529583 0.131348133368372
-2 -1.75 38 39 50.27074102708349 0.124698886255027
-2 -1.75 39 40 49.01363345452728 0.1184510582786338
-2 -1.75 40 41 47.73776940275263 0.1125741960212899
-2 -1.75 41 42 46.45347588847523 0.1070407184548865
-2 -1.75 42 43 45.16918029915087 0.1018255907676561
-2 -1.75 43 44 43.89173178995404 0.09690604178363055
-2 -1.75 44 45 42.62666674781664 0.09226131787499714
-2 -1.75 45 46 41.37732941043467 0.08823209017080279
-2 -1.75 46 47 40.14932182775712 0.08616117442070359
-2 -1.75 47 48 38.94431175372799 0.08623132384468753
-2 -1.75 48 49 37.76444435861919 0.09086067342296861
-2 -1.75 49 50 36.6111430483769 0.09770669333551306
-1.75 -1.5 0 1 4715.160954147041 0.9309921362066612
-1.75 -1.5 1 2 -2666.789849187989 0.7474338188536636
-1.75 -1.5 2 3 -5526.680386339156 1.693505695042676
-1.75 -1.5 3 4 -4283.351659061835 1.638931727775254
-1.75 -1.5 4 5 -3091.907537145013 1.466933061130204
-1.75 -1.5 5 6 -2221.795878068639 1.293395728572389
-1.75 -1.5 6 7 -1609.63381943205 1.140709242006551
-1.75 -1.5 7 8 -1177.429111706732 1.010844213602438
-1.75 -1.5 8 9 -868.064855502515 0.9009078053401895
-1.75 -1.5 9 10 -643.1078917552322 0.8084529051225869
-1.75 -1.5 10 11 -476.940082647799 0.7288295671322944
-1.75 -1.5 11 12 -352.6081053865662 0.6606220185775801
-1.75 -1.5 12 13 -258.4707494970855 0.6015294918982492
-1.75 -1.5 13 14 -186.4950312979529 0.5499579206395856
-1.75 -1.5 14 15 -131.0211034523952 0.5046442382780967
-1.75 -1.5 15 16 -87.99340045162853 0.4645816325688201
-1.75 -1.5 16 17 -54.46033024754684 0.4289611615271717
-1.75 -1.5 17 18 -28.24307862529372 0.3971272595233912
-1.75 -1.5 18 19 -7.712501323182323 0.3685440622637927
-1.75 -1.5 19 20 8.363741278401221 0.3427698882406272
-1.75 -1.5 20 21 20.92761801001302 0.319437794353823
-1.75 -1.5 21 22 30.7059536173382 0.2982406578076965
-1.75 -1.5 22 23 38.26434480550984 0.2789196308225118
-1.75 -1.5 23 24 44.04630355393124 0.2612551341796379
-1.75 -1.5 24 25 48.40201545082641 0.2450597721301697
-1.75 -1.5 25 26 51.60970121214996 0.2301727122169929
-1.75 -1.5 26 27 53.89164536528335 0.2164551926888012
-1.75 -1.5 27 28 55.42633633013588 0.2037869053566327
-1.75 -1.5 28 29 56.35774113302625 0.1920630611646936
-1.75 -1.5 29 30 56.80244787397294 0.1811919949233415
-1.75 -1.5 30 31 56.85520709999628 0.1710931970708339
-1.75 -1.5 31 32 56.59326064013885 0.1616956868650571
-1.75 -1.5 32 33 56.0797448748765 0.152936660549033
-1.75 -1.5 33 34 55.36638228355201 0.1447603606624093
-1.75 -1.5 34 35 54.49562190389094 0.1371171280182756
-1.75 -1.5 35 36 53.50235034407774 0.1299626003909148
-1.75 -1.5 36 37 52.41526606419012 0.123257033798247
-1.75 -1.5 37 38 51.25798818937676 0.1169647248258111
-1.75 -1.5 38 39 50.04995487224517 0.1110535166418272
-1.75 -1.5 39 40 48.80715396484482 0.1054943757993783
-1.75 -1.5 40 41 47.54271957215485 0.1002610263901457
-1.75 -1.5 41 42 46.26742062948523 0.09532963593042758
-1.75 -1.5 42 43 44.99006244565845 0.09067854103666027
-1.75 -1.5 43 44 43.7178176263763 0.08628801026171938
-1.75 -1.5 44 45 42.45649957128327 0.08214003661027272
-1.75 -1.5 45 46 41.20965839508909 0.07892421499338863
-1.75 -1.5 46 47 39.98316074068649 0.07921754933087137
-1.75 -1.5 47 48 38.77881703238504 0.08309943664593232
-1.75 -1.5 48 49 37.59892191377963 0.08991488856292461
-1.75 -1.5 49 50 36.44503383396975 0.09711226057632733
-1.5 -1.25 0 1 5117.318329655748 3.314131534179348
-1.5 -1.25 1 2 -2289.818738852825 4.187292059252997
-1.5 -1.25 2 3 -5502.293762112178 1.676365167859047
-1.5 -1.25 3 4 -4318.370162168167 1.600704181111979
-1.5 -1.25 4 5 -3137.973378409104 1.426105746156651
-1.5 -1.25 5 6 -2266.948352739473 1.258809777884099
-1.5 -1.25 6 7 -1650.670422042346 1.114231313464945
-1.5 -1.25 7 8 -1213.736418272431 0.991682970532904
-1.5 -1.25 8 9 -899.8686384410703 0.8886815844724855
-1.5 -1.25 9 10 -670.8831427539817 0.7997167741491277
-1.5 -1.25 10 11 -501.2005376128209 0.7243998267035606
-1.5 -1.25 11 12 -373.8426704154876 0.6590211598934124
-1.5 -1.25 12 13 -277.1098016773317 0.6020818405757447
-1.5 -1.25 13 14 -202.9093139608949 0.5521449268104375
-1.5 -1.25 14 15 -145.526063985965 0.5080681753426579
-1.5 -1.25 15 16 -100.8560246738853 0.468936561789646
-1.5 -1.25 16 17 -65.90625385738758 0.4340107285767061
-1.5 -1.25 17 18 -38.46311414020738 0.4026880111012314
-1.5 -1.25 18 19 -16.86831073500025 0.374472970986961
-1.5 -1.25 19 20 0.1348467391783288 0.3489550120945392
-1.5 -1.25 20 21 13.50867156691334 0.3257912506529659
-1.5 -1.25 21 22 23.99701087787935 0.3046933053959064
-1.5 -1.25 22 23 32.17973623891169 0.2854170170060408
-1.5 -1.25 23 24 38.51236273490929 0.2677543834639356
-1.5 -1.25 24 25 43.35519853453047 0.2515271812037921
-1.5 -1.25 25 26 46.99502715416656 0.2380865943395701
-1.5 -1.25 26 27 49.66139894149194 0.2265319714753544
-1.5 -1.25 27 28 51.53898666598934 0.2157356545064793
-1.5 -1.25 28 29 52.77703727111793 0.2056336447804606
-1.5 -1.25 29 30 53.49666011727697 0.1961684561618733
-1.5 -1.25 30 31 53.79648870346966 0.1872883716650834
-1.5 -1.25 31 32 53.75710914405602 0.1789467869394675
-1.5 -1.25 32 33 53.44454617666906 0.1711016310601039
-1.5 -1.25 33 34 52.91302361370617 0.1637148592021712
-1.5 -1.25 34 35 52.20716236073048 0.1567520050782537
-1.5 -1.25 35 36 51.36373964230495 0.1501817894755466
-1.5 -1.25 36 37 50.41310379467865 0.1439757750852215
-1.5 -1.25 37 38 49.38031720641231 0.1381080637608966
-1.5 -1.25 38 39 48.28608351648245 0.1325550295251464
-1.5 -1.25 39 40 47.14750271048848 0.1272950829960926
-1.5 -1.25 40 41 45.9786884229357 0.1223084646167191
-1.5 -1.25 41 42 44.79127417851561 0.1175770597524323
-1.5 -1.25 42 43 43.59483001846331 0.1130842370412297
-1.5 -1.25 43 44 42.39720633118543 0.108814703628683
-1.5 -1.25 44 45 41.20481841873817 0.1047543769268568
-1.5 -1.25 45 46 40.02173132682898 0.1012269891430359
-1.5 -1.25 46 47 38.85432410468846 0.09947680101150538
-1.5 -1.25 47 48 37.70481311442541 0.09966532169014856
-1.5 -1.25 48 49 36.57587437841684 0.1016818023332847
-1.5 -1.25 49 50 35.46940030036836 0.104307439477608
-1.25 -1 0 1 5445.241810881746 1.571933159430998
-1.25 -1 1 2 -2004.895853823132 0.6502059565179478
-1.25 -1 2 3 -5501.051030267805 1.819519560827872
-1.25 -1 3 4 -4357.427476227169 1.774198954033923
-1.25 -1 4 5 -3180.118763259094 1.582376755489
-1.25 -1 5 6 -2304.576599664159 1.394854322257084
-1.25 -1 6 7 -1682.641865386945 1.233140062243344
-1.25 -1 7 8 -1240.490775059097 1.096804027685818
-1.25 -1 8 9 -922.1755801988934 0.9825635794107676
-1.25 -1 9 10 -689.4966164877869 0.8845799943584697
-1.25 -1 10 11 -516.7666852213611 0.801587592304143
-1.25 -1 11 12 -386.9013379109438 0.7297376509960698
-1.25 -1 12 13 -288.0995993322624 0.6672330097111122
-1.25 -1 13 14 -212.1861851888759 0.612454976543092
-1.25 -1 14 15 -153.3790761483071 0.5641265981928398
-1.25 -1 15 16 -107.5206609328541 0.5212306871039989
-1.25 -1 16 17 -71.57514411323882 0.4829487730730122
-1.25 -1 17 18 -43.29455219766237 0.4486157912861964
-1.25 -1 18 19 -20.99297548216759 0.4176862939986805
-1.25 -1 19 20 -3.391411728518051 0.3897090478457174
-1.25 -1 20 21 10.49056855797721 0.3643077516513256
-1.25 -1 21 22 21.41159515013487 0.3411662524325559
-1.25 -1 22 23 29.96366054864609 0.3200170974338456
-1.25 -1 23 24 36.61226444726469 0.3006325859749603
-1.25 -1 24 25 41.72597604491784 0.282817710933728
-1.25 -1 25 26 45.59844225139068 0.2664045439253412
-1.25 -1 26 27 48.46493795434219 0.2512477330910198
-1.25 -1 27 28 50.51492817888982 0.2372208657828104
-1.25 -1 28 29 51.90168559810354 0.2242135087977725
-1.25 -1 29 30 52.74971245268034 0.2121287846873682
-1.25 -1 30 31 53.16051059900008 0.2008813737700589
-1.25 -1 31 32 53.2170981635262 0.1903958581013654
-1.25 -1 32 33 52.98756764087364 0.1806053404855137
-1.25 -1 33 34 52.52790551947578 0.1714502873865356
-1.25 -1 34 35 51.88423905891028 0.1628775544532736
-1.25 -1 35 36 51.09463584027071 0.1548395618768373
-1.25 -1 36 37 50.19055202223927 0.1472935933147271
-1.25 -1 37 38 49.19800314075439 0.1402011985022692
-1.25 -1 38 39 48.13851457442024 0.1335276797073403
-1.25 -1 39 40 47.02989613128432 0.1272416518680262
-1.25 -1 40 41 45.88687572227502 0.1213146613890076
-1.25 -1 41 42 44.72161939223679 0.1157208569665421
-1.25 -1 42 43 43.54415959282142 0.1104367032430686
-1.25 -1 43 44 42.36274887212033 0.1054407305391226
-1.25 -1 44 45 41.18415280944379 0.1007133176924872
-1.25 -1 45 46 40.01272043450433 0.09661292078248365
-1.25 -1 46 47 38.855141461703 0.09454592114075512
-1.25 -1 47 48 37.71384382703249 0.09471361966412345
-1.25 -1 48 49 36.59170760777948 0.09759889915678303
-1.25 -1 49 50 35.49080799912269 0.1052977988577289
-1 -0.75 0 1 5722.702136484798 1.907113244682991
-1 -0.75 1 2 -1745.66353466502 1.778545103844348
-1 -0.75 2 3 -5475.668682309783 1.593511711381607
-1 -0.75 3 4 -4367.548997309581 1.531817036495185
-1 -0.75 4 5 -3196.068551150986 1.367495566133385
-1 -0.75 5 6 -2320.071930893861 1.21176237602504
-1 -0.75 6 7 -1696.318701319588 1.078240072663873
-1 -0.75 7 8 -1252.214930666485 0.965248917467622
-1 -0.75 8 9 -932.1321207985338 0.8700723324403665
-1 -0.75 9 10 -697.9351192295726 0.787381814174817
-1 -0.75 10 11 -523.9229270635769 0.7170083827594884
-1 -0.75 11 12 -392.9854440050058 0.6555074474227156
-1 -0.75 12 13 -293.2883055244699 0.6016010685222684
-1 -0.75 13 14 -216.6268537588044 0.55403226262598
-1 -0.75 14 15 -157.1938969234423 0.5118008756512586
-1 -0.75 15 16 -110.8108123584518 0.4741027514045676
-1 -0.75 16 17 -74.42446611798096 0.4402847640053918
-1 -0.75 17 18 -45.7726396845087 0.4098114083751868
-1 -0.75 18 19 -23.15772922753854 0.3822397468455511
-1 -0.75 19 20 -5.291122106410739 0.3572004254044989
-1 -0.75 20 21 8.815525391334177 0.3343831326033576
-1 -0.75 21 22 19.92737697567463 0.3135253522786072
-1 -0.75 22 23 28.64183431151253 0.2944035728618507
-1 -0.75 23 24 35.42888757949754 0.276826357831679
-1 -0.75 24 25 40.66084405607728 0.2606288347164473
-1 -0.75 25 26 44.63447067747904 0.24566827798421
-1 -0.75 26 27 47.58765315636549 0.2318205397301599
-1 -0.75 27 28 49.71204658470754 0.2189771478817003
-1 -0.75 28 29 51.16276503277118 0.2070429287816889
-1 -0.75 29 30 52.06586241004618 0.1959340479872937
-1 -0.75 30 31 52.52415085604616 0.1855763866657461
-1 -0.75 31 32 52.62175716480328 0.1759041877075525
-1 -0.75 32 33 52.42771369189654 0.1668589210508451
-1 -0.75 33 34 51.99880512583763 0.1583883282780427
-1 -0.75 34 35 51.38183778095726 0.1504456133126598
-1 -0.75 35 36 50.61545787327373 0.1429887563305294
-1 -0.75 36 37 49.73161538525915 0.1359799255348486
-1 -0.75 37 38 48.75674790842669 0.1293849755330509
-1 -0.75 38 39 47.71274203140598 0.1231730143487428
-1 -0.75 39 40 46.61771709219585 0.1173160299201172
-1 -0.75 40 41 45.4866665614627 0.1117885665416014
-1 -0.75 41 42 44.33198456823027 0.1065674444863843
-1 -0.75 42 43 43.16389965851295 0.1016315137402994
-1 -0.75 43 44 41.9908331230618 0.09696144068743023
-1 -0.75 44 45 40.81969586560882 0.09253951947471002
-1 -0.75 45 46 39.6549433440951 0.08911292893912515
-1 -0.75 46 47 38.50340941326436 0.08947302372980073
-1 -0.75 47 48 37.36759605696903 0.09371403506865719
-1 -0.75 48 49 36.25046353978843 0.1011329677445854
-1 -0.75 49 50 35.1541532292128 0.1089697876252198
-0.75 -0.5 0 1 5937.768109761635 2.643600023074921
-0.75 -0.5 1 2 -1548.540883735798 2.042719048602996
-0.75 -0.5 2 3 -5459.632232182927 1.598545550501381
-0.75 -0.5 3 4 -4379.76275049154 1.543075158376573
-0.75 -0.5 4 5 -3213.267031306179 1.378768193172732
-0.75 -0.5 5 6 -2337.008240838266 1.221322411113987
-0.75 -0.5 6 7 -1711.705454346978 1.085750647941357
-0.75 -0.5 7 8 -1265.831579625605 0.9709128425771707
-0.75 -0.5 8 9 -944.0758599682954 0.873590278034907
-0.75 -0.5 9 10 -708.3860824629724 0.7910988169105382
-0.75 -0.5 10 11 -533.0749129184173 0.7191725530831532
-0.75 -0.5 11 12 -401.0190101341727 0.6570227446305352
-0.75 -0.5 12 13 -300.3622036700554 0.602632355217144
-0.75 -0.5 13 14 -222.8777329377845 0.5547032565359047
-0.75 -0.5 14 15 -162.7381077616178 0.5122042696628007
-0.75 -0.5 15 16 -115.7469657342385 0.4760012253860695
-0.75 -0.5 16 17 -78.83603085198138 0.4441604171057876
-0.75 -0.5 17 18 -49.73030801920709 0.4152333796640265
-0.75 -0.5 18 19 -26.72146951294371 0.3888776951374454
-0.75 -0.5 19 20 -8.511918113371394 0.3647980445761858
-0.75 -0.5 20 21 5.894218365945562 0.3427394552773957
-0.75 -0.5 21 22 17.26842013383066 0.3224813209641054
-0.75 -0.5 22 23 26.21339884883241 0.3038322478781526
-0.75 -0.5 23 24 33.20361896412226 0.2866256769278904
-0.75 -0.5 24 25 38.6151673939039 0.2707161920378979
-0.75 -0.5 25 26 42.74801232911477 0.255976418059297
-0.75 -0.5 26 27 45.84275810091629 0.2422944163168336
-0.75 -0.5 27 28 48.09337470911726 0.2295714960235035
-0.75 -0.5 28 29 49.65695258413746 0.2177203729404619
-0.75 -0.5 29 30 50.66123736068391 0.2066636155485634
-0.75 -0.5 30 31 51.21049297542527 0.1963323304931532
-0.75 -0.5 31 32 51.3900952575508 0.1866650477834622
-0.75 -0.5 32 33 51.27015380828789 0.1776067717975164
-0.75 -0.5 33 34 50.90838465035472 0.1691081702159915
-0.75 -0.5 34 35 50.35240119665616 0.1611248803142429
-0.75 -0.5 35 36 49.64155072766943 0.1536169125745106
-0.75 -0.5 36 37 48.80839357412816 0.1465481357427804
-0.75 -0.5 37 38 47.87989988939142 0.1398858334313646
-0.75 -0.5 38 39 46.87842196736392 0.1336003173428201
-0.75 -0.5 39 40 45.82248726352776 0.1276645929323741
-0.75 -0.5 40 41 44.72744765311609 0.1220540668110545
-0.75 -0.5 41 42 43.60601265998838 0.1167462908276309
-0.75 -0.5 42 43 42.4686889382931 0.1117207381722041
-0.75 -0.5 43 44 41.32414349388068 0.1069586064530631
-0.75 -0.5 44 45 40.17950474506779 0.102442643858453
-0.75 -0.5 45 46 39.03940791511911 0.09855737390639599
-0.75 -0.5 46 47 37.9108813561084 0.09679428662013241
-0.75 -0.5 47 48 36.79656671580554 0.09735040646939147
-0.75 -0.5 48 49 35.69956061165271 0.1015065508952472
-0.75 -0.5 49 50 34.62212533093449 0.1095305295715464
-0.5 -0.25 0 1 6079.415851890318 2.577003080252863
-0.5 -0.25 1 2 -1424.533132412676 1.446580279321941
-0.5 -0.25 2 3 -5453.756766828687 1.574343637641312
-0.5 -0.25 3 4 -4390.999218962934 1.536441325009635
-0.5 -0.25 4 5 -3226.717528704882 1.379786320041875
-0.5 -0.25 5 6 -2349.533672230948 1.265251753382706
-0.5 -0.25 6 7 -1722.679153977819 1.150448139401231
-0.5 -0.25 7 8 -1275.26093667933 1.043745109424626
-0.5 -0.25 8 9 -952.1318961528355 0.9492057638572672
-0.5 -0.25 9 10 -715.2606112439944 0.8642511202570302
-0.5 -0.25 10 11 -538.9507746353192 0.7906515407140451
-0.5 -0.25 11 12 -406.0535152018078 0.7253817843443295
-0.5 -0.25 12 13 -304.6884482048233 0.6676156755513428
-0.5 -0.25 13 14 -226.6069004529336 0.6162837584355032
-0.5 -0.25 14 15 -165.9627102403731 0.5704763071538755
-0.5 -0.25 15 16 -118.5439582276774 0.5294277229620243
-0.5 -0.25 16 17 -81.26953102294419 0.4924956174979039
-0.5 -0.25 17 18 -51.85387528957608 0.4591404969452874
-0.5 -0.25 18 19 -28.57997938556377 0.4289079562984209
-0.5 -0.25 19 20 -10.14309087128709 0.4014137404365322
-0.5 -0.25 20 21 4.458574219607044 0.3763314604553011
-0.5 -0.25 21 22 16.00139611884219 0.3533825818433513
-0.5 -0.25 22 23 25.09216160568155 0.3323282900827069
-0.5 -0.25 23 24 32.20873573551478 0.3129628786940096
-0.5 -0.25 24 25 37.73005262601725 0.295108363612871
-0.5 -0.25 25 26 41.95847204267557 0.2786100816900999
-0.5 -0.25 26 27 45.13661343040633 0.2633330791873748
-0.5 -0.25 27 28 47.46014977202685 0.2491591356072997
-0.5 -0.25 28 29 49.0876148189891 0.2359842999863303
-0.5 -0.25 29 30 50.14798081368451 0.2237168425040877
-0.5 -0.25 30 31 50.74655687363247 0.2122755424625567
-0.5 -0.25 31 32 50.96961167139148 0.2015882531302986
-0.5 -0.25 32 33 50.88801937791379 0.1915906909929325
-0.5 -0.25 33 34 50.56015227950354 0.1822254119369881
-0.5 -0.25 34 35 50.03418836694817 0.1734409412108145
-0.5 -0.25 35 36 49.34996168660399 0.1651910308998163
-0.5 -0.25 36 37 48.54045313877288 0.1574340249237897
-0.5 -0.25 37 38 47.6329969966207 0.1501323125012806
-0.5 -0.25 38 39 46.65026142883374 0.1432518574235238
-0.5 -0.25 39 40 45.61104843840712 0.1367617911466076
-0.5 -0.25 40 41 44.53094897454417 0.1306340585090306
-0.5 -0.25 41 42 43.42288111853509 0.1248431108977977
-0.5 -0.25 42 43 42.29753377955115 0.1193656370162044
-0.5 -0.25 43 44 41.16373350143829 0.1141803281669832
-0.5 -0.25 44 45 40.02874858278784 0.1092676711334344
-0.5 -0.25 45 46 38.89732807633993 0.1049918479229253
-0.5 -0.25 46 47 37.77662635828864 0.1027786156243297
-0.5 -0.25 47 48 36.66937113309331 0.1028325644237839
-0.5 -0.25 48 49 35.57874290750371 0.105024759450477
-0.5 -0.25 49 50 34.50707929466262 0.1108420537372415
-0.25 0 0 1 6150.689920682682 2.703851159924803
-0.25 0 1 2 -1361.667708722053 1.951703796492835
-0.25 0 2 3 -5449.968600511688 1.596788913819563
-0.25 0 3 4 -4395.263718580072 1.548616626406547
-0.25 0 4 5 -3231.758898066266 1.386441186686117
-0.25 0 5 6 -2353.98016098511 1.229578232069639
-0.25 0 6 7 -1726.340990091924 1.094034563473647
-0.25 0 7 8 -1278.208476151705 0.9789619803419285
-0.25 0 8 9 -954.4820561957217 0.882057628009885
-0.25 0 9 10 -717.124091999362 0.7975683586225188
-0.25 0 10 11 -540.4197988978285 0.7324566392239944
-0.25 0 11 12 -407.2043085634709 0.6744906610142075
-0.25 0 12 13 -305.5820289727753 0.622737857642255
-0.25 0 13 14 -227.292273886454 0.576422580082675
-0.25 0 14 15 -166.4793083419597 0.5348484243042433
-0.25 0 15 16 -118.9236192356263 0.4974080074844384
-0.25 0 16 17 -81.53806177550587 0.4635784844191652
-0.25 0 17 18 -52.03227327585773 0.4329121716461916
-0.25 0 18 19 -28.68538807793834 0.4050262058889537
-0.25 0 19 20 -10.18954918488362 0.3795928081248741
-0.25 0 20 21 4.459540789354378 0.3563306961839403
-0.25 0 21 22 16.04030637372693 0.3349977452336797
-0.25 0 22 23 25.16120404581591 0.3153848138238593
-0.25 0 23 24 32.30146766744485 0.2973105918602507
-0.25 0 24 25 37.84115715454493 0.2806173154013463
-0.25 0 25 26 42.08356083919136 0.2651672045388866
-0.25 0 26 27 45.27206594348502 0.2508394990024475
-0.25 0 27 28 47.60298163040591 0.2375279862873596
-0.25 0 28 29 49.23536974542435 0.2251389342080313
-0.25 0 29 30 50.29864157576856 0.2135893564605886
-0.25 0 30 31 50.89847171015492 0.2028055521184329
-0.25 0 31 32 51.12143335722101 0.1927218718735716
-0.25 0 32 33 51.03865464089779 0.1832796721887322
-0.25 0 33 34 50.70871972900886 0.1744264245909074
-0.25 0 34 35 50.17998343646138 0.166114955637458
-0.25 0 35 36 49.49242737549616 0.1583027953010855
-0.25 0 36 37 48.67915555680048 0.1509516168635043
-0.25 0 37 38 47.76760489603407 0.1440267538459681
-0.25 0 38 39 46.78052905457287 0.1374967818323274
-0.25 0 39 40 45.73680114318461 0.1313331552999233
-0.25 0 40 41 44.65207114186722 0.1255098925830555
-0.25 0 41 42 43.53930601526901 0.1200032990213322
-0.25 0 42 43 42.40923502695517 0.1147917266255965
-0.25 0 43 44 41.27071789871979 0.1098553615671309
-0.25 0 44 45 40.13105007149426 0.1051760380862728
-0.25 0 45 46 38.99499736629718 0.1011359674859134
-0.25 0 46 47 37.86974301995031 0.09922249095623265
-0.25 0 47 48 36.7580234440999 0.09963878564388043
-0.25 0 48 49 35.66303017773939 0.1026557705238107
-0.25 0 49 50 34.58710972693154 0.110809979255808
0 0.25 0 1 6150.434088156333 2.703857744005033
0 0.25 1 2 -1362.167745253533 1.951728696331548
0 0.25 2 3 -5450.336483595413 1.596751371126262
0 0.25 3 4 -4395.4190060565 1.548524374904685
0 0.25 4 5 -3231.777558656874 1.386349947068349
0 0.25 5 6 -2353.932704734901 1.229516630597183
0 0.25 6 7 -1726.267241264967 1.094004677528898
0 0.25 7 8 -1278.128394159467 0.978956585147405
0 0.25 8 9 -954.4045716881396 0.8820661708934189
0 0.25 9 10 -717.0525755022682 0.7975876877940524
0 0.25 10 11 -540.3551846702562 0.7324790645720648
0 0.25 11 12 -407.1460734171355 0.6745141833892101
0 0.25 12 13 -305.5293295445126 0.6227608958128371
0 0.25 13 14 -227.2442171280861 0.5764443194648591
0 0.25 14 15 -166.4351028147494 0.5348685008989564
0 0.25 15 16 -118.882622448521 0.4974263117400711
0 0.25 16 17 -81.49977883011979 0.4635950439329555
0 0.25 17 18 -51.99633558964592 0.4329270835670094
0 0.25 18 19 -28.65152663979006 0.4050395982785732
0 0.25 19 20 -10.15756909535298 0.3796048186845107
0 0.25 20 21 4.489781802290054 0.3563414609954845
0 0.25 21 22 16.06891482615993 0.3350073928256422
0 0.25 22 23 25.18826327227043 0.3153934627177423
0 0.25 23 24 32.32704678486436 0.2973183495975075
0 0.25 24 25 37.86531717907803 0.2806242789613354
0 0.25 25 26 42.10635865679251 0.2651734604274342
0 0.25 26 27 45.29355672529721 0.2508451244906671
0 0.25 27 28 47.62322015680252 0.2375330499669513
0 0.25 28 29 49.25441100017088 0.2251434971816018
0 0.25 29 30 50.31654086837307 0.2135934726080138
0 0.25 30 31 50.91528451788213 0.2028092695547476
0 0.25 31 32 51.13721501575776 0.19272523311426
0 0.25 32 33 51.05345997324673 0.1832827149916486
0 0.25 33 34 50.72260266664512 0.1744291824321234
0 0.25 34 35 50.1929966705477 0.1661174581885367
0 0.25 35 36 49.50462205384679 0.1583050689511611
0 0.25 36 37 48.69058103656971 0.1509536851115571
0 0.25 37 38 47.77830855351624 0.144028637509479
0 0.25 38 39 46.79055614894003 0.1374984993112112
0 0.25 39 40 45.74619472966856 0.1313347233506499
0 0.25 40 41 44.66087202739584 0.1255113256273108
0 0.25 41 42 43.54755275115656 0.1200046103029595
0 0.25 42 43 42.41696393037364 0.1147929278382158
0 0.25 43 44 41.27796309931153 0.1098564631764977
0 0.25 44 45 40.13784357512242 0.1051770493546866
0 0.25 45 46 39.00136910488413 0.101136908369201
0 0.25 46 47 37.87572101359279 0.09922342166109727
0 0.25 47 48 36.76363381714219 0.09963976404584807
0 0.25 48 49 35.66829729303268 0.1026568364250371
0 0.25 49 50 34.59205625688938 0.1108110871225025
0.25 0.5 0 1 6078.676078549046 2.577007792797005
0.25 0.5 1 2 -1425.972458338243 1.446578301206996
0.25 0.5 2 3 -5454.80558763087 1.574238948820047
0.25 0.5 3 4 -4391.435066911616 1.536284235775456
0.25 0.5 4 5 -3226.766429424332 1.379656709456187
0.25 0.5 5 6 -2349.398809185263 1.265182884237251
0.25 0.5 6 7 -1722.472786951811 1.150430405733136
0.25 0.5 7 8 -1275.038272600463 1.043762503799277
0.25 0.5 8 9 -951.9157486414383 0.9485129660552145
0.25 0.5 9 10 -715.0638124317993 0.8650450448726611
0.25 0.5 10 11 -538.7715344139551 0.7907002249954064
0.25 0.5 11 12 -405.8914889121111 0.7254299480733808
0.25 0.5 12 13 -304.5411957672925 0.6676613705941616
0.25 0.5 13 14 -226.4719282018591 0.6163260779452833
0.25 0.5 14 15 -165.8378600227884 0.5705149436011533
0.25 0.5 15 16 -118.427516017792 0.5294626974276416
0.25 0.5 16 17 -81.1602071763125 0.4925271197902326
0.25 0.5 17 18 -51.75073474241799 0.4591687938613296
0.25 0.5 18 19 -28.48236055610005 0.4289333403456111
0.25 0.5 19 20 -10.05053091603941 0.4014365024160176
0.25 0.5 20 21 4.546401165656334 0.3763518752667196
0.25 0.5 21 22 16.08472657684842 0.3534009026267729
0.25 0.5 22 23 25.17117760197971 0.3323447457312605
0.25 0.5 23 24 32.28358910512554 0.3129776744443938
0.25 0.5 24 25 37.80088112104431 0.2951216821602142
0.25 0.5 25 26 42.02540935146385 0.2786220853364458
0.25 0.5 26 27 45.19979484951432 0.2633439115460007
0.25 0.5 27 28 47.51971489244022 0.2491689238961607
0.25 0.5 28 29 49.14370825528079 0.2359931566778332
0.25 0.5 29 30 50.20075172383906 0.2237248670846103
0.25 0.5 30 31 50.79615779967105 0.2122828231288856
0.25 0.5 31 32 51.01619706238489 0.2015948677351631
0.25 0.5 32 33 50.93174403280932 0.1915967087805029
0.25 0.5 33 34 50.60116986061462 0.1822308941373848
0.25 0.5 34 35 50.07265006678267 0.1734459422737493
0.25 0.5 35 36 49.38601509275378 0.1651955992407031
0.25 0.5 36 37 48.57424130970577 0.1574382033647918
0.25 0.5 37 38 47.66465774308779 0.1501361394593256
0.25 0.5 38 39 46.67992678767075 0.1432553668563502
0.25 0.5 39 40 45.63884431569352 0.1367650134888691
0.25 0.5 40 41 44.55699493569597 0.130637020911902
0.25 0.5 41 42 43.44729030198761 0.1248458376171145
0.25 0.5 42 43 42.32041291128149 0.119368149688451
0.25 0.5 43 44 41.18518299085474 0.1141826461765414
0.25 0.5 44 45 40.04886268043498 0.1092698119752092
0.25 0.5 45 46 38.91619501197687 0.1049938572932497
0.25 0.5 46 47 37.79432874693657 0.1027806458793718
0.25 0.5 47 48 36.68598606192637 0.1028347672645773
0.25 0.5 48 49 35.59434230067379 0.1050272566621045
0.25 0.5 49 50 34.52173011441656 0.1108447791250133
0.5 0.75 0 1 5936.491615662893 2.643605570061964
0.5 0.75 1 2 -1550.990413907878 2.04272984564358
0.5 0.75 2 3 -5461.356544585649 1.598480607426484
0.5 0.75 3 4 -4380.419806894835 1.542963673731976
0.5 0.75 4 5 -3213.281079378923 1.378672140803818
0.5 0.75 5 6 -2336.73522724016 1.221265747213017
0.5 0.75 6 7 -1711.332244155089 1.085729300509087
0.5 0.75 7 8 -1265.445397051988 0.970917876487336
0.5 0.75 8 9 -943.7110250321048 0.8742715901979272
0.5 0.75 9 10 -708.0570651901203 0.7904343308658923
0.5 0.75 10 11 -532.7797808067462 0.7192013031824334
0.5 0.75 11 12 -400.7545327724865 0.6570521007566007
0.5 0.75 12 13 -300.1234031602066 0.6026608001558873
0.5 0.75 13 14 -222.6599083241274 0.5547300072136728
0.5 0.75 14 15 -162.5373376349837 0.5122289886345921
0.5 0.75 15 16 -115.5601989982736 0.4760237551824533
0.5 0.75 16 17 -78.66100014196604 0.4441808094686269
0.5 0.75 17 18 -49.56538221926212 0.4152518026784967
0.5 0.75 18 19 -26.56550075368864 0.388894341082643
0.5 0.75 19 20 -8.364107011976103 0.3648131065909457
0.5 0.75 20 21 6.034431514117841 0.3427531151998954
0.5 0.75 21 22 17.4014382251346 0.3224937435885697
0.5 0.75 22 23 26.33952820981699 0.3038435793025261
0.5 0.75 23 24 33.32311128211893 0.2866360449341937
0.5 0.75 24 25 38.72824757556168 0.2707257071765004
0.5 0.75 25 26 42.85489596712046 0.2559851758893346
0.5 0.75 26 27 45.94366153975841 0.2423024989740039
0.5 0.75 27 28 48.18852002619906 0.2295789745951076
0.5 0.75 28 29 49.74656922549889 0.2177273085227637
0.5 0.75 29 30 50.74556169247501 0.2066700611297249
0.5 0.75 30 31 51.28976664307322 0.1963383322927559
0.5 0.75 31 32 51.46456296277552 0.1866706461003396
0.5 0.75 32 33 51.34006090791615 0.1776120019699759
0.5 0.75 33 34 50.97397483042386 0.1691130634463837
0.5 0.75 34 35 50.41391436831015 0.1611294643238322
0.5 0.75 35 36 49.69922122261482 0.1536212118880136
0.5 0.75 36 37 48.86244866686678 0.146552172585882
0.5 0.75 37 38 47.930558641218 0.1398896274672748
0.5 0.75 38 39 46.92589437339683 0.1336038864487835
0.5 0.75 39 40 45.86697366850041 0.127667953391986
0.5 0.75 40 41 44.76913840170511 0.1220572332103058
0.5 0.75 41 42 43.64508794381294 0.1167492765980314
0.5 0.75 42 43 42.50531880528609 0.111723555565497
0.5 0.75 43 44 41.35848798804119 0.1069612666392958
0.5 0.75 44 45 40.21171414710403 0.1024451572257991
0.5 0.75 45 46 39.06962296840209 0.09855979511752075
0.5 0.75 46 47 37.93923385244705 0.09679683521814623
0.5 0.75 47 48 36.82317968172103 0.09735330798567654
0.5 0.75 48 49 35.7245488651003 0.1015099419849876
0.5 0.75 49 50 34.64559579401893 0.1095342951952353
0.75 1 0 1 5720.828775808974 1.907036476032389
0.75 1 1 2 -1749.230929028826 1.778072223614491
0.75 1 2 3 -5478.131861733949 1.592947771694463
0.75 1 3 4 -4368.439451889287 1.531622211200649
0.75 1 4 5 -3196.032452626024 1.367663118692437
0.75 1 5 6 -2319.633115273569 1.212146918257112
0.75 1 6 7 -1695.746218200092 1.078707569254794
0.75 1 7 8 -1251.63226090974 0.9657195322637999
0.75 1 8 9 -931.5873951729232 0.8699219693964393
0.75 1 9 10 -697.4456509523366 0.7883517427771757
0.75 1 10 11 -523.4871581456214 0.7173234973534052
0.75 1 11 12 -392.5972863803563 0.6557696264302412
0.75 1 12 13 -292.9400666512754 0.6018168297636675
0.75 1 13 14 -216.3113350442231 0.5542085496897305
0.75 1 14 15 -156.905078248785 0.5119442200880707
0.75 1 15 16 -110.5439639443935 0.4742189432397423
0.75 1 16 17 -74.17601632598144 0.4403787681428586
0.75 1 17 18 -45.53996057104473 0.4098873949992073
0.75 1 18 19 -22.93891621496596 0.3823011703104147
0.75 1 19 20 -5.084800236419369 0.3572501189654381
0.75 1 20 21 9.010358288335965 0.3344234026817803
0.75 1 21 22 20.11147043460846 0.3135580661777778
0.75 1 22 23 28.81577343012179 0.2944302353172705
0.75 1 23 24 35.59315532738731 0.2768481772596895
0.75 1 24 25 40.81586361498114 0.2606467790339369
0.75 1 25 26 44.7806329509516 0.245683120252766
0.75 1 26 27 47.7253336240791 0.2318328968155962
0.75 1 27 28 49.84161474485416 0.2189875111079158
0.75 1 28 29 51.28458887293516 0.207051688994742
0.75 1 29 30 52.18030968680409 0.1959415161182271
0.75 1 30 31 52.63158845201644 0.1855828098693847
0.75 1 31 32 52.72254939954905 0.1759097626143779
0.75 1 32 33 52.52222017497616 0.1668638039273363
0.75 1 33 34 52.08737853058375 0.1583926434698578
0.75 1 34 35 51.46482176838015 0.1504494600932314
0.75 1 35 36 50.69318529414971 0.1429922137166283
0.75 1 36 37 49.80440681819357 0.1359830568293939
0.75 1 37 38 48.82491054680725 0.129387831453011
0.75 1 38 39 47.77656890440676 0.1231756356312634
0.75 1 39 40 46.67748658897187 0.117318449480043
0.75 1 40 41 45.5426422211745 0.1117908110338124
0.75 1 41 42 44.38441509229568 0.1065695357106273
0.75 1 42 43 43.21301910746581 0.1016334692625166
0.75 1 43 44 42.03686125884252 0.09696327521142788
0.75 1 44 45 40.86283860518932 0.09254124542367231
0.75 1 45 46 39.69539314616401 0.08911460848897473
0.75 1 46 47 38.54134624050727 0.08947490486222551
0.75 1 47 48 37.40318762205482 0.09371635561915374
0.75 1 48 49 36.2838661496219 0.101135902646834
0.75 1 49 50 35.18551226044059 0.1089733213079564
1 1.25 0 1 5442.750622897601 1.572195074046382
1 1.25 1 2 -2009.634537301654 0.6528232307353937
1 1.25 2 3 -5504.315738494397 1.819934833166178
1 1.25 3 4 -4358.600212963007 1.773843582771286
1 1.25 4 5 -3180.056694120866 1.581699472926736
1 1.25 5 6 -2303.972646709456 1.394166596490098
1 1.25 6 7 -1681.854069309829 1.232557442709581
1 1.25 7 8 -1239.68611069894 1.096348836436322
1 1.25 8 9 -921.4223593932797 0.9822020541827844
1 1.25 9 10 -688.816228800365 0.884324992302155
1 1.25 10 11 -516.1624161690152 0.8013919131329541
1 1.25 11 12 -386.3644740693921 0.7295936935421143
1 1.25 12 13 -287.6201106736426 0.6671289582224075
1 1.25 13 14 -211.7543785567875 0.6123818512302629
1 1.25 14 15 -152.9866373364328 0.5640774830876035
1 1.25 15 16 -107.1608932579682 0.521200176681032
1 1.25 16 17 -71.24285150365654 0.4829325963213362
1 1.25 17 18 -42.98579144223027 0.4486105536031966
1 1.25 18 19 -20.70478609196311 0.41768929348811
1 1.25 19 20 -3.121571354073467 0.3897181378118459
1 1.25 20 21 10.74374615811689 0.3643212342052339
1 1.25 21 22 21.64941768416611 0.341182792570847
1 1.25 22 23 30.18717504607116 0.3200356539144362
1 1.25 23 24 36.82234239744059 0.3006523540514899
1 1.25 24 25 41.92337295504808 0.2828380754944099
1 1.25 25 26 45.78383795020363 0.2664250414094144
1 1.25 26 27 48.63896285475664 0.2512680198875459
1 1.25 27 28 50.67817959581805 0.2372406928106242
1 1.25 28 29 52.05473722975148 0.2242327010161977
1 1.25 29 30 52.8931193190956 0.2121472243448159
1 1.25 30 31 53.29481109076789 0.2008989873833666
1 1.25 31 32 53.34281435905984 0.1904126056328575
1 1.25 32 33 53.10520468589687 0.1806212072115442
1 1.25 33 34 52.6379505924059 0.1714652770724863
1 1.25 34 35 51.98716025549049 0.1628916844493151
1 1.25 35 36 51.19088117707668 0.1548528588197947
1 1.25 36 37 50.28054866425163 0.1473060905962785
1 1.25 37 38 49.28215689980061 0.1402129331481956
1 1.25 38 39 48.21720968616648 0.1335386911770706
1 1.25 39 40 47.10349529079377 0.1272519804668987
1 1.25 40 41 45.95572035264343 0.1213243474329876
1 1.25 41 42 44.78603010700078 0.1157299399841523
1 1.25 42 43 43.60443681653931 0.1104452213424841
1 1.25 43 44 42.41917358330522 0.1054487205104428
1 1.25 44 45 41.23698737313219 0.1007208142414863
1 1.25 45 46 40.06220922949581 0.09662004813475637
1 1.25 46 47 38.90151250770722 0.09455312825707098
1 1.25 47 48 37.75730900442053 0.09472134884788351
1 1.25 48 49 36.63246392492044 0.09760743534554049
1 1.25 49 50 35.52903829762937 0.1053067649482481
1.25 1.5 0 1 5114.351486257896 3.314209254622368
1.25 1.5 1 2 -2295.373220630392 4.187682470721266
1.25 1.5 2 3 -5505.974188871975 1.677614321164942
1.25 1.5 3 4 -4319.5647060332 1.601368554355771
1.25 1.5 4 5 -3137.78141691798 1.426022564383446
1.25 1.5 5 6 -2266.189930117765 1.258206956835298
1.25 1.5 6 7 -1649.743037188678 1.113387428787908
1.25 1.5 7 8 -1212.814912635108 0.9907961430618007
1.25 1.5 8 9 -899.0179917114333 0.8872602771497576
1.25 1.5 9 10 -670.1228954426874 0.7995732644476087
1.25 1.5 10 11 -500.5277421973074 0.7237759997553525
1.25 1.5 11 12 -373.2459104591098 0.6585054263822531
1.25 1.5 12 13 -276.576631471823 0.6016625061786147
1.25 1.5 13 14 -202.4283602573905 0.5518082206843573
1.25 1.5 14 15 -145.0878868702694 0.5078006415815507
1.25 1.5 15 16 -100.4531992535649 0.4687260716619561
1.25 1.5 16 17 -65.53313043567482 0.4338468012729956
1.25 1.5 17 18 -38.11547884311881 0.4025618073011029
1.25 1.5 18 19 -16.54304931978595 0.374377147616715
1.25 1.5 19 20 0.4400397278541277 0.3488835289012231
1.25 1.5 20 21 13.79552627373369 0.3257391735193579
1.25 1.5 21 22 24.26686034857744 0.3046566246548751
1.25 1.5 22 23 32.43364721510193 0.2853924872449465
1.25 1.5 23 24 38.7512283861779 0.2677393874488543
1.25 1.5 24 25 43.57980199413782 0.2515196141146654
1.25 1.5 25 26 47.20608343782033 0.2380847805549652
1.25 1.5 26 27 49.85958134893963 0.2265344964637302
1.25 1.5 27 28 51.72494237303385 0.215741384089647
1.25 1.5 28 29 52.95139563660064 0.2056416918955243
1.25 1.5 29 30 53.66003626821703 0.1961781301428785
1.25 1.5 30 31 53.94948422270204 0.1872991369805258
1.25 1.5 31 32 53.90031111838698 0.1789582306466775
1.25 1.5 32 33 53.57852545305258 0.171113437321489
1.25 1.5 33 34 53.03833281028216 0.163726788044701
1.25 1.5 34 35 52.32433396847716 0.1567638766818046
1.25 1.5 35 36 51.47328440740887 0.1501934708127746
1.25 1.5 36 37 50.51550947268356 0.1439871697314288
1.25 1.5 37 38 49.47604771640601 0.1381191039013816
1.25 1.5 38 39 48.37557848167108 0.132565669260673
1.25 1.5 39 40 47.23117735189561 0.1273052937582242
1.25 1.5 40 41 46.05693375764918 0.1223182305212254
1.25 1.5 41 42 44.86445747291992 0.1175863748572937
1.25 1.5 42 43 43.66329544575331 0.1130931028542704
1.25 1.5 43 44 42.46127578563494 0.1088231270072378
1.25 1.5 44 45 41.26479244654973 0.104762368762119
1.25 1.5 45 46 40.07788988936014 0.101234665326932
1.25 1.5 46 47 38.90692825519363 0.09948464691617007
1.25 1.5 47 48 37.75410543539411 0.0996738276973707
1.25 1.5 48 49 36.62208036830617 0.1016913550472877
1.25 1.5 49 50 35.51272918809101 0.1043180365524205
1.5 1.75 0 1 4711.613765021018 0.9315977772780959
1.5 1.75 1 2 -2673.367260274526 0.7522713872377887
1.5 1.75 2 3 -5530.921082048368 1.696184363488095
1.5 1.75 3 4 -4284.59973311761 1.640181055718869
1.5 1.75 4 5 -3091.537391061053 1.466602571898563
1.5 1.75 5 6 -2220.79669420286 1.29212262679977
1.5 1.75 6 7 -1608.470023690863 1.139085723257135
1.5 1.75 7 8 -1176.297815825832 1.009103034226633
1.5 1.75 8 9 -867.0362546388465 0.8995602963359181
1.5 1.75 9 10 -642.1959668303025 0.8071692740094119
1.5 1.75 10 11 -476.1414600049698 0.7277721817130671
1.5 1.75 11 12 -351.9057614810272 0.6597567721071529
1.5 1.75 12 13 -257.8484429615962 0.6008300109459637
1.5 1.75 13 14 -185.9382428361237 0.5493973419943052
1.5 1.75 14 15 -130.5178637891593 0.5041980890548898
1.5 1.75 15 16 -87.53428135533727 0.4642287689253666
1.5 1.75 16 17 -54.03810561877981 0.428683827804853
1.5 1.75 17 18 -27.85229563471398 0.3969107869251301
1.5 1.75 18 19 -7.349069515112888 0.368376451710519
1.5 1.75 19 20 8.702900691462446 0.3426413859424193
1.5 1.75 20 21 21.24485245060987 0.319340505365355
1.5 1.75 21 22 31.00309343831293 0.2981682106825808
1.5 1.75 22 23 38.54286162617655 0.2788668952922825
1.5 1.75 23 24 44.30742388977603 0.2612179871609728
1.5 1.75 24 25 48.64680005800847 0.2450349050159888
1.5 1.75 25 26 51.83909895673662 0.2301574740140174
1.5 1.75 26 27 54.10652866797898 0.2164474625142193
1.5 1.75 27 28 55.62752362429296 0.2037849887010187
1.5 1.75 28 29 56.54601040870955 0.1920656068070941
1.5 1.75 29 30 56.97854428695109 0.181197927073097
1.5 1.75 30 31 57.01984677441146 0.1711016610665245
1.5 1.75 31 32 56.74713215448531 0.1617060057056983
1.5 1.75 32 33 56.22350944826064 0.1529482990640414
1.5 1.75 33 34 55.50067333206783 0.1447728979011872
1.5 1.75 34 35 54.62104439878107 0.1371302338426171
1.5 1.75 35 36 53.61948022731156 0.1299760175264479
1.5 1.75 36 37 52.524649865745 0.1232705630886095
1.5 1.75 37 38 51.36014290940534 0.1169782133707158
1.5 1.75 38 39 50.14536814491265 0.1110668484861048
1.5 1.75 39 40 48.89628448975833 0.1055074641419862
1.5 1.75 40 41 47.62599778174052 0.1002738076042981
1.5 1.75 41 42 46.3452495539625 0.09534206469370748
1.5 1.75 42 43 45.06281873383813 0.09069058632691941
1.5 1.75 43 44 43.78585268451434 0.08629965261711944
1.5 1.75 44 45 42.52014078139433 0.08215126500054346
1.5 1.75 45 46 41.26921008547947 0.07893510848212587
1.5 1.75 46 47 40.03890623502576 0.07922848471126664
1.5 1.75 47 48 38.83101915249972 0.08311078020752624
1.5 1.75 48 49 37.64782461036575 0.08992690770972615
1.5 1.75 49 50 36.49086314177453 0.09712492419320971
1.75 2 0 1 4284.108056775434 1.070180601861149
1.75 2 1 2 -3054.749597969272 2.479589295460022
1.75 2 2 3 -5539.592034853453 2.759650161402052
1.75 2 3 4 -4242.964254054537 2.313315349652354
1.75 2 4 5 -3047.04063376336 1.925513251063968
1.75 2 5 6 -2182.045799551071 1.627075729381473
1.75 2 6 7 -1576.320858333644 1.396853386173865
1.75 2 7 8 -1149.955059470897 1.21582748273929
1.75 2 8 9 -845.4808588116953 1.06960913072124
1.75 2 9 10 -624.5147782498666 0.9507680989721404
1.75 2 10 11 -461.5832871120292 0.8511484140625419
1.75 2 11 12 -339.8736045189553 0.7671537103634944
1.75 2 12 13 -247.8671113733544 0.6953561692802216
1.75 2 13 14 -177.6297324688626 0.6333544599858295
1.75 2 14 15 -123.5801487942729 0.5793366433556163
1.75 2 15 16 -81.72472461877987 0.5319102156096877
1.75 2 16 17 -49.16067729867677 0.4899874209095224
1.75 2 17 18 -23.74775159317596 0.4527061536820087
1.75 2 18 19 -3.88738197073576 0.4193742719614533
1.75 2 19 20 11.62840871398521 0.3894296417777285
1.75 2 20 21 23.72208205824666 0.3624109632714831
1.75 2 21 22 33.10476252001172 0.3379361302338507
1.75 2 22 23 40.32934508465883 0.3156859435780118
1.75 2 23 24 45.82901348711334 0.295391692355155
1.75 2 24 25 49.94551334893845 0.276825569780945
1.75 2 25 26 52.95013545596862 0.2597931953894846
1.75 2 26 27 55.059448185355 0.2441277215075592
1.75 2 27 28 56.44720440974811 0.229685145114948
1.75 2 28 29 57.25343175727551 0.2163405465144308
1.75 2 29 30 57.59142843674397 0.2039850474285007
1.75 2 30 31 57.55318744011765 0.1925233325332063
1.75 2 31 32 57.21363129420104 0.1818716167205277
1.75 2 32 33 56.63393941699661 0.1719559665918004
1.75 2 33 34 55.86417812184669 0.1627109060107259
1.75 2 34 35 54.9453909568021 0.1540782523369884
1.75 2 35 36 53.91126871136078 0.1460061382108465
1.75 2 36 37 52.78949001427964 0.1384481865677416
1.75 2 37 38 51.60280235465279 0.1313628114171047
1.75 2 38 39 50.36989742768611 0.1247126219330592
1.75 2 39 40 49.10612267293823 0.1184639134088027
1.75 2 40 41 47.82406186035689 0.1125862296178724
1.75 2 41 42 46.5340103027138 0.1070519866764905
1.75 2 42 43 45.24436516910941 0.101836146513412
1.75 2 43 44 43.96194695066009 0.09691593472738474
1.75 2 44 45 42.69226496237334 0.09227059434020889
1.75 2 45 46 41.43863758399681 0.08824091002224342
1.75 2 46 47 40.20664361895456 0.08617010954353423
1.75 2 47 48 38.99792807359646 0.08624093458702334
1.75 2 48 49 37.81461533472026 0.09087108364198164
1.75 2 49 50 36.65810918573013 0.09771768815173407
2 2.25 0 1 3808.626365329459 1.064107864697148
2 2.25 1 2 -3463.482086587233 0.8814243365059193
2 2.25 2 3 -5531.945854060344 1.666611952393337
2 2.25 3 4 -4168.568398855031 1.539878306594954
2 2.25 4 5 -2963.704722154569 1.357064761909493
2 2.25 5 6 -2104.065762842886 1.195720292119919
2 2.25 6 7 -1507.119486789325 1.060587612599313
2 2.25 7 8 -1089.722617118472 0.9470466983915412
2 2.25 8 9 -793.402329805956 0.8514675780493985
2 2.25 9 10 -579.5375890527666 0.7699802620364603
2 2.25 10 11 -422.6989565995373 0.6992167307542067
2 2.25 11 12 -306.1613939882964 0.6379443550805773
2 2.25 12 13 -218.543436057394 0.5842982681111291
2 2.25 13 14 -152.0338829983812 0.5370169592952418
2 2.25 14 15 -101.1589935384636 0.495096124610071
2 2.25 15 16 -62.01610179191175 0.4577274032238993
2 2.25 16 17 -31.77811450589206 0.4242535418817023
2 2.25 17 18 -8.367310195123082 0.3941351721803396
2 2.25 18 19 9.76332244313835 0.3669258798709166
2 2.25 19 20 23.77923288691932 0.3422532752192973
2 2.25 20 21 34.56772595328459 0.3198044555961916
2 2.25 21 22 42.81077502153357 0.2993147332716541
2 2.25 22 23 49.0370194887098 0.2805588044088636
2 2.25 23 24 53.6593858956378 0.2633437743404303
2 2.25 24 25 57.00263772251208 0.2475036007542582
2 2.25 25 26 59.32377522452794 0.2328946340633316
2 2.25 26 27 60.82729639200545 0.2193920095664986
2 2.25 27 28 61.6767218257387 0.2068867117279529
2 2.25 28 29 62.00337443119793 0.1952831674206574
2 2.25 29 30 61.91312187842118 0.1844972621407103
2 2.25 30 31 61.4915933440945 0.1744546948034779
2 2.25 31 32 60.80824375769737 0.1650896058404549
2 2.25 32 33 59.91954050880901 0.1563434282000696
2 2.25 33 34 58.87147700618061 0.1481639186232456
2 2.25 34 35 57.70156627083838 0.1405043390993564
2 2.25 35 36 56.44043028248012 0.1333227605306843
2 2.25 36 37 55.11307310286969 0.1265814692641775
2 2.25 37 38 53.73990527084459 0.1202464578112882
2 2.25 38 39 52.3375714725089 0.114286987982699
2 2.25 39 40 50.91962182142169 0.1086752133509555
2 2.25 40 41 49.49705834367205 0.1033858521904868
2 2.25 41 42 48.07878122970078 0.09839590402095047
2 2.25 42 43 46.67195447487282 0.093684402089765
2 2.25 43 44 45.28230627671456 0.08923219729542863
2 2.25 44 45 43.91437649386739 0.08502176911685774
2 2.25 45 46 42.57064418238392 0.08169543125208359
2 2.25 46 47 41.25587735190089 0.08165182455573282
2 2.25 47 48 39.97105825864284 0.08495339059600637
2 2.25 48 49 38.71769873627252 0.09097719952582477
2 2.25 49 50 37.49665649884943 0.09734737555829601
2.25 2.5 0 1 3301.766754900515 1.885546747953389
2.25 2.5 1 2 -3875.833576588951 0.9708767376527228
2.25 2.5 2 3 -5485.693243779502 1.699319435139196
2.25 2.5 3 4 -4061.849457677185 1.564168895411959
2.25 2.5 4 5 -2859.815130392462 1.396945725825071
2.25 2.5 5 6 -2014.979445924019 1.265644695622352
2.25 2.5 6 7 -1433.268154784469 1.138760021126545
2.25 2.5 7 8 -1029.008234276461 1.024829187637977
2.25 2.5 8 9 -743.461538502846 0.9254614900721994
2.25 2.5 9 10 -538.3046180854494 0.8389384167821383
2.25 2.5 10 11 -388.5070489534407 0.7630720606921649
2.25 2.5 11 12 -277.6694532963418 0.6968508747501686
2.25 2.5 12 13 -194.6943114988949 0.6386239501587632
2.25 2.5 13 14 -131.989314256223 0.5871756629485766
2.25 2.5 14 15 -84.2508634168405 0.5414961739442403
2.25 2.5 15 16 -47.70848830557907 0.5007496182400554
2.25 2.5 16 17 -19.63823320609777 0.4642433402414087
2.25 2.5 17 18 1.956658189279096 0.431401342758756
2.25 2.5 18 19 18.55919404963925 0.4017423995332138
2.25 2.5 19 20 31.28386795157292 0.374862369170041
2.25 2.5 20 21 40.97713310087397 0.3504200187216795
2.25 2.5 21 22 48.28799359662469 0.328125683046521
2.25 2.5 22 23 53.71831374247631 0.3077321811072771
2.25 2.5 23 24 57.65914742327516 0.2890275171269409
2.25 2.5 24 25 60.41729207148319 0.271828990925493
2.25 2.5 25 26 62.23491508944471 0.2559784229118243
2.25 2.5 26 27 63.30420978720758 0.2413382624432445
2.25 2.5 27 28 63.77844368715091 0.2277884006327978
2.25 2.5 28 29 63.7803603634751 0.2152235451444881
2.25 2.5 29 30 63.40862045979338 0.2035510485864649
2.25 2.5 30 31 62.74277655140639 0.1926891013239024
2.25 2.5 31 32 61.84714224164679 0.1825652218673242
2.25 2.5 32 33 60.7738206155899 0.1731149890188483
2.25 2.5 33 34 59.56508884431361 0.1642809726544292
2.25 2.5 34 35 58.25528622422576 0.1560118281324231
2.25 2.5 35 36 56.87231674879922 0.1482615263800955
2.25 2.5 36 37 55.43885061331224 0.1409886961020623
2.25 2.5 37 38 53.97328926712117 0.1341560605661344
2.25 2.5 38 39 52.49054373924628 0.1277299528146476
2.25 2.5 39 40 51.00266474441099 0.1216798977754659
2.25 2.5 40 41 49.51935469323854 0.1159782498512945
2.25 2.5 41 42 48.0483849993816 0.1105998787588386
2.25 2.5 42 43 46.59593732966891 0.1055218954768941
2.25 2.5 43 44 45.16688340444642 0.1007234131611936
2.25 2.5 44 45 43.7650150035027 0.09618533688906705
2.25 2.5 45 46 42.39219215115455 0.09220593315420855
2.25 2.5 46 47 41.05254124793569 0.08995161111830008
2.25 2.5 47 48 39.7465770074927 0.08955886635741007
2.25 2.5 48 49 38.47536932447747 0.09088503566073425
2.25 2.5 49 50 37.23938728392801 0.09323573771424992
2.5 2.75 0 1 2741.021839556842 2.570111436319118
2.5 2.75 1 2 -4320.364554218469 1.115284137640807
2.5 2.75 2 3 -5430.840867927696 2.520662425543669
2.5 2.75 3 4 -3941.729754685473 2.530332633448852
2.5 2.75 4 5 -2741.335711605648 2.263672202860647
2.5 2.75 5 6 -1911.287257182687 1.988494711593838
2.5 2.75 6 7 -1345.476574679471 1.748100446485021
2.5 2.75 7 8 -955.3599482538111 1.545103659474642
2.5 2.75 8 9 -681.7152941215491 1.374363914847126
2.5 2.75 9 10 -486.3893627454327 1.230567712034768
2.5 2.75 10 11 -344.6885462213429 1.107882097127408
2.5 2.75 11 12 -240.5147836278541 1.002767625637972
2.5 2.75 12 13 -163.0476330447118 0.9119070206489852
2.5 2.75 13 14 -104.9170941873672 0.8327864738122869
2.5 2.75 14 15 -60.99742279578118 0.7634196739035234
2.5 2.75 15 16 -27.65950585417204 0.7022254317070864
2.5 2.75 16 17 -2.29172252592366 0.6479342731235729
2.5 2.75 17 18 17.01313901142953 0.5995180182979004
2.5 2.75 18 19 31.66637698729846 0.5561367403574059
2.5 2.75 19 20 42.72474833636045 0.5170986396590044
2.5 2.75 20 21 50.98795776711881 0.4818294808148676
2.5 2.75 21 22 57.066944160822 0.4498491265547256
2.5 2.75 22 23 61.43240633110997 0.4207533700688348
2.5 2.75 23 24 64.4497465945426 0.3941997505586942
2.5 2.75 24 25 66.40454244832506 0.3698963877183016
2.5 2.75 25 26 67.52132302031578 0.3475931224802606
2.5 2.75 26 27 67.97755363459623 0.3270744344602798
2.5 2.75 27 28 67.91415077230636 0.3081537383936557
2.5 2.75 28 29 67.4434578377228 0.2906687598095229
2.5 2.75 29 30 66.65534395861749 0.2744777605984829
2.5 2.75 30 31 65.62190254977588 0.259456440076983
2.5 2.75 31 32 64.40109622630558 0.24549537512527
2.5 2.75 32 33 63.03960249862752 0.2324978938351445
2.5 2.75 33 34 61.57504871627401 0.2203783007429171
2.5 2.75 34 35 60.03777702359662 0.209060387015393
2.5 2.75 35 36 58.45224529257428 0.1984761750004517
2.5 2.75 36 37 56.8381443672186 0.1885648549796635
2.5 2.75 37 38 55.21129300533488 0.179271880792174
2.5 2.75 38 39 53.58435765490168 0.1705481978184134
2.5 2.75 39 40 51.96743350336897 0.1623495813804828
2.5 2.75 40 41 50.36851524517925 0.1546360672370942
2.5 2.75 41 42 48.79387961137323 0.147371460510205
2.5 2.75 42 43 47.24839720035379 0.1405229096329643
2.5 2.75 43 44 45.73578732205493 0.1340605369458801
2.5 2.75 44 45 44.25882677329633 0.1279571159349432
2.5 2.75 45 46 42.81851560972677 0.1224083647292039
2.5 2.75 46 47 41.41811920180868 0.1182229882879055
2.5 2.75 47 48 40.05748718332688 0.1155146507902478
2.5 2.75 48 49 38.73706800005044 0.1142286144143167
2.5 2.75 49 50 37.45677799406334 0.1135619829194426
2.75 3 0 1 2119.3170792478 2.128743900129583
2.75 3 1 2 -4760.715554700374 3.790810044023702
2.75 3 2 3 -5316.983133135716 5.759056392066798
2.75 3 3 4 -3766.325930356964 5.013383902723893
2.75 3 4 5 -2577.978705007794 4.205730436783496
2.75 3 5 6 -1772.519697363533 3.547325638543359
2.75 3 6 7 -1230.500167972345 3.027447494309824
2.75 3 7 8 -860.6141139289434 2.614365598922311
2.75 3 8 9 -603.5043222961622 2.28145619802225
2.75 3 9 10 -421.5587628165467 2.0094254138903
2.75 3 10 11 -290.7512328644921 1.783991882376746
2.75 3 11 12 -195.3430060804012 1.594430844680287
2.75 3 12 13 -125.0587772619213 1.433674943943443
2.75 3 13 14 -72.82916581198151 1.295896548154913
2.75 3 14 15 -33.78735233943621 1.176787132161318
2.75 3 15 16 -4.505706861085628 1.073022845605299
2.75 3 16 17 17.47001479165851 0.9820040220125451
2.75 3 17 18 33.92338475671431 0.9016716398786373
2.75 3 18 19 46.16791719698222 0.8303760225389069
2.75 3 19 20 55.18249644110517 0.7667815040718742
2.75 3 20 21 61.70438446773676 0.7097962247995839
2.75 3 21 22 66.29411661105064 0.6585197432625431
2.75 3 22 23 69.38144781784138 0.6122034570904065
2.75 3 23 24 71.2983210610812 0.5702203555669056
2.75 3 24 25 72.30281608914549 0.5320416556375722
2.75 3 25 26 72.59674337425099 0.4972185749326328
2.75 3 26 27 72.33870413438717 0.4653679803628724
2.75 3 27 28 71.65387758220692 0.4361609905418596
2.75 3 28 29 70.64142021356292 0.4093138513009242
2.75 3 29 30 69.38010513509732 0.3845805756834783
2.75 3 30 31 67.93265227538461 0.3617469655676782
2.75 3 31 32 66.34907636706794 0.3406257232324968
2.75 3 32 33 64.66929202913474 0.3210524294326185
2.75 3 33 34 62.9251527736173 0.3028822153344513
2.75 3 34 35 61.14205565073399 0.2859869929053581
2.75 3 35 36 59.34021044011052 0.2702531386182454
2.75 3 36 37 57.53564817148191 0.2555795464981905
2.75 3 37 38 55.74102597821684 0.2418759841252417
2.75 3 38 39 53.96627194148704 0.2290616982949425
2.75 3 39 40 52.21910358545844 0.2170642274705451
2.75 3 40 41 50.50544624013585 0.2058183867150922
2.75 3 41 42 48.82977152741856 0.1952653960635718
2.75 3 42 43 47.19537204839267 0.1853521300751597
2.75 3 43 44 45.60458481527365 0.1760304691622882
2.75 3 44 45 44.05897337843169 0.1672567372000489
2.75 3 45 46 42.55851582443003 0.1591466987309488
2.75 3 46 47 41.10544862505469 0.152255431477435
2.75 3 47 48 39.69883789877093 0.1466625347922947
2.75 3 48 49 38.33840015989739 0.1423420000657744
2.75 3 49 50 37.0234024658989 0.1387251587971875
3 3.25 0 1 1438.426808551825 1.316378707566076
3 3.25 1 2 -5127.142696345833 8.773158647063079
3 3.25 2 3 -5089.608771236881 9.76162349915406
3 3.25 3 4 -3501.06193026335 8.049329314572983
3 3.25 4 5 -2348.039856146204 6.57767795434884
3 3.25 5 6 -1584.931768833645 5.45534254132092
3 3.25 6 7 -1079.604075111329 4.598825366211798
3 3.25 7 8 -739.2674943534762 3.932983846752351
3 3.25 8 9 -505.4938512666238 3.405008534086781
3 3.25 9 10 -341.9348633383638 2.978333983901037
3 3.25 10 11 -225.6659122036058 2.62809346880275
3 3.25 11 12 -141.8874345579586 2.336623406059557
3 3.25 12 13 -80.93336638499363 2.090944278971955
3 3.25 13 14 -36.25938623275101 1.881701051955062
3 3.25 14 15 -3.38109780707191 1.701821323636276
3 3.25 15 16 20.83846591996598 1.545906297358355
3 3.25 16 17 38.63088100002244 1.409771206651702
3 3.25 17 18 51.60765477265181 1.29012732953874
3 3.25 18 19 60.94816782405917 1.184357817523534
3 3.25 19 20 67.52584361828167 1.090356900744209
3 3.25 20 21 71.99434943544293 1.006412698446042
3 3.25 21 22 74.84744856154578 0.9311205504265521
3 3.25 22 23 76.46117711069678 0.8633180526110954
3 3.25 23 24 77.12397038611232 0.8020357561115237
3 3.25 24 25 77.05845010809571 0.746459324423257
3 3.25 25 26 76.43736055622702 0.6959001787597443
3 3.25 26 27 75.39534685374383 0.6497725050650888
3 3.25 27 28 74.03774364427881 0.6075750808536478
3 3.25 28 29 72.44719077952703 0.5688767901882936
3 3.25 29 30 70.68865354046665 0.5333049882887856
3 3.25 30 31 68.81326055786315 0.5005360860637822
3 3.25 31 32 66.86125797062607 0.4702878795251286
3 3.25 32 33 64.86429766128731 0.4423132598806542
3 3.25 33 34 62.84721997177701 0.4163950254925928
3 3.25 34 35 60.82944999299963 0.3923415775658165
3 3.25 35 36 58.82609655163947 0.369983330797809
3 3.25 36 37 56.84882106714642 0.3491697044280092
3 3.25 37 38 54.90652730394274 0.3297665883790155
3 3.25 38 39 53.005910973147 0.3116541993524741
3 3.25 39 40 51.15189911313479 0.2947252596980635
3 3.25 40 41 49.34800248388325 0.2788834434361278
3 3.25 41 42 47.59659886672966 0.2640420459975867
3 3.25 42 43 45.89916141486347 0.2501228403818632
3 3.25 43 44 44.25644306565201 0.2370550910824276
3 3.25 44 45 42.66862570211134 0.2247747002853832
3 3.25 45 46 41.13454284863832 0.2133279077885204
3 3.25 46 47 39.65524842490728 0.2030598288077291
3 3.25 47 48 38.22894679595379 0.1940023021290037
3 3.25 48 49 36.85454327787609 0.1861240702687793
3 3.25 49 50 35.53059003708333 0.1790299769278017
3.25 3.5 0 1 724.8499054514355 0.4574914254550388
3.25 3.5 1 2 -5301.815070307473 19.14954122726668
3.25 3.5 2 3 -4677.765014197879 15.60042264777974
3.25 3.5 3 4 -3105.224985461696 11.88329939504165
3.25 3.5 4 5 -2028.289460280399 9.312870219938871
3.25 3.5 5 6 -1335.604927306837 7.51057189474992
3.25 3.5 6 7 -886.077916318407 6.199006947086499
3.25 3.5 7 8 -588.4153475608916 5.211491440079599
3.25 3.5 8 9 -387.1404349486274 4.446633511064144
3.25 3.5 9 10 -248.4432761619278 3.840144173754055
3.25 3.5 10 11 -151.3095715481238 3.349882784332835
3.25 3.5 11 12 -82.51935589424647 2.946995905454726
3.25 3.5 12 13 -33.39213439857713 2.611358396361834
3.25 3.5 13 14 1.904465460577057 2.328370877163071
3.25 3.5 14 15 27.26865453436244 2.087311777831091
3.25 3.5 15 16 45.42314209740891 1.880110472849731
3.25 3.5 16 17 58.28843195022057 1.700591331667386
3.25 3.5 17 18 67.23984182687684 1.543955467202771
3.25 3.5 18 19 73.27551342129186 1.406422372487419
3.25 3.5 19 20 77.12841074139476 1.28497704992972
3.25 3.5 20 21 79.34233639606293 1.17718830533946
3.25 3.5 21 22 80.32438253740031 1.081076020814229
3.25 3.5 22 23 80.38166981911036 0.995012753387159
3.25 3.5 23 24 79.74743593775042 0.9176497900622786
3.25 3.5 24 25 78.59979421301682 0.8478608910695051
3.25 3.5 25 26 77.0753762842939 0.784699003351594
3.25 3.5 26 27 75.2793580270648 0.7273626058284283
3.25 3.5 27 28 73.29289797857888 0.6751692906513428
3.25 3.5 28 29 71.17870437360739 0.6275348397044156
3.25 3.5 29 30 68.98523491729907 0.5839565161287615
3.25 3.5 30 31 66.74988833919491 0.5439996187024938
3.25 3.5 31 32 64.50144601736105 0.5072865845035021
3.25 3.5 32 33 62.26195132504785 0.4734880972226588
3.25 3.5 33 34 60.04816427048277 0.4423157865404936
3.25 3.5 34 35 57.87269313464333 0.4135161984096569
3.25 3.5 35 36 55.74487888579245 0.3868657873017942
3.25 3.5 36 37 53.67148923484768 0.3621667353826924
3.25 3.5 37 38 51.65726534189895 0.3392434449449552
3.25 3.5 38 39 49.70535385844104 0.3179395818658894
3.25 3.5 39 40 47.8176493075847 0.2981155724734643
3.25 3.5 40 41 45.9950661241121 0.2796464754907743
3.25 3.5 41 42 44.23775516452525 0.2624201654062874
3.25 3.5 42 43 42.54527633256538 0.2463357764234603
3.25 3.5 43 44 40.91673635787171 0.2313023639068425
3.25 3.5 44 45 39.35089880594552 0.2172377498809706
3.25 3.5 45 46 37.84546543369545 0.2041616416334565
3.25 3.5 46 47 36.40024843618329 0.1923702493768372
3.25 3.5 47 48 35.01263339848985 0.1818860474209889
3.25 3.5 48 49 33.68073815774913 0.172677354471552
3.25 3.5 49 50 32.40243265620219 0.1643797771206331
3.5 3.75 0 1 61.18096583851747 1.788978211462203
3.5 3.75 1 2 -5095.195999126113 25.58679621534397
3.5 3.75 2 3 -4001.042835789512 17.36633788517431
3.5 3.75 3 4 -2546.089795474521 12.42809984957172
3.5 3.75 4 5 -1608.341526055352 9.397124221821183
3.5 3.75 5 6 -1024.768195812281 7.39129493387832
3.5 3.75 6 7 -655.1732075839705 5.983329163662182
3.5 3.75 7 8 -415.5591918122327 4.950028965052469
3.5 3.75 8 9 -256.7727876548081 4.165196176194332
3.5 3.75 9 10 -149.5685134872078 3.552896416513779
3.5 3.75 10 11 -76.10302916697788 3.063975786807055
3.5 3.75 11 12 -25.0243204580745 2.667338759981128
3.5 3.75 12 13 10.40610715388448 2.340395261518601
3.5 3.75 13 14 34.86919930576107 2.066734076201557
3.5 3.75 14 15 51.88068587036514 1.835794162592769
3.5 3.75 15 16 63.45624893868535 1.638827324466683
3.5 3.75 16 17 71.10956542376823 1.469410056017747
3.5 3.75 17 18 75.91281646148229 1.322596871663511
3.5 3.75 18 19 78.63552252790691 1.19452405279103
3.5 3.75 19 20 79.83630638607701 1.082133411033802
3.5 3.75 20 21 79.92467269426362 0.9829759038454839
3.5 3.75 21 22 79.20330495888544 0.8950695467203004
3.5 3.75 22 23 77.89746840872476 0.8167949727766451
3.5 3.75 23 24 76.17573400852888 0.7468175590408108
3.5 3.75 24 25 74.16476980173707 0.6840286013999402
3.5 3.75 25 26 71.96001884285812 0.6275003482744073
3.5 3.75 26 27 69.63348783681022 0.5764512512348857
3.5 3.75 27 28 67.23948192826305 0.5302188409757203
3.5 3.75 28 29 64.81886348897143 0.4882383583885184
3.5 3.75 29 30 62.4022393770544 0.4500257748417719
3.5 3.75 30 31 60.01236311667347 0.4151641921845364
3.5 3.75 31 32 57.66595691053971 0.383292868857779
3.5 3.75 32 33 55.37510152655341 0.3540983035187074
3.5 3.75 33 34 53.14830198623511 0.3273069432876787
3.5 3.75 34 35 50.99130839611874 0.3026791846100439
3.5 3.75 35 36 48.90775069835621 0.2800044090540998
3.5 3.75 36 37 46.89963119849588 0.2590968538493585
3.5 3.75 37 38 44.96770784389261 0.2397921592096341
3.5 3.75 38 39 43.11179316336819 0.2219444679577882
3.5 3.75 39 40 41.33098780430416 0.2054239781737978
3.5 3.75 40 41 39.62386321466795 0.1901148695107958
3.5 3.75 41 42 37.98860454351839 0.1759135389641122
3.5 3.75 42 43 36.423122406907 0.1627270947868096
3.5 3.75 43 44 34.92514019726914 0.1504720661532145
3.5 3.75 44 45 33.4922621092349 0.1390732941739388
3.5 3.75 45 46 32.12135138196075 0.1285807819697617
3.5 3.75 46 47 30.81114397342593 0.1193994858477057
3.5 3.75 47 48 29.55848512501558 0.1116028076376532
3.5 3.75 48 49 28.36093343920308 0.1051906651893982
3.5 3.75 49 50 27.21590041239391 0.09973252112253558
3.75 4 0 1 -437.0741125895063 2.03285493805465
3.75 4 1 2 -4360.521146310484 29.81178304732196
3.75 4 2 3 -3037.746945341163 14.33414628242082
3.75 4 3 4 -1833.140381957553 8.592064241100763
3.75 4 4 5 -1106.707814769628 5.72554347792961
3.75 4 5 6 -672.5884010540028 4.062329674431832
3.75 4 6 7 -406.0827822166386 3.003489529255106
3.75 4 7 8 -238.0559661475245 2.285445141841434
3.75 4 8 9 -129.6757371513447 1.775611639207438
3.75 4 9 10 -58.53111194891949 1.400371774055253
3.75 4 10 11 -11.35808753592107 1.116577640604925
3.75 4 11 12 20.13116016574725 0.9028218732246636
3.75 4 12 13 41.10857138787946 0.7336780918059338
3.75 4 13 14 54.78057289034473 0.6042809325654279
3.75 4 14 15 63.79910905914369 0.4753727376323489
3.75 4 15 16 69.00859796544751 0.3996812535139454
3.75 4 16 17 71.90031568435148 0.3294700596996529
3.75 4 17 18 73.07112009096886 0.2731130714543559
3.75 4 18 19 73.02873869901862 0.229290043012794
3.75 4 19 20 72.13557630213541 0.2125906557122706
3.75 4 20 21 70.65251833946678 0.1974674385196443
3.75 4 21 22 68.76861640719966 0.183727178454128
3.75 4 22 23 66.62151766117063 0.1712058473822661
3.75 4 23 24 64.3117202697523 0.1597634329509338
3.75 4 24 25 61.91264559738792 0.1492798037259177
3.75 4 25 26 59.47783501218706 0.1396513819656726
3.75 4 26 27 57.04614433960339 0.1307884493108688
3.75 4 27 28 54.64552716113951 0.1302665948527588
3.75 4 28 29 52.29581275991566 0.1329491990184998
3.75 4 29 30 50.01076061386973 0.1357299967603183
3.75 4 30 31 47.799589582978 0.1384045003551811
3.75 4 31 32 45.66812246978802 0.1408533491728927
3.75 4 32 33 43.61964681431857 0.1430127705102584
3.75 4 33 34 41.65556489364741 0.1448544718001046
3.75 4 34 35 39.77588614725491 0.1463723305028765
3.75 4 35 36 37.97960114015008 0.1475737132770447
3.75 4 36 37 36.26496600891528 0.1484738623326645
3.75 4 37 38 34.62971896915411 0.1490922899467729
3.75 4 38 39 33.07124504169973 0.1494504808018409
3.75 4 39 40 31.58670116962082 0.1495704462212972
3.75 4 40 41 30.17311099113053 0.1494738325541985
3.75 4 41 42 28.82743624545655 0.1491813907080723
3.75 4 42 43 27.54663020450232 0.14871267982968
3.75 4 43 44 26.32767725892972 0.1480859227847154
3.75 4 44 45 25.16762180294206 0.1473179579596686
3.75 4 45 46 24.06308794527477 0.1464955633104584
3.75 4 46 47 23.0121744310089 0.1458795962971368
3.75 4 47 48 22.01171065993572 0.1454837230010632
3.75 4 48 49 21.05914389700107 0.1452797213558768
3.75 4 49 50 20.15185377673636 0.1450550995512285
4 5 0 1 -1207.67024043417 3.656146137591395
4 5 1 2 -4877.66377246338 10.4028412529137
4 5 2 3 -2794.164708034479 6.668900909809021
4 5 3 4 -1463.567349442035 4.757911251524967
4 5 4 5 -758.8249052728602 3.488671295159642
4 5 5 6 -380.0700098697234 2.644396068178235
4 5 6 7 -168.1376291627314 2.105900128319035
4 5 7 8 -46.16596596135014 1.739459943692653
4 5 8 9 25.04704233333382 1.468045313567285
4 5 9 10 66.59085673477387 1.255791435301403
4 5 10 11 90.26626514664417 1.088738330838124
4 5 11 12 102.9753942581501 0.9554303232851767
4 5 12 13 108.8581362034273 0.8442202732726761
4 5 13 14 110.4432951153209 0.7492030387561841
4 5 14 15 109.3198938100301 0.6689587701491532
4 5 15 16 106.5137117074514 0.6011334748246887
4 5 16 17 102.6966141748334 0.5428728448719569
4 5 17 18 98.30823967028834 0.4918527926617866
4 5 18 19 93.63614720635627 0.4467587133046267
4 5 19 20 88.86918422703798 0.4068690815762376
4 5 20 21 84.13150876506307 0.3715777504338127
4 5 21 22 79.5037878398382 0.3402449046065105
4 5 22 23 75.03681171453948 0.3122586111277567
4 5 23 24 70.76073890582134 0.2871109232700034
4 5 24 25 66.69159832588815 0.2644132801339859
4 5 25 26 62.83587017668148 0.2438682367385128
4 5 26 27 59.19366521881906 0.2252338164801361
4 5 27 28 55.76090269919681 0.2082999868721146
4 5 28 29 52.53079909665195 0.1928788362851651
4 5 29 30 49.49489343652684 0.1788025363699329
4 5 30 31 46.64376066943694 0.165923457207489
4 5 31 32 43.96751063008246 0.1541135967515929
4 5 32 33 41.45613556331608 0.1432627728824527
4 5 33 34 39.09974852710064 0.133276070637473
4 5 34 35 36.88874255549675 0.1240711930599971
4 5 35 36 34.81389246436856 0.1155761390161002
4 5 36 37 32.86641557213719 0.1077273631714177
4 5 37 38 31.03800340259367 0.100468394811364
4 5 38 39 29.32083321106653 0.09374881454103058
4 5 39 40 27.70756571788531 0.08752347929736658
4 5 40 41 26.19133366040478 0.08175190722086019
4 5 41 42 24.7657243738703 0.07639776362913152
4 5 42 43 23.42475870433115 0.07142841389252497
4 5 43 44 22.16286788739906 0.06681452499997677
4 5 44 45 20.97486948775661 0.06252970734834941
4 5 45 46 19.85544796573304 0.05899007487078035
4 5 46 47 18.80076562355138 0.05777993148529512
4 5 47 48 17.80620173834263 0.05889907109284669
4 5 48 49 16.86792761824563 0.06254945218785161
4 5 49 50 15.98198068519698 0.06693932983851321
-5 5 0 50 -548763.9560824519 97.83408658642637
