#ylo yhi qTlo qThi PDF0  uncertainty
-5 -4 0 1 -1193.631344116233 3.812363639078471
-5 -4 1 2 -4854.507839680556 10.69834392340847
-5 -4 2 3 -2788.559589234577 6.80307103650252
-5 -4 3 4 -1462.115281733647 4.810881929716059
-5 -4 4 5 -758.3644634718776 3.511651088866861
-5 -4 5 6 -379.8209078982027 2.666425269347176
-5 -4 6 7 -167.9053107294326 2.128425533222741
-5 -4 7 8 -45.92429404982522 1.760748566597736
-5 -4 8 9 25.30262303100608 1.487451627166968
-5 -4 9 10 66.85073089529817 1.273245947040694
-5 -4 10 11 90.52383596734308 1.10458389347338
-5 -4 11 12 103.2243421918156 0.96938224080774
-5 -4 12 13 109.096247024682 0.8567061999963356
-5 -4 13 14 110.6679026654597 0.7600921631546742
-5 -4 14 15 109.5295333410121 0.6783994402193411
-5 -4 15 16 106.7077582876111 0.6093319889755053
-5 -4 16 17 102.8750040120512 0.5499801253122877
-5 -4 17 18 98.4712950652592 0.4979749171161251
-5 -4 18 19 93.78443840464996 0.451992815696304
-5 -4 19 20 89.00342967818136 0.4113159340970664
-5 -4 20 21 84.25250610410609 0.3753355778597388
-5 -4 21 22 79.61236656257185 0.3434014495883775
-5 -4 22 23 75.13380095115764 0.3148887907363302
-5 -4 23 24 70.84694609134866 0.2892787123970919
-5 -4 24 25 66.76779589818264 0.2661745211590851
-5 -4 25 26 62.90278808448323 0.2452726119571377
-5 -4 26 27 59.2519874666751 0.2263258220427561
-5 -4 27 28 55.8112665655903 0.2091193702225196
-5 -4 28 29 52.57379604375475 0.1934609159903559
-5 -4 29 30 49.53107103659339 0.1791785866838787
-5 -4 30 31 46.6736251009827 0.166121168618336
-5 -4 31 32 43.99152944918463 0.1541575565129894
-5 -4 32 33 41.474740560293 0.1431749116958113
-5 -4 33 34 39.11333854354329 0.1330760486383674
-5 -4 34 35 36.89768618489215 0.1237767192304052
-5 -4 35 36 34.81853059175195 0.1152032340197217
-5 -4 36 37 32.86706372859506 0.1072905764097748
-5 -4 37 38 31.03495392775899 0.09998098834128398
-5 -4 38 39 29.31435722524657 0.09322292241805522
-5 -4 39 40 27.6979149127659 0.08697024630010942
-5 -4 40 41 26.1787419208284 0.08118161289902243
-5 -4 41 42 24.75040924315749 0.07581993163064003
-5 -4 42 43 23.4069227089531 0.07085190849533446
-5 -4 43 44 22.14269973404286 0.0662476356792793
-5 -4 44 45 20.95254514565111 0.06198022147525808
-5 -4 45 46 19.83113173602253 0.05847293384342192
-5 -4 46 47 18.77461426970077 0.0573327162110988
-5 -4 47 48 17.77836167414307 0.05875806962235415
-5 -4 48 49 16.83853551909662 0.06277402196640204
-5 -4 49 50 15.9511681212734 0.06713411637936743
-4 -3.75 0 1 -417.7580729966755 2.030058551061292
-4 -3.75 1 2 -4325.276529503357 29.72160804155898
-4 -3.75 2 3 -3024.079761060259 14.30862141743793
-4 -3.75 3 4 -1828.856720817283 8.584649643440621
-4 -3.75 4 5 -1106.331911450555 5.725310945347362
-4 -3.75 5 6 -673.7155187535125 4.065371416785297
-4 -3.75 6 7 -407.7306438149853 3.008105574033571
-4 -3.75 7 8 -239.8146741222852 2.29083068236105
-4 -3.75 8 9 -131.3785095370417 1.78109137449259
-4 -3.75 9 10 -60.11877885814192 1.406775583553596
-4 -3.75 10 11 -12.81822332555362 1.125305780293223
-4 -3.75 11 12 18.57278573070403 0.9074375919568075
-4 -3.75 12 13 40.09729543113565 0.7336736479385757
-4 -3.75 13 14 53.92851376552915 0.5998710134640847
-4 -3.75 14 15 62.70670766470039 0.4913862494790662
-4 -3.75 15 16 68.12638944408172 0.4038840729862179
-4 -3.75 16 17 71.09586484741163 0.3332463843154823
-4 -3.75 17 18 72.33524811708827 0.2764023277131546
-4 -3.75 18 19 72.35348974113163 0.2311085438455465
-4 -3.75 19 20 71.51407708614187 0.2122195612107592
-4 -3.75 20 21 70.07883121495377 0.197130132954837
-4 -3.75 21 22 68.23760262758134 0.1834203732226697
-4 -3.75 22 23 66.12871699273256 0.1709266603779834
-4 -3.75 23 24 63.8532479776369 0.1595093258604787
-4 -3.75 24 25 61.48510563278046 0.1490485309702888
-4 -3.75 25 26 59.07824740353121 0.1394409487455944
-4 -3.75 26 27 56.67188463614798 0.1305970766442218
-4 -3.75 27 28 54.29427592033608 0.1279039072917414
-4 -3.75 28 29 51.9655133239541 0.1304526886574234
-4 -3.75 29 30 49.69958369647733 0.1331565244993094
-4 -3.75 30 31 47.50590344536835 0.135794761917532
-4 -3.75 31 32 45.39046768866004 0.1382361314016272
-4 -3.75 32 33 43.35671483376191 0.140408300379511
-4 -3.75 33 34 41.40617970573592 0.1422768811210765
-4 -3.75 34 35 39.53898857290272 0.1438314159655243
-4 -3.75 35 36 37.75423528008868 0.145076178170723
-4 -3.75 36 37 36.05026751673311 0.1460241914046102
-4 -3.75 37 38 34.42490486047029 0.1466933676636511
-4 -3.75 38 39 32.87560480661921 0.1471040313494145
-4 -3.75 39 40 31.39958899553001 0.1472773491159214
-4 -3.75 40 41 29.99393893551283 0.1472343508719371
-4 -3.75 41 42 28.65566822649971 0.1469953375535191
-4 -3.75 42 43 27.38177669744209 0.1465795407169015
-4 -3.75 43 44 26.16929060358527 0.1460049461717456
-4 -3.75 44 45 25.01529204405694 0.1452882228530677
-4 -3.75 45 46 23.91644078179934 0.1445166263175184
-4 -3.75 46 47 22.8708665905414 0.1439528817998557
-4 -3.75 47 48 21.87542796734422 0.1436103167410313
-4 -3.75 48 49 20.9275969670263 0.1434600284166118
-4 -3.75 49 50 20.02477996949963 0.1432874323271873
-3.75 -3.5 0 1 83.80493110293719 1.78159995678164
-3.75 -3.5 1 2 -5052.715821154891 25.44360702866578
-3.75 -3.5 2 3 -3985.721566922641 17.31902059692013
-3.75 -3.5 3 4 -2541.905092118945 12.40883955656577
-3.75 -3.5 4 5 -1608.579265692965 9.389571522591663
-3.75 -3.5 5 6 -1026.601390197957 7.389486730480122
-3.75 -3.5 6 7 -657.4764084977858 5.984610465336309
-3.75 -3.5 7 8 -417.8816482242864 4.953059395598445
-3.75 -3.5 8 9 -258.9401667451077 4.169249278833928
-3.75 -3.5 9 10 -151.5238145061603 3.557525729618261
-3.75 -3.5 10 11 -77.83611814811638 3.06949536128905
-3.75 -3.5 11 12 -26.59490530508333 2.672297980592337
-3.75 -3.5 12 13 8.998716786040632 2.345166879416881
-3.75 -3.5 13 14 33.64097005607312 2.071918121472739
-3.75 -3.5 14 15 50.7864322109632 1.840923161831806
-3.75 -3.5 15 16 62.47823336563488 1.643871468307221
-3.75 -3.5 16 17 70.2324667264561 1.474350047504964
-3.75 -3.5 17 18 75.12354393289286 1.327420590197685
-3.75 -3.5 18 19 77.92293728818993 1.19922433002424
-3.75 -3.5 19 20 79.190932201853 1.086706521216551
-3.75 -3.5 20 21 79.33843063015985 0.9874205231497692
-3.75 -3.5 21 22 78.66928340238968 0.8993860265076896
-3.75 -3.5 22 23 77.40972959251752 0.8209848264768593
-3.75 -3.5 23 24 75.72915379208683 0.7508830964865465
-3.75 -3.5 24 25 73.75490602849766 0.6879726664913935
-3.75 -3.5 25 26 71.58300348433829 0.6313261296417723
-3.75 -3.5 26 27 69.28593859331716 0.5801621452448993
-3.75 -3.5 27 28 66.91842959019948 0.5338183523272354
-3.75 -3.5 28 29 64.52169201169141 0.4917300281980408
-3.75 -3.5 29 30 62.1266362000853 0.4534131286354874
-3.75 -3.5 30 31 59.75627774912275 0.418450702742875
-3.75 -3.5 31 32 57.42756620769978 0.3864819296992887
-3.75 -3.5 32 33 55.1527804070403 0.3571932105359822
-3.75 -3.5 33 34 52.94059859446344 0.3303108821438387
-3.75 -3.5 34 35 50.79692291871888 0.3055952225473115
-3.75 -3.5 35 36 48.72551720266262 0.2828354897390409
-3.75 -3.5 36 37 46.72850198549187 0.2618457945485294
-3.75 -3.5 37 38 44.80673990627062 0.2424616495303638
-3.75 -3.5 38 39 42.96013641711181 0.2245370694984454
-3.75 -3.5 39 40 41.18787482316952 0.2079421249521037
-3.75 -3.5 40 41 39.48860024485727 0.1925608685676284
-3.75 -3.5 41 42 37.86056361420597 0.1782895709820053
-3.75 -3.5 42 43 36.30173438471246 0.1650352144945632
-3.75 -3.5 43 44 34.80988865531354 0.1527142021037801
-3.75 -3.5 44 45 33.3826779035973 0.1412512479436288
-3.75 -3.5 45 46 32.01700959199357 0.1306937658389897
-3.75 -3.5 46 47 30.71165765586829 0.1214363263717964
-3.75 -3.5 47 48 29.4635032052968 0.1135484171540881
-3.75 -3.5 48 49 28.27013550419787 0.1070280689310194
-3.75 -3.5 49 50 27.12899757421556 0.1014525431990609
-3.5 -3.25 0 1 748.5698053409867 0.4615869592349444
-3.5 -3.25 1 2 -5255.305016370632 18.9103083754798
-3.5 -3.25 2 3 -4661.662121638716 15.48902680862898
-3.5 -3.25 3 4 -3101.393881695767 11.81844258292542
-3.5 -3.25 4 5 -2029.187405817013 9.270953155245458
-3.5 -3.25 5 6 -1338.115828220101 7.481796160419004
-3.5 -3.25 6 7 -888.9834207940817 6.17849864474325
-3.5 -3.25 7 8 -591.2440825355518 5.196527127061597
-3.5 -3.25 8 9 -389.7228728927714 4.435560277948418
-3.5 -3.25 9 10 -250.7351041340155 3.831877347704543
-3.5 -3.25 10 11 -153.3364383787596 3.343784616164803
-3.5 -3.25 11 12 -84.30146350371001 2.942506978614094
-3.5 -3.25 12 13 -34.94367278518871 2.608109560661941
-3.5 -3.25 13 14 0.5434989911898356 2.326110392762719
-3.5 -3.25 14 15 26.07163849496078 2.08583869306479
-3.5 -3.25 15 16 44.36708331773161 1.879270628543916
-3.5 -3.25 16 17 57.35379771147518 1.700264668912673
-3.5 -3.25 17 18 66.41015522139287 1.544047252434783
-3.5 -3.25 18 19 72.53689703674695 1.406856994850258
-3.5 -3.25 19 20 76.46915695406346 1.285693550746276
-3.5 -3.25 20 21 78.7525325402795 1.178137099902083
-3.5 -3.25 21 22 79.79559639015122 1.082216456985859
-3.5 -3.25 22 23 79.90669112995192 0.9963112680946445
-3.5 -3.25 23 24 79.32006630369193 0.9190784997069684
-3.5 -3.25 24 25 78.21467705131425 0.8493965012943542
-3.5 -3.25 25 26 76.72785934085414 0.7863219572169841
-3.5 -3.25 26 27 74.96538196000449 0.729056411741866
-3.5 -3.25 27 28 73.00890570813863 0.6769199875864391
-3.5 -3.25 28 29 70.92156693297807 0.6293305683097764
-3.5 -3.25 29 30 68.75219042387062 0.5857871719609546
-3.5 -3.25 30 31 66.5384914256943 0.5458565702994099
-3.5 -3.25 31 32 64.30952563920653 0.5091624423643488
-3.5 -3.25 32 33 62.0875753106144 0.4753765235767665
-3.5 -3.25 33 34 59.88960933605037 0.4442113377915847
-3.5 -3.25 34 35 57.72841935664687 0.4154141940205052
-3.5 -3.25 35 36 55.61350783763231 0.3887621999549161
-3.5 -3.25 36 37 53.55178515712436 0.3640580988200716
-3.5 -3.25 37 38 51.54811884337281 0.3411267761510863
-3.5 -3.25 38 39 49.60576774220405 0.3198123151014517
-3.5 -3.25 39 40 47.72672619573294 0.2999755032051302
-3.5 -3.25 40 41 45.91199761314505 0.2814917124575526
-3.5 -3.25 41 42 44.16181229071813 0.264249089731991
-3.5 -3.25 42 43 42.47580116655215 0.2481470062445875
-3.5 -3.25 43 44 40.85313457479086 0.2330947240899125
-3.5 -3.25 44 45 39.2926331041613 0.2190102456905138
-3.5 -3.25 45 46 37.79205158434992 0.2059121982816755
-3.5 -3.25 46 47 36.35124726941761 0.1940919643632979
-3.5 -3.25 47 48 34.96764876805506 0.1835706334986831
-3.5 -3.25 48 49 33.63941082227011 0.1743159512371251
-3.5 -3.25 49 50 32.36443994432082 0.1659673641868722
-3.25 -3 0 1 1460.959918993323 1.377250931745041
-3.25 -3 1 2 -5080.605760793149 8.47374330347898
-3.25 -3 2 3 -5073.637235236223 9.585714056895515
-3.25 -3 3 4 -3497.684738593484 7.93166536955501
-3.25 -3 4 5 -2349.471995300859 6.492782151381321
-3.25 -3 5 6 -1587.941199288843 5.39101255902635
-3.25 -3 6 7 -1082.935437201909 4.548399359566246
-3.25 -3 7 8 -742.4457856967661 3.892467442912792
-3.25 -3 8 9 -508.3578425890582 3.371853644064009
-3.25 -3 9 10 -344.460060472082 2.950780493410659
-3.25 -3 10 11 -227.8712807996865 2.604925840370713
-3.25 -3 11 12 -143.7993659655262 2.316981212877748
-3.25 -3 12 13 -82.59477355361446 2.074152145751733
-3.25 -3 13 14 -37.70590222491728 1.867254045715077
-3.25 -3 14 15 -4.643950099303083 1.689326730962556
-3.25 -3 15 16 19.73268626305594 1.53505370664592
-3.25 -3 16 17 37.65983076888972 1.400311786512185
-3.25 -3 17 18 50.75265235419761 1.281859136062406
-3.25 -3 18 19 60.19359291132537 1.177115161046556
-3.25 -3 19 20 66.85859612200568 1.08400250982361
-3.25 -3 20 21 71.40338993522425 1.000831851442778
-3.25 -3 21 22 74.32342012446395 0.9262166165347087
-3.25 -3 22 23 75.99609937569244 0.8590090596434276
-3.25 -3 23 24 76.71099427087904 0.7982517169123882
-3.25 -3 24 25 76.69166178106423 0.7431401319419446
-3.25 -3 25 26 76.11162471931061 0.6929939324846986
-3.25 -3 26 27 75.10618106589618 0.6472341681879618
-3.25 -3 27 28 73.78121702790139 0.6053653939775446
-3.25 -3 28 29 72.219841851833 0.5669613858219414
-3.25 -3 29 30 70.48742306165315 0.5316536636662041
-3.25 -3 30 31 68.63543621060728 0.4991222023638863
-3.25 -3 31 32 66.70442840762308 0.4690878620389149
-3.25 -3 32 33 64.72631401788078 0.4413061802507084
-3.25 -3 33 34 62.72616337086134 0.4155622500941757
-3.25 -3 34 35 60.72360390075437 0.3916664706706091
-3.25 -3 35 36 58.73392309176234 0.3694510023063325
-3.25 -3 36 37 56.7689405975789 0.3487667948134955
-3.25 -3 37 38 54.83770070268579 0.3294810843889504
-3.25 -3 38 39 52.94702419580466 0.3114752756811224
-3.25 -3 39 40 51.10194966981712 0.2946431421361425
-3.25 -3 40 41 49.30608755023098 0.2788892904603269
-3.25 -3 41 42 47.56190479590674 0.2641278458324375
-3.25 -3 42 43 45.87095446007493 0.2502813211168776
-3.25 -3 43 44 44.23406114982728 0.2372796422919292
-3.25 -3 44 45 42.65147110433821 0.2250593040631949
-3.25 -3 45 46 41.12207770192131 0.213666443755703
-3.25 -3 46 47 39.64698528787989 0.2034441062901139
-3.25 -3 47 48 38.22444690986285 0.194423789292858
-3.25 -3 48 49 36.85340979064536 0.1865742749389405
-3.25 -3 49 50 35.53246664495178 0.1795025687745452
-3 -2.75 0 1 2138.786728008306 2.208452397738196
-3 -2.75 1 2 -4718.896425753691 3.510699150677471
-3 -2.75 2 3 -5302.691384710439 5.563953781330575
-3 -2.75 3 4 -3763.86152439388 4.873051280358271
-3 -2.75 4 5 -2580.011208008821 4.099646778181074
-3 -2.75 5 6 -1775.945700110919 3.464032186263709
-3 -2.75 6 7 -1234.123204808142 2.960186561671549
-3 -2.75 7 8 -863.9952247205897 2.558877724593535
-3 -2.75 8 9 -606.5231393315084 2.235117751309244
-3 -2.75 9 10 -424.1885355681125 1.969466887179963
-3 -2.75 10 11 -292.9889495987347 1.750159036769017
-3 -2.75 11 12 -197.2908104498824 1.564930065047716
-3 -2.75 12 13 -126.7389691894766 1.407887606759378
-3 -2.75 13 14 -74.28223764517611 1.273206243635968
-3 -2.75 14 15 -35.048004940905 1.156708321987274
-3 -2.75 15 16 -5.602997353675391 1.055167300185661
-3 -2.75 16 17 16.51200426513606 0.9660572134467595
-3 -2.75 17 18 33.08475402604972 0.8873757756445146
-3 -2.75 18 19 45.43219615234989 0.8175176184794122
-3 -2.75 19 20 54.53599366511594 0.7551821275210107
-3 -2.75 20 21 61.13564825531387 0.6993054940071777
-3 -2.75 21 22 65.79350019439903 0.6490099606745033
-3 -2.75 22 23 68.94076360856059 0.6035654440583156
-3 -2.75 23 24 70.91056767512987 0.5623601830199565
-3 -2.75 24 25 71.96196337170159 0.5248780516167134
-3 -2.75 25 26 72.29756293590629 0.4906808491347994
-3 -2.75 26 27 72.07663527631235 0.4593943486624453
-3 -2.75 27 28 71.42492061092139 0.430697211014229
-3 -2.75 28 29 70.44205092698456 0.4043121060057743
-3 -2.75 29 30 69.20720568938918 0.3799985472600507
-3 -2.75 30 31 67.7834547728653 0.3575470701138511
-3 -2.75 31 32 66.2211163701179 0.3367744689568977
-3 -2.75 32 33 64.56036987626771 0.3175198777080234
-3 -2.75 33 34 62.83330107386854 0.2996415251046451
-3 -2.75 34 35 61.06551171939219 0.2830140339535888
-3 -2.75 35 36 59.27739272311709 0.2675261616407031
-3 -2.75 36 37 57.48513592604257 0.2530789003184446
-3 -2.75 37 38 55.7015416365644 0.2395838725530754
-3 -2.75 38 39 53.93666571308455 0.2269619699504729
-3 -2.75 39 40 52.19833994166984 0.2151421938816286
-3 -2.75 40 41 50.49259199866754 0.2040606636625289
-3 -2.75 41 42 48.82398530792941 0.193659765397485
-3 -2.75 42 43 47.19589491224693 0.1838874187888657
-3 -2.75 43 44 45.61073193443417 0.1746964429575058
-3 -2.75 44 45 44.07012660401054 0.166044006876656
-3 -2.75 45 46 42.57411898442933 0.1580470883419599
-3 -2.75 46 47 41.12499776381563 0.1512629192450124
-3 -2.75 47 48 39.72187964471871 0.1457714047975687
-3 -2.75 48 49 38.36452487811232 0.14154630885702
-3 -2.75 49 50 37.05224223783688 0.138017319204913
-2.75 -2.5 0 1 2756.417375702535 2.569521675820779
-2.75 -2.5 1 2 -4287.664099569478 1.099506207877609
-2.75 -2.5 2 3 -5420.30192426093 2.400653250865999
-2.75 -2.5 3 4 -3941.079188465924 2.435485727765102
-2.75 -2.5 4 5 -2744.33698275512 2.188225082844472
-2.75 -2.5 5 6 -1915.249955957338 1.927127434223572
-2.75 -2.5 6 7 -1349.39272111223 1.697166092593082
-2.75 -2.5 7 8 -958.88898048903 1.501958755440914
-2.75 -2.5 8 9 -684.7791546345429 1.337706251749992
-2.75 -2.5 9 10 -489.0110622499869 1.198724662257748
-2.75 -2.5 10 11 -346.916321935716 1.080030744707212
-2.75 -2.5 11 12 -242.4090536151245 0.9782160206592688
-2.75 -2.5 12 13 -164.6624055436287 0.8901087324645057
-2.75 -2.5 13 14 -106.2987669001573 0.8133118885115682
-2.75 -2.5 14 15 -62.18453968241283 0.7459259344418889
-2.75 -2.5 15 16 -28.68357856096577 0.6864352664350962
-2.75 -2.5 16 17 -3.178348859860762 0.6336207811220987
-2.75 -2.5 17 18 16.24317634982481 0.5864935380009973
-2.75 -2.5 18 19 30.99614842895016 0.5442445735650504
-2.75 -2.5 19 20 42.14038111471496 0.5062068079931377
-2.75 -2.5 20 21 50.47799699285201 0.4718259515500123
-2.75 -2.5 21 22 56.62184951336144 0.4406381175702739
-2.75 -2.5 22 23 61.04415977307781 0.4122524571533691
-2.75 -2.5 23 24 64.11154827501696 0.3863375795278215
-2.75 -2.5 24 25 66.11057535584393 0.3626108472317082
-2.75 -2.5 25 26 67.26657059435308 0.3408298723277625
-2.75 -2.5 26 27 67.75765787628848 0.3207857098181708
-2.75 -2.5 27 28 67.72530120352269 0.302297371548419
-2.75 -2.5 28 29 67.28230392988644 0.2852073734258164
-2.75 -2.5 29 30 66.51892543091316 0.2693780988353866
-2.75 -2.5 30 31 65.50759331631247 0.2546888099618589
-2.75 -2.5 31 32 64.30655881654712 0.2410331773589371
-2.75 -2.5 32 33 62.96275056699602 0.2283172273436792
-2.75 -2.5 33 34 61.51401585166514 0.2164576261488427
-2.75 -2.5 34 35 59.99089051010384 0.2053802408882287
-2.75 -2.5 35 36 58.41800380618128 0.1950189242731786
-2.75 -2.5 36 37 56.81519883598122 0.1853144860667299
-2.75 -2.5 37 38 55.19843004435467 0.1762138176512817
-2.75 -2.5 38 39 53.58048512376155 0.1676691439004525
-2.75 -2.5 39 40 51.97156783224005 0.1596373824839149
-2.75 -2.5 40 41 50.37977025463462 0.1520795916294983
-2.75 -2.5 41 42 48.81145660548069 0.1449604938859641
-2.75 -2.5 42 43 47.27157615607089 0.1382480630096499
-2.75 -2.5 43 44 45.76391902963402 0.1319131654934145
-2.75 -2.5 44 45 44.29132581066554 0.1259292471041607
-2.75 -2.5 45 46 42.85485557649949 0.1204954287489257
-2.75 -2.5 46 47 41.45782408822998 0.1164311850051919
-2.75 -2.5 47 48 40.10012919317819 0.1138511112846461
-2.75 -2.5 48 49 38.78226133274771 0.1126982414377159
-2.75 -2.5 49 50 37.50417652699559 0.1121589922443591
-2.5 -2.25 0 1 3313.414322946127 1.81391535720014
-2.5 -2.25 1 2 -3854.265128109773 0.9603643821290756
-2.5 -2.25 2 3 -5480.457688960583 1.690843041586438
-2.5 -2.25 3 4 -4063.875538555639 1.557533377571205
-2.5 -2.25 4 5 -2864.241221755899 1.379113897110014
-2.5 -2.25 5 6 -2019.711776003184 1.248357537349744
-2.5 -2.25 6 7 -1437.587776021865 1.122713742181431
-2.5 -2.25 7 8 -1032.726857486316 1.010131163422084
-2.5 -2.25 8 9 -746.5883175635154 0.9120946752863671
-2.5 -2.25 9 10 -540.9122875997555 0.8267905493765365
-2.5 -2.25 10 11 -390.6747801808035 0.7519693637564492
-2.5 -2.25 11 12 -279.4771966819576 0.686690251927717
-2.5 -2.25 12 13 -196.2083749647988 0.6292948112302654
-2.5 -2.25 13 14 -133.2639567606373 0.5785814255574286
-2.5 -2.25 14 15 -85.32963604859128 0.5335533878520731
-2.5 -2.25 15 16 -48.62604386380872 0.4933864312706691
-2.5 -2.25 16 17 -20.42207824849947 0.4573978672292134
-2.5 -2.25 17 18 1.284649320482686 0.4250201570949958
-2.5 -2.25 18 19 17.98154051133065 0.3957792187151535
-2.5 -2.25 19 20 30.78649959651193 0.3692769400570979
-2.5 -2.25 20 21 40.5486251298629 0.3451771849603525
-2.5 -2.25 21 22 47.91897741103742 0.3231946095011003
-2.5 -2.25 22 23 53.40102654731982 0.3030857095908217
-2.5 -2.25 23 24 57.38708909467653 0.2846416308976559
-2.5 -2.25 24 25 60.18496393261626 0.2676823685537945
-2.5 -2.25 25 26 62.03762072367294 0.2520520651535023
-2.5 -2.25 26 27 63.13790259124141 0.2376151795376631
-2.5 -2.25 27 28 63.63960953547314 0.2242533484165853
-2.5 -2.25 28 29 63.66592662028779 0.2118628022638666
-2.5 -2.25 29 30 63.3158847807083 0.2003522272650208
-2.5 -2.25 30 31 62.66935057798173 0.1896409854599291
-2.5 -2.25 31 32 61.79090655552358 0.1796576291574615
-2.5 -2.25 32 33 60.73288824817354 0.170338651796389
-2.5 -2.25 33 34 59.53777534020571 0.1616274351964815
-2.5 -2.25 34 35 58.24008476586852 0.1534733579825121
-2.5 -2.25 35 36 56.86787723500544 0.1458310368877565
-2.5 -2.25 36 37 55.44396186120832 0.1386596791320505
-2.5 -2.25 37 38 53.9868637149022 0.1319225271463729
-2.5 -2.25 38 39 52.5116041780874 0.1255863819269641
-2.5 -2.25 39 40 51.03033271921322 0.1196211900850612
-2.5 -2.25 40 41 49.55284029694087 0.1139996878294382
-2.5 -2.25 41 42 48.08697784130439 0.1086970907164837
-2.5 -2.25 42 43 46.63899851096693 0.1036908242590598
-2.5 -2.25 43 44 45.21383835869236 0.09896028715313997
-2.5 -2.25 44 45 43.81534709581211 0.09448664578412042
-2.5 -2.25 45 46 42.44543775733834 0.09057349573725208
-2.5 -2.25 46 47 41.10828343017172 0.0884063413989868
-2.5 -2.25 47 48 39.80444198302413 0.0881220790431512
-2.5 -2.25 48 49 38.53502136691344 0.08957133577575156
-2.5 -2.25 49 50 37.30052635309895 0.09318599980425155
-2.25 -2 0 1 3818.152025852941 1.061229968859421
-2.25 -2 1 2 -3451.436870549476 0.8761323995465882
-2.25 -2 2 3 -5531.680057326371 1.662140220183489
-2.25 -2 3 4 -4173.182410998739 1.536226122630759
-2.25 -2 4 5 -2969.62364875768 1.353853688424945
-2.25 -2 5 6 -2109.730778389802 1.192806846002845
-2.25 -2 6 7 -1512.044458642185 1.057958139167268
-2.25 -2 7 8 -1093.837117267731 0.9446808482282903
-2.25 -2 8 9 -796.7845959569199 0.8499257552351542
-2.25 -2 9 10 -582.3010717692073 0.7676048610516194
-2.25 -2 10 11 -424.9549615185279 0.6976062661911563
-2.25 -2 11 12 -308.0094200771475 0.6365269455347876
-2.25 -2 12 13 -220.0643834392445 0.5830481309609538
-2.25 -2 13 14 -153.2924976790662 0.5359112397730114
-2.25 -2 14 15 -102.2063939342499 0.4941150712575441
-2.25 -2 15 16 -62.8924032279067 0.4568541694985322
-2.25 -2 16 17 -32.51475637124463 0.4234738453717324
-2.25 -2 17 18 -8.988982560244949 0.3934369261005428
-2.25 -2 18 19 9.237140898615962 0.366298848105921
-2.25 -2 19 20 23.33307347747473 0.3416887687185999
-2.25 -2 20 21 34.18920413048329 0.3192950744513408
-2.25 -2 21 22 42.48988296776395 0.2988541511438637
-2.25 -2 22 23 48.76558840706298 0.2801415898007261
-2.25 -2 23 24 53.43067834737644 0.2629652435091424
-2.25 -2 24 25 56.81103871086384 0.2471596968120953
-2.25 -2 25 26 59.16455779097248 0.2325818274134654
-2.25 -2 26 27 60.69644321405906 0.2191072157418151
-2.25 -2 27 28 61.570788805456 0.2066272242146539
-2.25 -2 28 29 61.91938574994776 0.1950466010664876
-2.25 -2 29 30 61.84848863899151 0.1842815074094137
-2.25 -2 30 31 61.44404993104615 0.1742578783999618
-2.25 -2 31 32 60.77579754849108 0.16491005881413
-2.25 -2 32 33 59.90043168984812 0.1561796586088728
-2.25 -2 33 34 58.86414608246878 0.1480145883906902
-2.25 -2 34 35 57.70462747685707 0.1403682449199172
-2.25 -2 35 36 56.45264955794653 0.1331988171537002
-2.25 -2 36 37 55.13334963704705 0.1264686954214964
-2.25 -2 37 38 53.76725586515522 0.1201439641073758
-2.25 -2 38 39 52.37111715934611 0.1141939664697939
-2.25 -2 39 40 50.95857631021062 0.1085909285989678
-2.25 -2 40 41 49.54071796623521 0.1033096334674237
-2.25 -2 41 42 48.12651613156561 0.0983271382131002
-2.25 -2 42 43 46.72320085534395 0.09362252802283362
-2.25 -2 43 44 45.33655952167703 0.08917670053685944
-2.25 -2 44 45 43.97118507369879 0.08497217712216715
-2.25 -2 45 46 42.62960430950295 0.08165168149398654
-2.25 -2 46 47 41.31662884662617 0.08161542007015023
-2.25 -2 47 48 40.03327943284148 0.08492633718453838
-2.25 -2 48 49 38.78110229632452 0.09096156684757785
-2.25 -2 49 50 37.56098713137771 0.09734370922368921
-2 -1.75 0 1 4292.921213109857 1.078332557353216
-2 -1.75 1 2 -3049.737184246206 2.661045309442631
-2 -1.75 2 3 -5543.819326101787 2.866507267066065
-2 -1.75 3 4 -4249.867368618841 2.384405696426343
-2 -1.75 4 5 -3054.076893660465 1.976344367050499
-2 -1.75 5 6 -2188.241186255278 1.66506662201113
-2 -1.75 6 7 -1581.476411270593 1.426144709372765
-2 -1.75 7 8 -1154.143292880486 1.238785971056939
-2 -1.75 8 9 -848.8509016607745 1.088392992696302
-2 -1.75 9 10 -627.2228576875027 0.9659878406369061
-2 -1.75 10 11 -463.7598369370589 0.8637361673821995
-2 -1.75 11 12 -341.6312175751118 0.7776799107934642
-2 -1.75 12 13 -249.2939621356968 0.7042342171456037
-2 -1.75 13 14 -178.7948543470254 0.6408958497480139
-2 -1.75 14 15 -124.5371587655536 0.5857806056635168
-2 -1.75 15 16 -82.51513975657872 0.5374435616365694
-2 -1.75 16 17 -49.81665680905121 0.4947581532269815
-2 -1.75 17 18 -24.29427951694811 0.456833017208145
-2 -1.75 18 19 -4.343966588963212 0.4229535998561761
-2 -1.75 19 20 11.24643019439168 0.3925403554420586
-2 -1.75 20 21 23.40255104806056 0.3651182890182384
-2 -1.75 21 22 32.83794861085073 0.340294402902232
-2 -1.75 22 23 40.10738065031501 0.3177407505453309
-2 -1.75 23 24 45.64546840626042 0.2971815331505225
-2 -1.75 24 25 49.79507511921713 0.2783831541509817
-2 -1.75 25 26 52.82836820587272 0.2611464688223176
-2 -1.75 26 27 54.96261057252741 0.2453006822653428
-2 -1.75 27 28 56.37211139370345 0.2306985007364203
-2 -1.75 28 29 57.19734904766301 0.2172122449955533
-2 -1.75 29 30 57.55199129274729 0.2047307096087015
-2 -1.75 30 31 57.5283376491135 0.1931566073805663
-2 -1.75 31 32 57.20156776422522 0.1824044735857969
-2 -1.75 32 33 56.63307900630815 0.172398937934406
-2 -1.75 33 34 55.87312420961797 0.163073290042458
-2 -1.75 34 35 54.96290790972449 0.1543682820981945
-2 -1.75 35 36 53.93626087746048 0.1462311245921764
-2 -1.75 36 37 52.82098422790261 0.1386146389603085
-2 -1.75 37 38 51.63993319547154 0.1314765398403828
-2 -1.75 38 39 50.41189466713672 0.1247788249407941
-2 -1.75 39 40 49.15230047841146 0.1184872522158346
-2 -1.75 40 41 47.87380943358147 0.1125708929059761
-2 -1.75 41 42 46.5867837031463 0.1070017456437158
-2 -1.75 42 43 45.29968012828454 0.1017544026783125
-2 -1.75 43 44 44.01937252620246 0.09680576197963799
-2 -1.75 44 45 42.7514179106654 0.09213477450865827
-2 -1.75 45 46 41.49917666770881 0.08808295992186932
-2 -1.75 46 47 40.26826798529081 0.08599792511673433
-2 -1.75 47 48 39.06037038109292 0.08606423345727172
-2 -1.75 48 49 37.87763877987555 0.09092776742259169
-2 -1.75 49 50 36.72150516605529 0.0977897742198007
-1.75 -1.5 0 1 4721.48553030682 0.941611559240672
-1.75 -1.5 1 2 -2671.244835754592 0.7463007988428778
-1.75 -1.5 2 3 -5537.933363098917 1.692759800623489
-1.75 -1.5 3 4 -4293.238476963517 1.63788421459242
-1.75 -1.5 4 5 -3099.649558204775 1.465970720164832
-1.75 -1.5 5 6 -2227.675900913662 1.292640397652969
-1.75 -1.5 6 7 -1614.066264806951 1.140155058133799
-1.75 -1.5 7 8 -1180.771949526307 1.010457165053123
-1.75 -1.5 8 9 -870.5931012719661 0.9006488735448819
-1.75 -1.5 9 10 -645.0251230886015 0.8082940758356777
-1.75 -1.5 10 11 -478.3961311146477 0.7287483538448579
-1.75 -1.5 11 12 -353.7126178833773 0.6605998616522305
-1.75 -1.5 12 13 -259.3050559472279 0.601552776649169
-1.75 -1.5 13 14 -187.1199528753748 0.5500162303585873
-1.75 -1.5 14 15 -131.482598417761 0.5047295546351273
-1.75 -1.5 15 16 -88.32655159175988 0.4646877404763128
-1.75 -1.5 16 17 -54.69217702318701 0.4290832098138646
-1.75 -1.5 17 18 -28.39464696495565 0.3972614369381481
-1.75 -1.5 18 19 -7.800273689085998 0.3686873565164377
-1.75 -1.5 19 20 8.326749517129201 0.3429199065199141
-1.75 -1.5 20 21 20.93106189819468 0.3195926271464165
-1.75 -1.5 21 22 30.74156277920906 0.2983987758582223
-1.75 -1.5 22 23 38.32547339721862 0.2790798059786426
-1.75 -1.5 23 24 44.12758716480084 0.2614163782590254
-1.75 -1.5 24 25 48.49910725726488 0.2452212891005065
-1.75 -1.5 25 26 51.7190674320683 0.2303338606794587
-1.75 -1.5 26 27 54.01040548625281 0.2166154568406254
-1.75 -1.5 27 28 55.55213743605907 0.203945870752009
-1.75 -1.5 28 29 56.48865840577639 0.1922203966280804
-1.75 -1.5 29 30 56.93690534241921 0.1813474368462072
-1.75 -1.5 30 31 56.99191415911594 0.1712465376732477
-1.75 -1.5 31 32 56.7311609369649 0.1618467642034019
-1.75 -1.5 32 33 56.21797495065334 0.1530853500182582
-1.75 -1.5 33 34 55.50423795873252 0.1449065691774881
-1.75 -1.5 34 35 54.63253084237044 0.1372607879230785
-1.75 -1.5 35 36 53.63784957027912 0.1301036652539109
-1.75 -1.5 36 37 52.54898347657456 0.1233954747896192
-1.75 -1.5 37 38 51.38962730431615 0.1171005275125968
-1.75 -1.5 38 39 50.17928219734051 0.111186678578283
-1.75 -1.5 39 40 48.93398851763101 0.1056249043941584
-1.75 -1.5 40 41 47.666924156758 0.1003889370854434
-1.75 -1.5 41 42 46.3888945591226 0.09545495063793055
-1.75 -1.5 42 43 45.10873545653112 0.09080128716330176
-1.75 -1.5 43 44 43.83364478088384 0.08640821954598635
-1.75 -1.5 44 45 42.56945697876125 0.08225774425666615
-1.75 -1.5 45 46 41.31973801840311 0.07904083350549895
-1.75 -1.5 46 47 40.09037261388266 0.0793396842380675
-1.75 -1.5 47 48 38.88318140095976 0.08323419453030217
-1.75 -1.5 48 49 37.70046866356208 0.09006836649589858
-1.75 -1.5 49 50 36.54380102797236 0.09728571047213892
-1.5 -1.25 0 1 5125.814036614025 3.294188402579773
-1.5 -1.25 1 2 -2293.660232092435 4.089084975422365
-1.5 -1.25 2 3 -5514.407432501734 1.677405133026719
-1.5 -1.25 3 4 -4328.962260012464 1.601277288904531
-1.5 -1.25 4 5 -3146.217033512267 1.42649101168972
-1.5 -1.25 5 6 -2273.186153313621 1.259164014832383
-1.5 -1.25 6 7 -1655.36215134123 1.114599152834802
-1.5 -1.25 7 8 -1217.270173493627 0.992071774910137
-1.5 -1.25 8 9 -902.5393823375493 0.8890825434933477
-1.5 -1.25 9 10 -672.9079957384629 0.8001323476665236
-1.5 -1.25 10 11 -502.7388571267948 0.7248172777352947
-1.5 -1.25 11 12 -375.0107007252086 0.659437900739773
-1.5 -1.25 12 13 -277.9936688506091 0.602494425738904
-1.5 -1.25 13 14 -203.5733479968821 0.5525508717019139
-1.5 -1.25 14 15 -146.0188225546442 0.5084657440655989
-1.5 -1.25 15 16 -101.2145362899951 0.4693245847417838
-1.5 -1.25 16 17 -66.15902670716923 0.4343884591690232
-1.5 -1.25 17 18 -38.63229018466291 0.403055015463805
-1.5 -1.25 18 19 -16.97122468417228 0.3748290454383348
-1.5 -1.25 19 20 0.08452651444167714 0.3493001206257689
-1.5 -1.25 20 21 13.50009887976444 0.3261254786161318
-1.5 -1.25 21 22 24.02153054572477 0.3050168249175305
-1.5 -1.25 22 23 32.23040744659556 0.2857300608322936
-1.5 -1.25 23 24 38.58359574487167 0.2680572260788821
-1.5 -1.25 24 25 43.44247538602258 0.2531458222488895
-1.5 -1.25 25 26 47.09468520332962 0.2405730703882296
-1.5 -1.25 26 27 49.77046185088147 0.2288458712195396
-1.5 -1.25 27 28 51.65503152709891 0.21789114471316
-1.5 -1.25 28 29 52.8980894683101 0.2076433942738368
-1.5 -1.25 29 30 53.62110964331089 0.1980438325267475
-1.5 -1.25 30 31 53.92302318678446 0.1890396069805546
-1.5 -1.25 31 32 53.88465997443654 0.1805831184844687
-1.5 -1.25 32 33 53.57224496368679 0.1726314217795932
-1.5 -1.25 33 34 53.04016684245386 0.1651457001997114
-1.5 -1.25 34 35 52.33318258340125 0.1580908043441389
-1.5 -1.25 35 36 51.488181910707 0.1514348480564079
-1.5 -1.25 36 37 50.5356063122947 0.1451488537337861
-1.5 -1.25 37 38 49.50059539352924 0.1392064400805183
-1.5 -1.25 38 39 48.40391684771947 0.1335835484756609
-1.5 -1.25 39 40 47.26272381324361 0.128258201204934
-1.5 -1.25 40 41 46.09117402613668 0.1232102884339375
-1.5 -1.25 41 42 44.90093758013393 0.1184213800020392
-1.5 -1.25 42 43 43.7016148050962 0.1138745585187588
-1.5 -1.25 43 44 42.50108113183961 0.1095542724907835
-1.5 -1.25 44 45 41.30577251543417 0.1054462038038553
-1.5 -1.25 45 46 40.11976902006191 0.1018731085282613
-1.5 -1.25 46 47 38.94946782992008 0.1000769658032027
-1.5 -1.25 47 48 37.79709460010443 0.1002207827975525
-1.5 -1.25 48 49 36.66533441528833 0.1021962227510929
-1.5 -1.25 49 50 35.55608718757418 0.1047868955309622
-1.25 -1 0 1 5456.201193117615 1.57817761311376
-1.25 -1 1 2 -2006.239310137229 0.6514376763079749
-1.25 -1 2 3 -5512.862480461987 1.853114908236251
-1.25 -1 3 4 -4368.051042175744 1.801727637365168
-1.25 -1 4 5 -3188.470493129977 1.604571085154472
-1.25 -1 5 6 -2310.942818706624 1.413030272988142
-1.25 -1 6 7 -1687.462100988361 1.248294892283422
-1.25 -1 7 8 -1244.145369953022 1.109645227967569
-1.25 -1 8 9 -924.9568729827615 0.9935810070565073
-1.25 -1 9 10 -691.6214122007423 0.8941610470436273
-1.25 -1 10 11 -518.395231730567 0.8099864011455804
-1.25 -1 11 12 -388.1508059079824 0.7371654825461451
-1.25 -1 12 13 -289.0572020751904 0.6738495008795341
-1.25 -1 13 14 -212.9172829233817 0.6183857539191699
-1.25 -1 14 15 -153.9331519887241 0.5694719983362887
-1.25 -1 15 16 -107.9355515998984 0.5260719117175481
-1.25 -1 16 17 -71.88005253137158 0.4873523183724469
-1.25 -1 17 18 -43.51221207811045 0.4526366914558727
-1.25 -1 18 19 -21.14122288856106 0.4213705340530198
-1.25 -1 19 20 -3.484338534742392 0.3930953852975906
-1.25 -1 20 21 10.44175894596447 0.3674291099096318
-1.25 -1 21 22 21.39794637408181 0.3440507996828732
-1.25 -1 22 23 29.97797779643815 0.3226890918105879
-1.25 -1 23 24 36.64874359535827 0.3031130439040575
-1.25 -1 24 25 41.77991795483229 0.2851249411844039
-1.25 -1 25 26 45.66603092137416 0.268554577914597
-1.25 -1 26 27 48.54306699015035 0.2532546746318343
-1.25 -1 27 28 50.60106413826543 0.2390971769596753
-1.25 -1 28 29 51.99375969514722 0.2259702463102066
-1.25 -1 29 30 52.84603423838382 0.2137757953220723
-1.25 -1 30 31 53.25969878688284 0.2024274581605294
-1.25 -1 31 32 53.31802491784367 0.1918489078690896
-1.25 -1 32 33 53.08931350126409 0.1819724541188286
-1.25 -1 33 34 52.62972277294551 0.1727378688383688
-1.25 -1 34 35 51.98552185940622 0.1640913967597106
-1.25 -1 35 36 51.19489574345045 0.1559849192798639
-1.25 -1 36 37 50.2893978843598 0.1483752430650452
-1.25 -1 37 38 49.29512455272248 0.1412234939717541
-1.25 -1 38 39 48.23366817027716 0.1344945970087102
-1.25 -1 39 40 47.1228942399207 0.128156829858081
-1.25 -1 40 41 45.977576941704 0.1221814372061012
-1.25 -1 41 42 44.80992074091046 0.1165422964196708
-1.25 -1 42 43 43.62998996257841 0.11121562819442
-1.25 -1 43 44 42.44606355673909 0.1061797426142977
-1.25 -1 44 45 41.26492892488551 0.1014148193431796
-1.25 -1 45 46 40.0909509340936 0.09727831051734498
-1.25 -1 46 47 38.93083850575638 0.09517384101070289
-1.25 -1 47 48 37.78702945318224 0.09530392800472397
-1.25 -1 48 49 36.66241358512343 0.09783066989498218
-1.25 -1 49 50 35.5590740450086 0.1055563751514013
-1 -0.75 0 1 5735.80620753665 1.93253101805129
-1 -0.75 1 2 -1744.188781583707 1.799107028358315
-1 -0.75 2 3 -5486.839660589131 1.596253251756787
-1 -0.75 3 4 -4377.996898622359 1.534130354138657
-1 -0.75 4 5 -3204.406730566822 1.36941210308972
-1 -0.75 5 6 -2326.495939638854 1.213419131776088
-1 -0.75 6 7 -1701.226692480088 1.079714907991777
-1 -0.75 7 8 -1255.967237367384 0.9665869730124655
-1 -0.75 8 9 -935.0112887716341 0.8712896807308936
-1 -0.75 9 10 -700.1533736300853 0.7885147552427115
-1 -0.75 10 11 -525.6389207768634 0.718055026978583
-1 -0.75 11 12 -394.3156524380333 0.6564817970762197
-1 -0.75 12 13 -294.32003707333 0.6025110359646634
-1 -0.75 13 14 -217.4258745499046 0.554884421672808
-1 -0.75 14 15 -157.8102235026679 0.5126008017365399
-1 -0.75 15 16 -111.2828469032304 0.4748552433712195
-1 -0.75 16 17 -74.78196062369648 0.4409939976018177
-1 -0.75 17 18 -46.0388375941393 0.4104810483714023
-1 -0.75 18 19 -23.35092779535353 0.3828730313286263
-1 -0.75 19 20 -5.425823997705493 0.3578002316274739
-1 -0.75 20 21 8.727754445349774 0.3349520291820902
-1 -0.75 21 22 19.87726300750296 0.3140656419531664
-1 -0.75 22 23 28.62190515013731 0.2949173276616331
-1 -0.75 23 24 35.43309741360486 0.2773154480094465
-1 -0.75 24 25 40.68428334954569 0.261094954201557
-1 -0.75 25 26 44.67314029531713 0.2461129644435688
-1 -0.75 26 27 47.63828722291044 0.2322451933199621
-1 -0.75 27 28 49.77197263444282 0.2193830463806265
-1 -0.75 28 29 51.22979292457364 0.2074312408322528
-1 -0.75 29 30 52.1381955842088 0.1963058447987554
-1 -0.75 30 31 52.60031506603127 0.18593265245826
-1 -0.75 31 32 52.70054296362423 0.1762458281471912
-1 -0.75 32 33 52.508129806694 0.1671867711970469
-1 -0.75 33 34 52.08004050085276 0.1587031593348413
-1 -0.75 34 35 51.46323055700225 0.1507481391976283
-1 -0.75 35 36 50.6964699438206 0.143279638405954
-1 -0.75 36 37 49.8118114567464 0.136259777750445
-1 -0.75 37 38 48.83577821454458 0.1296543686811566
-1 -0.75 38 39 47.79032802215028 0.1234324796359673
-1 -0.75 39 40 46.69363955396648 0.1175660626647069
-1 -0.75 40 41 45.56075573332896 0.1120296291644682
-1 -0.75 41 42 44.40411189794366 0.1067999691608453
-1 -0.75 42 43 43.233970915079 0.101855904818059
-1 -0.75 43 44 42.05878262978172 0.09717807707538802
-1 -0.75 44 45 40.88548166527397 0.09274875677861677
-1 -0.75 45 46 39.71854091015331 0.08931732947380197
-1 -0.75 46 47 38.56481493202656 0.08968350475796689
-1 -0.75 47 48 37.4268168447968 0.09394226752521292
-1 -0.75 48 49 36.30751782674514 0.1013889980518274
-1 -0.75 49 50 35.20906815072516 0.1092559466812394
-0.75 -0.5 0 1 5952.458655277725 2.676347919431207
-0.75 -0.5 1 2 -1544.68125203557 2.092217567263637
-0.75 -0.5 2 3 -5470.128750536047 1.600978969694128
-0.75 -0.5 3 4 -4389.918524978231 1.545262148068009
-0.75 -0.5 4 5 -3221.46198249506 1.380652802574003
-0.75 -0.5 5 6 -2343.367321358775 1.22300231816369
-0.75 -0.5 6 7 -1716.590884146469 1.087282860078048
-0.75 -0.5 7 8 -1269.584240106634 0.9723303818156807
-0.75 -0.5 8 9 -946.9662641622867 0.8755673121476752
-0.75 -0.5 9 10 -710.6238606612919 0.791638139032439
-0.75 -0.5 10 11 -534.812218639036 0.7203222455684591
-0.75 -0.5 11 12 -402.3714424403579 0.6581014431920914
-0.75 -0.5 12 13 -301.4160346674771 0.6036463290049841
-0.75 -0.5 13 14 -223.6981823391022 0.5556579884408879
-0.75 -0.5 14 15 -163.374930030968 0.5131046197187865
-0.75 -0.5 15 16 -116.2384651425084 0.477406380997032
-0.75 -0.5 16 17 -79.21195459314958 0.4455437094375298
-0.75 -0.5 17 18 -50.01394545966309 0.4165891803944333
-0.75 -0.5 18 19 -26.93118922304461 0.3902023751945614
-0.75 -0.5 19 20 -8.662304420898181 0.3660893836140022
-0.75 -0.5 20 21 5.791516496584109 0.3439962312064728
-0.75 -0.5 21 22 17.20404886238975 0.323703020812493
-0.75 -0.5 22 23 26.17981206611626 0.3050188623456803
-0.75 -0.5 23 24 33.19470399516968 0.2877775522821286
-0.75 -0.5 24 25 38.62595520102673 0.2718339231643788
-0.75 -0.5 25 26 42.7744514288662 0.2570607707511687
-0.75 -0.5 26 27 45.88153694721814 0.2433462701591982
-0.75 -0.5 27 28 48.14178124000125 0.2305918027941071
-0.75 -0.5 28 29 49.71276248926654 0.2187101258030004
-0.75 -0.5 29 30 50.72262469941472 0.2076238266666978
-0.75 -0.5 30 31 51.27595830551968 0.1972640148471062
-0.75 -0.5 31 32 51.45840756740438 0.187569211161865
-0.75 -0.5 32 33 51.34030339462959 0.1784844022373335
-0.75 -0.5 33 34 50.97954472049406 0.1699602322598471
-0.75 -0.5 34 35 50.42389646062861 0.1619523108883195
-0.75 -0.5 35 36 49.71283161725285 0.154420618182171
-0.75 -0.5 36 37 48.87901501240884 0.1473289912393863
-0.75 -0.5 37 38 47.94950375261118 0.1406446808825554
-0.75 -0.5 38 39 46.94672255891794 0.134337966003766
-0.75 -0.5 39 40 45.88925924915657 0.128381819639917
-0.75 -0.5 40 41 44.79251601964523 0.1227516160721757
-0.75 -0.5 41 42 43.66924433618323 0.1174248761194691
-0.75 -0.5 42 43 42.52998579302636 0.1123810426580896
-0.75 -0.5 43 44 41.38343647190942 0.1076012838988078
-0.75 -0.5 44 45 40.23674894940433 0.1030683198278557
-0.75 -0.5 45 46 39.09457619452451 0.09916644303873338
-0.75 -0.5 46 47 37.96396757358355 0.0973864964115926
-0.75 -0.5 47 48 36.84757608364356 0.0979263207489536
-0.75 -0.5 48 49 35.7485094791794 0.1017987713758189
-0.75 -0.5 49 50 34.66903902817381 0.1098549481355408
-0.5 -0.25 0 1 6095.133019296667 2.60543237462652
-0.5 -0.25 1 2 -1419.021945948038 1.490536437466751
-0.5 -0.25 2 3 -5463.753908586163 1.576901403676628
-0.5 -0.25 3 4 -4400.913475124341 1.53872245285608
-0.5 -0.25 4 5 -3234.776167408902 1.381736427968085
-0.5 -0.25 5 6 -2355.816564988851 1.263280367321721
-0.5 -0.25 6 7 -1727.523840331201 1.149659026343699
-0.5 -0.25 7 8 -1278.99397925137 1.04368741815399
-0.5 -0.25 8 9 -955.0150440257312 0.9488818092741861
-0.5 -0.25 9 10 -717.4990088849358 0.8656982852078126
-0.5 -0.25 10 11 -540.6931804846554 0.791549949495609
-0.5 -0.25 11 12 -407.41373900502 0.7264064450178367
-0.5 -0.25 12 13 -305.7516053359191 0.6687198118577189
-0.5 -0.25 13 14 -227.4374932883268 0.6174351579973305
-0.5 -0.25 14 15 -166.6100494489051 0.571652482303688
-0.5 -0.25 15 16 -119.0460762571286 0.5306128249190509
-0.5 -0.25 16 17 -81.65601206120778 0.493678415648878
-0.5 -0.25 17 18 -52.14791468915223 0.4603130238026486
-0.5 -0.25 18 19 -28.79989529617478 0.4300645812145663
-0.5 -0.25 19 20 -10.30344446701406 0.4025505244348527
-0.5 -0.25 20 21 4.346140397230556 0.3774457001336078
-0.5 -0.25 21 22 15.92752472065104 0.3544724827197267
-0.5 -0.25 22 23 25.04929744956496 0.3333927294636361
-0.5 -0.25 23 24 32.19075428901408 0.3140012321092023
-0.5 -0.25 24 25 37.73197194541183 0.2961203763537131
-0.5 -0.25 25 26 41.97622774691069 0.279595773203535
-0.5 -0.25 26 27 45.16688169519841 0.2642926712468933
-0.5 -0.25 27 28 47.50020720356395 0.2500929981062815
-0.5 -0.25 28 29 49.13522686446254 0.2368929100304481
-0.5 -0.25 29 30 50.20131240983346 0.224600752946017
-0.5 -0.25 30 31 50.80410053856224 0.2131353583958676
-0.5 -0.25 31 32 51.03012936223104 0.2024246133612305
-0.5 -0.25 32 33 50.95049527466733 0.192404254690094
-0.5 -0.25 33 34 50.62375428720532 0.183016847502231
-0.5 -0.25 34 35 50.09823660856893 0.174210918712325
-0.5 -0.25 35 36 49.41390262834045 0.1659402157986549
-0.5 -0.25 36 37 48.60383827330878 0.1581630735617212
-0.5 -0.25 37 38 47.69546522693503 0.1508418688123758
-0.5 -0.25 38 39 46.71152447335334 0.1439425506253886
-0.5 -0.25 39 40 45.67087870641211 0.1374342337343029
-0.5 -0.25 40 41 44.58916947111749 0.1312888453630119
-0.5 -0.25 41 42 43.47935702166211 0.1254808187325235
-0.5 -0.25 42 43 42.35216539876978 0.1199868234121479
-0.5 -0.25 43 44 41.21645038052679 0.1147855320070542
-0.5 -0.25 44 45 40.07950455438572 0.1098574125529905
-0.5 -0.25 45 46 38.94609479407501 0.1055668397001589
-0.5 -0.25 46 47 37.82339653962634 0.1033404429627793
-0.5 -0.25 47 48 36.71414889559324 0.1033835561832834
-0.5 -0.25 48 49 35.62154356995063 0.1055683840319472
-0.5 -0.25 49 50 34.54792711120021 0.1111869146600457
-0.25 0 0 1 6166.907077468884 2.730425127001613
-0.25 0 1 2 -1355.323914997056 1.996999028995906
-0.25 0 2 3 -5459.71296782689 1.599173119509729
-0.25 0 3 4 -4405.057847789474 1.550838549780688
-0.25 0 4 5 -3239.752251367526 1.388380800432391
-0.25 0 5 6 -2360.229334951343 1.231318590893764
-0.25 0 6 7 -1731.170576266714 1.095629408405837
-0.25 0 7 8 -1281.937427124185 0.980444261738519
-0.25 0 8 9 -957.367524030702 0.8826568779459425
-0.25 0 9 10 -719.3684919605957 0.7996661869889425
-0.25 0 10 11 -542.170363544536 0.732610250259155
-0.25 0 11 12 -408.5737840163429 0.6748456786344692
-0.25 0 12 13 -306.6549157298041 0.6232360806288347
-0.25 0 13 14 -228.132701062174 0.577022637478349
-0.25 0 14 15 -167.1363640203899 0.5355204052143555
-0.25 0 15 16 -119.4352078355241 0.4981299812382475
-0.25 0 16 17 -81.93369889878886 0.4643341861597613
-0.25 0 17 18 -52.3351228943277 0.4336894276310898
-0.25 0 18 19 -28.91375995420299 0.4058158399603105
-0.25 0 19 20 -10.35800996941862 0.3803878685886257
-0.25 0 20 21 4.339335083486048 0.3571259010087752
-0.25 0 21 22 15.95898068663519 0.3357890772276185
-0.25 0 22 23 25.11118362476782 0.316169222942514
-0.25 0 23 24 32.27660802713012 0.2980857722618404
-0.25 0 24 25 37.83645690694891 0.2813815380842457
-0.25 0 25 26 42.09493717412568 0.2659191893950787
-0.25 0 26 27 45.2961778837921 0.2515783173185038
-0.25 0 27 28 47.63709000758695 0.2382529849744836
-0.25 0 28 29 49.27722561835617 0.2258496769835405
-0.25 0 29 30 50.3463968257654 0.214285577772763
-0.25 0 30 31 50.95060704943262 0.2034871210014129
-0.25 0 31 32 51.17670008625646 0.1933887632302779
-0.25 0 32 33 51.09602732769042 0.1839319440861484
-0.25 0 33 34 50.76735760662211 0.1750642000757189
-0.25 0 34 35 50.23919879795324 0.1667384082510112
-0.25 0 35 36 49.55165960753243 0.1589121375018949
-0.25 0 36 37 48.73794973880524 0.1515470906510198
-0.25 0 37 38 47.82559410975688 0.1446086233453979
-0.25 0 38 39 46.83741972116849 0.1380653269133451
-0.25 0 39 40 45.79236083917851 0.1318886673594638
-0.25 0 40 41 44.70611845162534 0.1260526697821198
-0.25 0 41 42 43.59170206165385 0.1205336439697742
-0.25 0 42 43 42.45987638842564 0.11530994317146
-0.25 0 43 44 41.31953067755518 0.1103617531967446
-0.25 0 44 45 40.17798491574683 0.1056709061824362
-0.25 0 45 46 39.04002296525982 0.1016201763202489
-0.25 0 46 47 37.91284929736042 0.09969910074153442
-0.25 0 47 48 36.79921190592012 0.10011166500419
-0.25 0 48 49 35.7023137016493 0.1029767758783164
-0.25 0 49 50 34.62451023111367 0.1111657960892304
0 0.25 0 1 6166.648142900762 2.730431655334479
0 0.25 1 2 -1355.829966361709 1.997023372289485
0 0.25 2 3 -5460.08518654099 1.599135747683054
0 0.25 3 4 -4405.214878118903 1.550746642890146
0 0.25 4 5 -3239.771039031744 1.38828982337681
0 0.25 5 6 -2360.181250410076 1.231257106545721
0 0.25 6 7 -1731.095909186474 1.095599535786155
0 0.25 7 8 -1281.856361821444 0.9804388267377847
0 0.25 8 9 -957.2879165731815 0.8833461809447029
0 0.25 9 10 -719.297263355184 0.7989800174562998
0 0.25 10 11 -542.1049420040367 0.7326326372797309
0 0.25 11 12 -408.5148118781749 0.6748691657524595
0 0.25 12 13 -306.601540831598 0.6232590868488123
0 0.25 13 14 -228.0840215705107 0.5770443485963092
0 0.25 14 15 -167.0915810920944 0.5355404573106451
0 0.25 15 16 -119.3936732280272 0.498148264656983
0 0.25 16 17 -81.89491343126338 0.4643507283881382
0 0.25 17 18 -52.29871484141063 0.4337043255017945
0 0.25 18 19 -28.87945797209613 0.4058292211257957
0 0.25 19 20 -10.32561736218054 0.3803998705190759
0 0.25 20 21 4.369962054950065 0.3571366592972878
0 0.25 21 22 15.98794981905166 0.3357987201916173
0 0.25 22 23 25.13857943924745 0.3161778686839353
0 0.25 23 24 32.30250078925974 0.2980935282633811
0 0.25 24 25 37.86090877155141 0.2813885008806939
0 0.25 25 26 42.118006167776 0.2659254453872439
0 0.25 26 27 45.31792031964142 0.2515839435737845
0 0.25 27 28 47.65756180578705 0.2382580500282168
0 0.25 28 29 49.29648288994906 0.2258542416483091
0 0.25 29 30 50.36449598706167 0.2142896960456321
0 0.25 30 31 50.96760465513398 0.2034908407475715
0 0.25 31 32 51.19265251268757 0.1933921269026404
0 0.25 32 33 51.11099039491535 0.1839349894781329
0 0.25 33 34 50.78138619641163 0.1750669605368575
0 0.25 34 35 50.25234650092449 0.1667409134410355
0 0.25 35 36 49.56397841875236 0.1589144138302129
0 0.25 36 37 48.7494898100598 0.1515491615747307
0 0.25 37 38 47.83640355913985 0.1446105095639343
0 0.25 38 39 46.84754449872406 0.1380670470486202
0 0.25 39 40 45.80184464111289 0.1318902378353738
0 0.25 40 41 44.71500267810768 0.1260541053232761
0 0.25 41 42 43.60002581194453 0.1205349575625922
0 0.25 42 43 42.46767648523723 0.1153111466948785
0 0.25 43 44 41.32684171518559 0.1103628570120929
0 0.25 44 45 40.18483932821727 0.1056719195314328
0 0.25 45 46 39.0464510765928 0.1016211193145796
0 0.25 46 47 37.91887948824694 0.09970003393434138
0 0.25 47 48 36.80487063110442 0.1001126466527789
0 0.25 48 49 35.70762562689083 0.1029778477158418
0 0.25 49 50 34.62949830619391 0.1111669106160594
0.25 0.5 0 1 6094.383931066151 2.605436971838309
0.25 0.5 1 2 -1420.479291716281 1.49053395528374
0.25 0.5 2 3 -5464.815650327769 1.576796722640803
0.25 0.5 3 4 -4401.354454307469 1.538565918754641
0.25 0.5 4 5 -3234.825373651656 1.381607364856364
0.25 0.5 5 6 -2355.679762360386 1.263211654763096
0.25 0.5 6 7 -1727.314676997195 1.149641475781387
0.25 0.5 7 8 -1278.768331829748 1.043704987904697
0.25 0.5 8 9 -954.7962031235429 0.9495505419974893
0.25 0.5 9 10 -717.2993483540904 0.8650922865837959
0.25 0.5 10 11 -540.5115011961102 0.7915987126109228
0.25 0.5 11 12 -407.2494898812997 0.7264546689230733
0.25 0.5 12 13 -305.6023198440478 0.6687655535267714
0.25 0.5 13 14 -227.300651160378 0.6174775147746958
0.25 0.5 14 15 -166.4834698974569 0.5716911497672181
0.25 0.5 15 16 -118.9280274615517 0.5306478264187303
0.25 0.5 16 17 -81.54519092462283 0.4937099425098778
0.25 0.5 17 18 -52.04337609981144 0.4603413438739574
0.25 0.5 18 19 -28.700970076982 0.4300899876819809
0.25 0.5 19 20 -10.20966383254404 0.4025733083312244
0.25 0.5 20 21 4.435107204573342 0.3774661367520584
0.25 0.5 21 22 16.01191848926032 0.3544908250687642
0.25 0.5 22 23 25.12930412597268 0.3334092064732989
0.25 0.5 23 24 32.26652944998318 0.3140160489299721
0.25 0.5 24 25 37.80365699811932 0.2961337156267143
0.25 0.5 25 26 42.04395998840539 0.2796077970997422
0.25 0.5 26 27 45.2307999931478 0.2643035233687047
0.25 0.5 27 28 47.56045467221622 0.2501028055358462
0.25 0.5 28 29 49.19195157531942 0.236901785188495
0.25 0.5 29 30 50.25466688984454 0.2246087953443596
0.25 0.5 30 31 50.85424058920614 0.2131426560640327
0.25 0.5 31 32 51.07721256463435 0.2024312443710493
0.25 0.5 32 33 50.99467941811065 0.1924102879997119
0.25 0.5 33 34 50.66519587166772 0.1830223446151689
0.25 0.5 34 35 50.1370895051889 0.1742159338981
0.25 0.5 35 36 49.45031694187486 0.1659447975027764
0.25 0.5 36 37 48.63795941632537 0.1581672646908174
0.25 0.5 37 38 47.72743320533698 0.150845707766975
0.25 0.5 38 39 46.74147336323625 0.14394607139309
0.25 0.5 39 40 45.69893630346093 0.1374374667911155
0.25 0.5 40 41 44.61545708749532 0.1312918179341376
0.25 0.5 41 42 43.50398940714513 0.1254835548955216
0.25 0.5 42 43 42.37525076343564 0.1199893450632467
0.25 0.5 43 44 41.23809049837331 0.1147878585933958
0.25 0.5 44 45 40.09979492960434 0.1098595613806062
0.25 0.5 45 46 38.9651248060913 0.1055688568415384
0.25 0.5 46 47 37.84124985850445 0.1033424817975115
0.25 0.5 47 48 36.7309035747941 0.1033857695243888
0.25 0.5 48 49 35.63727241895134 0.1055708946507471
0.25 0.5 49 50 34.56269790242843 0.1111896612005672
0.5 0.75 0 1 5951.166901213931 2.676353208104215
0.5 0.75 1 2 -1547.160146428642 2.092226894747677
0.5 0.75 2 3 -5471.873871564698 1.600912966392793
0.5 0.75 3 4 -4390.583640319419 1.545150761288769
0.5 0.75 4 5 -3221.476313372179 1.38055737955039
0.5 0.75 5 6 -2343.091021166219 1.222946431484406
0.5 0.75 6 7 -1716.21304539232 1.08726229087687
0.5 0.75 7 8 -1269.192683965727 0.9725937536044376
0.5 0.75 8 9 -946.5973440964522 0.8747333847920081
0.5 0.75 9 10 -710.2902958137884 0.792265942684246
0.5 0.75 10 11 -534.5130987140233 0.7203514916421961
0.5 0.75 11 12 -402.1033360250494 0.658131233761833
0.5 0.75 12 13 -301.1739208085671 0.6036751566373515
0.5 0.75 13 14 -223.4773167083908 0.5556850789672645
0.5 0.75 14 15 -163.1713540688547 0.5131296430266787
0.5 0.75 15 16 -116.0490982452675 0.4774291582497751
0.5 0.75 16 17 -79.03450678562763 0.4455643230242777
0.5 0.75 17 18 -49.8467684623788 0.4166078027807963
0.5 0.75 18 19 -26.77312196806338 0.390219202129125
0.5 0.75 19 20 -8.512537042835902 0.3661046107148425
0.5 0.75 20 21 5.933552418527825 0.3440100421892459
0.5 0.75 21 22 17.33876384356927 0.3237155821039432
0.5 0.75 22 23 26.30751939896663 0.3050303212526486
0.5 0.75 23 24 33.31566195299649 0.2877880374674444
0.5 0.75 24 25 38.74039504881307 0.2718435461365951
0.5 0.75 25 26 42.88259496340584 0.2570696278487389
0.5 0.75 26 27 45.98360658438958 0.2433544442405859
0.5 0.75 27 28 48.23800498935236 0.2305993653259211
0.5 0.75 28 29 49.80337556831944 0.2187171385933829
0.5 0.75 29 30 50.80786905767206 0.2076303432514336
0.5 0.75 30 31 51.35608095711154 0.1972700818131023
0.5 0.75 31 32 51.5336583456442 0.1875748693664061
0.5 0.75 32 33 51.41093253303461 0.1784896872984058
0.5 0.75 33 34 51.04580051447869 0.1699651758982635
0.5 0.75 34 35 50.48602315766902 0.1619569410863842
0.5 0.75 35 36 49.77106761087691 0.154424959920848
0.5 0.75 36 37 48.93359136679788 0.1473330669293492
0.5 0.75 37 38 48.00064305320939 0.1406485105515138
0.5 0.75 38 39 46.99463806830909 0.1343415678243277
0.5 0.75 39 40 45.9341543338482 0.128385209995569
0.5 0.75 40 41 44.8345838126682 0.1227548099554793
0.5 0.75 41 42 43.70866759723373 0.1174278870773496
0.5 0.75 42 43 42.56693693185355 0.1123838830766622
0.5 0.75 43 44 41.41807770130509 0.1076039652039701
0.5 0.75 44 45 40.26923253972643 0.1030708524358173
0.5 0.75 45 46 39.12504471190522 0.09916888234200692
0.5 0.75 46 47 37.99255448078407 0.09738906361759421
0.5 0.75 47 48 36.87440593590725 0.09792924323671093
0.5 0.75 48 49 35.77369849373309 0.1018021963897699
0.5 0.75 49 50 34.69269540649111 0.1098587502809879
0.75 1 0 1 5733.912775370058 1.932455018769958
0.75 1 1 2 -1747.794472850427 1.798639472665159
0.75 1 2 3 -5489.32944996777 1.595691041812114
0.75 1 3 4 -4378.897205183803 1.533935225990556
0.75 1 4 5 -3204.370539861957 1.369577693514876
0.75 1 5 6 -2326.052598255571 1.213801271896563
0.75 1 6 7 -1700.648082387867 1.080180212854487
0.75 1 7 8 -1255.377703181859 0.9673081500471371
0.75 1 8 9 -934.4609136796198 0.8708808260849974
0.75 1 9 10 -699.6582365006971 0.7894754572698343
0.75 1 10 11 -525.1980126445178 0.7183693945454236
0.75 1 11 12 -393.9228248881318 0.6567434454735928
0.75 1 12 13 -293.9675393070997 0.602726434668733
0.75 1 13 14 -217.1064508835932 0.5550604767592667
0.75 1 14 15 -157.5178054588353 0.5127440155530917
0.75 1 15 16 -111.0126664598126 0.474971382944559
0.75 1 16 17 -74.53041684195773 0.4410880096531159
0.75 1 17 18 -45.80328022117146 0.4105570885058073
0.75 1 18 19 -23.12943500448341 0.3829345421942615
0.75 1 19 20 -5.217007039890404 0.357850037012841
0.75 1 20 21 8.924909276799326 0.3349924280665513
0.75 1 21 22 20.06351537699379 0.3140984957275282
0.75 1 22 23 28.79784943308584 0.2949441362827962
0.75 1 23 24 35.59922534569046 0.2773374164511521
0.75 1 24 25 40.8410265574629 0.2611130472694805
0.75 1 25 26 44.82089789651229 0.2461279534632921
0.75 1 26 27 47.77744270672247 0.2322576934629057
0.75 1 27 28 49.90290329752202 0.2193935477594556
0.75 1 28 29 51.3528743145315 0.2074401336217296
0.75 1 29 30 52.25380274814177 0.1963134396568566
0.75 1 30 31 52.70882187609959 0.1859391960861428
0.75 1 31 32 52.80232040147109 0.1762515171195825
0.75 1 32 33 52.60354379723049 0.1671917617789837
0.75 1 33 34 52.16944967345614 0.158707576208298
0.75 1 34 35 51.54698416383116 0.1507520815981389
0.75 1 35 36 50.77490606268179 0.1432831856713309
0.75 1 36 37 49.88525553453434 0.1362629934100445
0.75 1 37 38 48.90454196428107 0.1296573037683354
0.75 1 38 39 47.8547086568675 0.1234351751249181
0.75 1 39 40 46.75391932675598 0.1175685518947596
0.75 1 40 41 45.6172017437238 0.1120319389828025
0.75 1 41 42 44.45697612278036 0.1068021214369708
0.75 1 42 43 43.28349042262073 0.1018579177362792
0.75 1 43 44 42.1051799415323 0.09717996547744373
0.75 1 44 45 40.92896522704882 0.09275053314858307
0.75 1 45 46 39.75930549445997 0.08931905684128724
0.75 1 46 47 38.6030426208749 0.08968543326943079
0.75 1 47 48 37.46267728785841 0.09394463702294617
0.75 1 48 49 36.34116910226194 0.1013919848688347
0.75 1 49 50 35.24065725345662 0.1092595350251887
1 1.25 0 1 5453.687434121097 1.578437031723177
1 1.25 1 2 -2011.02065422824 0.6540313077387735
1 1.25 2 3 -5516.156158955002 1.853517620068868
1 1.25 3 4 -4369.233909820654 1.801377727307048
1 1.25 4 5 -3188.407735232038 1.603905819571014
1 1.25 5 6 -2310.333541833826 1.412354736178468
1 1.25 6 7 -1686.66741079334 1.247722574174575
1 1.25 7 8 -1243.333628005132 1.109198183570907
1 1.25 8 9 -924.1959869789198 0.9927463429344403
1 1.25 9 10 -690.9358220166855 0.8944088406471163
1 1.25 10 11 -517.7853784593685 0.8097944569282074
1 1.25 11 12 -387.6088719929585 0.7370244026449119
1 1.25 12 13 -288.5730884992581 0.6737476674606895
1 1.25 13 14 -212.4812322502505 0.6183143363508752
1 1.25 14 15 -153.5367971225808 0.5694241941323837
1 1.25 15 16 -107.5721548992169 0.5260424029710955
1 1.25 16 17 -71.54438705470739 0.4873369022208526
1 1.25 17 18 -43.20031139720686 0.4526320266460742
1 1.25 18 19 -20.8501086932738 0.4213739605441874
1 1.25 19 20 -3.211774244444996 0.3931047894402677
1 1.25 20 21 10.69747153900926 0.367442819576995
1 1.25 21 22 21.63812558514473 0.3440675002265021
1 1.25 22 23 30.20368048258069 0.3227077578434335
1 1.25 23 24 36.86085063700011 0.3031328829862694
1 1.25 24 25 41.97919399248917 0.285145347880412
1 1.25 25 26 45.85316473351907 0.2685750961650848
1 1.25 26 27 48.71869776610583 0.2532749664657918
1 1.25 27 28 50.76579777046106 0.2391169977958402
1 1.25 28 29 52.14817821981705 0.2259894244651789
1 1.25 29 30 52.99070072992049 0.2137942156051921
1 1.25 30 31 53.39515936490454 0.2024450489912977
1 1.25 31 32 53.4448090324056 0.19186563070649
1 1.25 32 33 53.20793328574734 0.1819882951509189
1 1.25 33 34 52.74067199513928 0.1727528327628711
1 1.25 34 35 52.08927479866099 0.1641055013991231
1 1.25 35 36 51.29190619367688 0.1559981917994526
1 1.25 36 37 50.38009838794625 0.1483877169019144
1 1.25 37 38 49.37992591101329 0.1412352064188843
1 1.25 38 39 48.31295923294863 0.1345055875736737
1 1.25 39 40 47.19704196045654 0.1281671390450877
1 1.25 40 41 46.0469266636793 0.1221911051580698
1 1.25 41 42 44.87479668088906 0.1165513626192419
1 1.25 42 43 43.69069585167642 0.1112241308590143
1 1.25 43 44 42.50288340356229 0.106187718322477
1 1.25 44 45 41.31812786876236 0.1014223027552861
1 1.25 45 46 40.14077589077652 0.09728542627029424
1 1.25 46 47 38.97751981546918 0.09518103980699119
1 1.25 47 48 37.83078111565897 0.09531165435746786
1 1.25 48 49 36.70343454510763 0.09783923957314426
1 1.25 49 50 35.59754891138729 0.1055653790255137
1.25 1.5 0 1 5122.823425168174 3.294265319758866
1.25 1.5 1 2 -2299.259350352068 4.089478855525132
1.25 1.5 2 3 -5518.117726825223 1.678638629010861
1.25 1.5 3 4 -4330.166876882266 1.601936264611629
1.25 1.5 4 5 -3146.023980537348 1.426410664387129
1.25 1.5 5 6 -2272.42192518679 1.258568069545789
1.25 1.5 6 7 -1654.42738771113 1.113763404677037
1.25 1.5 7 8 -1216.341128619461 0.99119296389089
1.25 1.5 8 9 -901.681606509655 0.8876720913917395
1.25 1.5 9 10 -672.141190400142 0.7999914400520123
1.25 1.5 10 11 -502.060127841396 0.7241987685482952
1.25 1.5 11 12 -374.4085612956201 0.6589266276276774
1.25 1.5 12 13 -277.4556032425589 0.6020788080249908
1.25 1.5 13 14 -203.0879165641406 0.5522172523758675
1.25 1.5 14 15 -145.5765298766348 0.508200770398088
1.25 1.5 15 16 -100.807913608101 0.4691162177556362
1.25 1.5 16 17 -65.78239041752317 0.4342262938210904
1.25 1.5 17 18 -38.28140015282838 0.402930275945023
1.25 1.5 18 19 -16.64294589079304 0.3747344408180285
1.25 1.5 19 20 0.3925165581931651 0.3492296539187099
1.25 1.5 20 21 13.78954488929321 0.3260742511433048
1.25 1.5 21 22 24.29377855602741 0.3049808560543599
1.25 1.5 22 23 32.48653617610046 0.2857061291278036
1.25 1.5 23 24 38.82450967065631 0.2680427335395094
1.25 1.5 24 25 43.66896846633642 0.2531387178227362
1.25 1.5 25 26 47.30748288431641 0.2405716275770761
1.25 1.5 26 27 49.97024749354807 0.2288486717724464
1.25 1.5 27 28 51.84246199322968 0.2178970758098971
1.25 1.5 28 29 53.07380340335328 0.2076515861666225
1.25 1.5 29 30 53.7857310368604 0.198053607592891
1.25 1.5 30 31 54.07716203477014 0.1890504400842776
1.25 1.5 31 32 54.02891131040008 0.180594604852312
1.25 1.5 32 33 53.70718710418305 0.1726432515922664
1.25 1.5 33 34 53.16635939587911 0.1651576385370194
1.25 1.5 34 35 52.45116455536532 0.1581026750831892
1.25 1.5 35 36 51.59847009710484 0.1514465211076992
1.25 1.5 36 37 50.63869406817088 0.1451602348660985
1.25 1.5 37 38 49.59695180594503 0.139217463275585
1.25 1.5 38 39 48.49398629821019 0.1335941692451758
1.25 1.5 39 40 47.34692589422957 0.1282683917974628
1.25 1.5 40 41 46.16990376339908 0.1232200337658305
1.25 1.5 41 42 44.97456591038468 0.1184306747556625
1.25 1.5 42 43 43.77048925783743 0.1138834046239267
1.25 1.5 43 44 42.56552666701515 0.1095626769069259
1.25 1.5 44 45 41.3660924777202 0.1054541778153006
1.25 1.5 45 46 40.17624592095282 0.101880768344915
1.25 1.5 46 47 39.00236505021567 0.1000847982662442
1.25 1.5 47 48 37.84665684179762 0.1002292801324146
1.25 1.5 48 49 36.71178910832063 0.1022057736515058
1.25 1.5 49 50 35.59964531928227 0.1047974984036049
1.5 1.75 0 1 4717.916737288148 0.9421989087889595
1.5 1.75 1 2 -2677.862208079596 0.7510649732423257
1.5 1.75 2 3 -5542.199843172129 1.695403892058488
1.5 1.75 3 4 -4294.494488075006 1.639122572904963
1.5 1.75 4 5 -3099.277822552 1.465646491076662
1.5 1.75 5 6 -2226.671349868528 1.291381267620222
1.5 1.75 6 7 -1612.895948884026 1.138547439198805
1.5 1.75 7 8 -1179.634101437307 1.008730273075119
1.5 1.75 8 9 -869.5583398768481 0.8993156920544668
1.5 1.75 9 10 -644.1075425221898 0.8070217382062075
1.5 1.75 10 11 -477.5923776093705 0.7277004587653759
1.5 1.75 11 12 -353.0056047512769 0.659742459277693
1.5 1.75 12 13 -258.6784812356559 0.6008597456485048
1.5 1.75 13 14 -186.5592428933346 0.5494609417894293
1.5 1.75 14 15 -130.9757399073037 0.5042877396419712
1.5 1.75 15 16 -87.86408242482526 0.464338427302016
1.5 1.75 16 17 -54.26684535754748 0.4288087855917296
1.5 1.75 17 18 -28.00098019119901 0.3970473501964973
1.5 1.75 18 19 -7.434165632577333 0.3685217043187761
1.5 1.75 19 20 8.668390755315158 0.342793013336588
1.5 1.75 20 21 21.25059526296081 0.3194966618179599
1.5 1.75 21 22 31.04082921964527 0.2983274189856475
1.5 1.75 22 23 38.60595459926287 0.2790279695988136
1.5 1.75 23 24 44.39051939159083 0.261379973591113
1.5 1.75 24 25 48.74556078473825 0.2451970357205103
1.5 1.75 25 26 51.95000043386131 0.2303191305712666
1.5 1.75 26 27 54.22669945548216 0.2166081475769376
1.5 1.75 27 28 55.75461960092923 0.2039443033996823
1.5 1.75 28 29 56.67811522786099 0.1922232321930095
1.5 1.75 29 30 57.11409008280702 0.1813536099285065
1.5 1.75 30 31 57.1575506471504 0.1712552020596716
1.5 1.75 31 32 56.88594503158424 0.1618572495931471
1.5 1.75 32 33 56.36257471202151 0.1530971272520398
1.5 1.75 33 34 55.63929319891116 0.1449192217161657
1.5 1.75 34 35 54.75865248603878 0.1372739896464326
1.5 1.75 35 36 53.75561907958837 0.1301171620590911
1.5 1.75 36 37 52.65895248172285 0.123409070185374
1.5 1.75 37 38 51.49231750383348 0.1171140708411268
1.5 1.75 38 39 50.27518554251571 0.1112000557075131
1.5 1.75 39 40 49.02356766582812 0.1056380299348292
1.5 1.75 40 41 47.75061316207245 0.1004017487891593
1.5 1.75 41 42 46.46709976037334 0.09546740423799593
1.5 1.75 42 43 45.18183652148076 0.09081335261734472
1.5 1.75 43 44 43.90199586721104 0.08641987798398275
1.5 1.75 44 45 42.63338797387391 0.08226898532689834
1.5 1.75 45 46 41.37955552978929 0.07905173723381052
1.5 1.75 46 47 40.1463620394353 0.07935062953334959
1.5 1.75 47 48 38.93560744761066 0.08324554954954753
1.5 1.75 48 49 37.7495769960334 0.09008039995597404
1.5 1.75 49 50 36.58981923804882 0.09729839116343499
1.75 2 0 1 4289.085299548316 1.078654928000647
1.75 2 1 2 -3056.830191061052 2.661559934373311
1.75 2 2 3 -5548.376985648361 2.86662405579089
1.75 2 3 4 -4251.218425332508 2.384025019114057
1.75 2 4 5 -3053.702837632703 1.975772865583687
1.75 2 5 6 -2187.187192481626 1.66454311342331
1.75 2 6 7 -1580.231998989821 1.425741891349597
1.75 2 7 8 -1152.920316258243 1.238666955566738
1.75 2 8 9 -847.7297365406985 1.088028215325898
1.75 2 9 10 -626.2215527787398 0.9658429755306984
1.75 2 10 11 -462.8783413100932 0.863649876487643
1.75 2 11 12 -340.8532292645066 0.7776265036888077
1.75 2 12 13 -248.6032731023643 0.7042047934878908
1.75 2 13 14 -178.1765513419364 0.6408842219073074
1.75 2 14 15 -123.9787070885484 0.585782300013356
1.75 2 15 16 -82.00650675384372 0.5374552131933308
1.75 2 16 17 -49.35003506399994 0.4947771539138302
1.75 2 17 18 -23.86368265644364 0.4568573100989569
1.75 2 18 19 -3.944824601447181 0.422981551790657
1.75 2 19 20 11.61762365689719 0.3925706720258115
1.75 2 20 21 23.74852399027122 0.365149951557365
1.75 2 21 22 33.16087060841687 0.3403266189204449
1.75 2 22 23 40.40902640941351 0.3177729129687182
1.75 2 23 24 45.92733590588546 0.2972131861925847
1.75 2 24 25 50.05846874524843 0.2784139641046641
1.75 2 25 26 53.07445578285626 0.2611761999510038
1.75 2 26 27 55.19246146785201 0.2453291764133389
1.75 2 27 28 56.58672124255304 0.2307256606472798
1.75 2 28 29 57.3976552613741 0.217238020131376
1.75 2 29 30 57.73888239427299 0.2047550855145958
1.75 2 30 31 57.70265861691223 0.1931795961002219
1.75 2 31 32 57.36412290544808 0.1824261068421066
1.75 2 32 33 56.78463340029111 0.1724192612247561
1.75 2 33 34 56.01440441082161 0.163092358064609
1.75 2 34 35 55.09460235071145 0.1543861555841561
1.75 2 35 36 54.05902024013011 0.1462478673659367
1.75 2 36 37 52.93542193102479 0.1386303161327064
1.75 2 37 38 51.74662607195336 0.1314912161031863
1.75 2 38 39 50.51138384939094 0.1247925636983029
1.75 2 39 40 49.24509248517796 0.1185001148128502
1.75 2 40 41 47.96037743115318 0.1125829379145245
1.75 2 41 42 46.66756890631393 0.1070130285813776
1.75 2 42 43 45.3750933050577 0.1017649762475219
1.75 2 43 44 44.08979557092493 0.09681567536478371
1.75 2 44 45 42.81720545386375 0.09214407371906741
1.75 2 45 46 41.56065730644499 0.0880918050053436
1.75 2 46 47 40.32574691072622 0.08600688996865843
1.75 2 47 48 39.11412989170472 0.08607388034065033
1.75 2 48 49 37.92794025955251 0.09093819327353439
1.75 2 49 50 36.76859025621823 0.09780078812688278
2 2.25 0 1 3813.903013902667 1.0612065608316
2 2.25 1 2 -3459.21336288048 0.8758088718342856
2 2.25 2 3 -5536.512788092838 1.661752348291067
2 2.25 3 4 -4174.412780923638 1.535872114817018
2 2.25 4 5 -2968.981956240473 1.353744323312496
2 2.25 5 6 -2108.403314635095 1.192930936664169
2 2.25 6 7 -1510.567249593731 1.058214933514505
2 2.25 7 8 -1092.430176215886 0.9450033637333072
2 2.25 8 9 -795.5207341895953 0.8496983623237532
2 2.25 9 10 -581.1938608855999 0.7684336741594185
2 2.25 10 11 -423.9942342979957 0.6978572693536762
2 2.25 11 12 -307.1732303052856 0.6367432922589537
2 2.25 12 13 -219.3316305488283 0.5832323490621322
2 2.25 13 14 -152.644513032684 0.5360672260959741
2 2.25 14 15 -101.6277667952663 0.4942469558225484
2 2.25 15 16 -62.37089026591207 0.4569658064171333
2 2.25 16 17 -32.04084162206846 0.4235686211364841
2 2.25 17 18 -8.555352216957317 0.3935177213084264
2 2.25 18 19 9.63609248185071 0.3663680672544384
2 2.25 19 20 23.70166283359663 0.3417483967505124
2 2.25 20 21 34.53079384672003 0.3193467392322008
2 2.25 21 22 42.80713951901396 0.2988991830531099
2 2.25 22 23 49.06067490328303 0.280181074563168
2 2.25 23 24 53.70539537646857 0.2630000674079003
2 2.25 24 25 57.06692527770679 0.247190584228046
2 2.25 25 26 59.40296240697785 0.2326093717511708
2 2.25 26 27 60.91857315554694 0.2191319047567159
2 2.25 27 28 61.77774372115198 0.2066494601273104
2 2.25 28 29 62.11218025715493 0.1950667174031311
2 2.25 29 30 62.02806732560521 0.1842997813809054
2 2.25 30 31 61.61129722890303 0.1742745422647115
2 2.25 31 32 60.93154422883589 0.1649253078183539
2 2.25 32 33 60.04545919972776 0.1561936576800563
2 2.25 33 34 58.99918955629312 0.1480274780748529
2 2.25 34 35 57.83037797742821 0.1403801452599954
2 2.25 35 36 56.56975590797992 0.1332098313185799
2 2.25 36 37 55.2424200633514 0.1264789126028355
2 2.25 37 38 53.86885958795148 0.1201534619022048
2 2.25 38 39 52.46578599557722 0.114202812538649
2 2.25 39 40 51.04680632022939 0.1085991823969255
2 2.25 40 41 49.62297114957386 0.103317347185445
2 2.25 41 42 48.20322216335421 0.09833435829079774
2 2.25 42 43 46.79475884616176 0.09362929555130647
2 2.25 43 44 45.40333978274646 0.089183052333785
2 2.25 44 45 44.03353086855782 0.08497814596586969
2 2.25 45 46 42.68783318307351 0.08165738248705379
2 2.25 46 47 41.37103533894074 0.08162126752757173
2 2.25 47 48 40.08413562566724 0.08493272248897382
2 2.25 48 49 38.82865982473069 0.09096877298827573
2 2.25 49 50 37.60547837241302 0.0973517105334766
2.25 2.5 0 1 3309.358165007163 1.813919344211916
2.25 2.5 1 2 -3861.536899367542 0.9603419443342844
2.25 2.5 2 3 -5484.734759143013 1.690668357025994
2.25 2.5 3 4 -4064.755319482601 1.557266046111749
2.25 2.5 4 5 -2863.493547490752 1.378934314222028
2.25 2.5 5 6 -2018.438386769017 1.248307051492367
2.25 2.5 6 7 -1436.241191288926 1.122745597569064
2.25 2.5 7 8 -1031.475655071666 1.010219985106714
2.25 2.5 8 9 -745.4795495843478 0.9121864891311471
2.25 2.5 9 10 -539.944970235932 0.826859868980628
2.25 2.5 10 11 -389.8378332089633 0.7520504168213573
2.25 2.5 11 12 -278.747556205773 0.6867631695474962
2.25 2.5 12 13 -195.5665168783203 0.6293595959550904
2.25 2.5 13 14 -132.6933452983872 0.5786388228372725
2.25 2.5 14 15 -84.81701990408624 0.5336043506613839
2.25 2.5 15 16 -48.16113635931288 0.4934318895000679
2.25 2.5 16 17 -19.99703949919103 0.4574386422231211
2.25 2.5 17 18 1.675742777364121 0.4250569422574662
2.25 2.5 18 19 18.34316316669219 0.3958125865247932
2.25 2.5 19 20 31.12205844220671 0.3693073588402258
2.25 2.5 20 21 40.8607562292965 0.3452050371176058
2.25 2.5 21 22 48.20976856143659 0.3232202082407039
2.25 2.5 22 23 53.67217988256562 0.3031093130195255
2.25 2.5 23 24 57.64003701921615 0.2846634537735515
2.25 2.5 24 25 60.42094995830394 0.2677025912402513
2.25 2.5 25 26 62.25775459886836 0.2520708409591031
2.25 2.5 26 27 63.34319703308711 0.2376326403360998
2.25 2.5 27 28 63.83100408837208 0.2242696086761599
2.25 2.5 28 29 63.8443027127887 0.2118779628074653
2.25 2.5 29 30 63.48207491949751 0.2003663771301558
2.25 2.5 30 31 62.82414376235454 0.1896542046087882
2.25 2.5 31 32 61.93505135282101 0.1796699892207854
2.25 2.5 32 33 60.86709450932744 0.1703502177531645
2.25 2.5 33 34 59.66271519890137 0.1616382661533308
2.25 2.5 34 35 58.35639333159014 0.1534835079314778
2.25 2.5 35 36 56.97615322863112 0.1458405551116019
2.25 2.5 36 37 55.54476833014115 0.1386686109541452
2.25 2.5 37 38 54.08072889459481 0.1319309142366325
2.25 2.5 38 39 52.59902252074096 0.125594262502122
2.25 2.5 39 40 51.11176608151578 0.1196285995090594
2.25 2.5 40 41 49.62871926461582 0.1140066585251154
2.25 2.5 41 42 48.15770316094401 0.1087036527708994
2.25 2.5 42 43 46.70494259629007 0.1036970052331469
2.25 2.5 43 44 45.27534684288068 0.09896611276381838
2.25 2.5 44 45 43.87274039899975 0.09449213966515282
2.25 2.5 45 46 42.49901235435772 0.09057877359789453
2.25 2.5 46 47 41.15831412694274 0.08841185639730732
2.25 2.5 47 48 39.85118265285038 0.08812829040747643
2.25 2.5 48 49 38.57870673636737 0.0895786159536122
2.25 2.5 49 50 37.34137310591962 0.0931942170417499
2.5 2.75 0 1 2752.636493298364 2.569533069781553
2.5 2.75 1 2 -4294.390110565406 1.099631299287792
2.5 2.75 2 3 -5424.165156265499 2.400569927331405
2.5 2.75 3 4 -3941.772852404511 2.435267535994868
2.5 2.75 4 5 -2743.553711010092 2.18802733129436
2.5 2.75 5 6 -1914.015014584694 1.927011241961965
2.5 2.75 6 7 -1348.115118033171 1.697117106021749
2.5 2.75 7 8 -957.7154872647097 1.502101618579258
2.5 2.75 8 9 -683.7484685121967 1.337580282495626
2.5 2.75 9 10 -488.1173874820151 1.198739730170944
2.5 2.75 10 11 -346.1476491688038 1.080061872129388
2.5 2.75 11 12 -241.7425179256488 0.9782477458950845
2.5 2.75 12 13 -164.0790064269831 0.8901395787453862
2.5 2.75 13 14 -105.7825825029877 0.8133412529156823
2.5 2.75 14 15 -61.72287974758888 0.7459536245757313
2.5 2.75 15 16 -28.26661599148019 0.6864612711222696
2.5 2.75 16 17 -2.798597397940284 0.6336451621525945
2.5 2.75 17 18 16.59137839527489 0.5865163818615177
2.5 2.75 18 19 31.31708573860556 0.5442659710862208
2.5 2.75 19 20 42.43732324820655 0.5062268466611597
2.5 2.75 20 21 50.753478255358 0.4718447135689505
2.5 2.75 21 22 56.87787853635325 0.4406556796686166
2.5 2.75 22 23 61.28237251557334 0.4122688913407501
2.5 2.75 23 24 64.33331732008799 0.3863529536670607
2.5 2.75 24 25 66.3170864563026 0.3626252258347557
2.5 2.75 25 26 67.45887526942101 0.3408433167040545
2.5 2.75 26 27 67.9367088672409 0.3207982785269433
2.5 2.75 27 28 67.89197590938863 0.3023091203695161
2.5 2.75 28 29 67.43741958748086 0.28521835550441
2.5 2.75 29 30 66.66324875536543 0.2693883647699666
2.5 2.75 30 31 65.64184652307051 0.2546984076363317
2.5 2.75 31 32 64.43142335981969 0.2410421521559847
2.5 2.75 32 33 63.07886950340776 0.2283256218771218
2.5 2.75 33 34 61.62199543010166 0.2164654807003529
2.5 2.75 34 35 60.09130137706762 0.2053875930415516
2.5 2.75 35 36 58.51138206424218 0.195025809266426
2.5 2.75 36 37 56.90204709420772 0.1853209367637458
2.5 2.75 37 38 55.27921853122496 0.1762198646434986
2.5 2.75 38 39 53.65565289143836 0.1676748156594331
2.5 2.75 39 40 52.04152405447417 0.1596427053474732
2.5 2.75 40 41 50.44489560566421 0.152084590073888
2.5 2.75 41 42 48.87210469867634 0.1449651905960568
2.5 2.75 42 43 47.32807502147764 0.1382524789486418
2.5 2.75 43 44 45.81657260588395 0.1319173198630559
2.5 2.75 44 45 44.34041543093105 0.1259331579524284
2.5 2.75 45 46 42.9006411705119 0.1204991818881757
2.5 2.75 46 47 41.50054626180707 0.11643511772675
2.5 2.75 47 48 40.14000993630737 0.1138555790624381
2.5 2.75 48 49 38.81950564520537 0.1127035579101784
2.5 2.75 49 50 37.53897342655944 0.1121652072726128
2.75 3 0 1 2135.465270409143 2.208464912806642
2.75 3 1 2 -4724.732342096706 3.510761324736821
2.75 3 2 3 -5305.915480239136 5.56394045264871
2.75 3 3 4 -3764.303139662272 4.872944774154244
2.75 3 4 5 -2579.217231743189 4.099525274054177
2.75 3 5 6 -1774.811978853926 3.463942499232345
2.75 3 6 7 -1232.988450981054 2.960130358785849
2.75 3 7 8 -862.9728295954346 2.558845628150199
2.75 3 8 9 -605.6192500462839 2.234909613477758
2.75 3 9 10 -423.4208761036805 1.970254184943486
2.75 3 10 11 -292.3627461829328 1.749543343990059
2.75 3 11 12 -196.7315318615488 1.564932701050937
2.75 3 12 13 -126.2522864049849 1.407892391049102
2.75 3 13 14 -73.85376173080772 1.273212429388948
2.75 3 14 15 -34.66641239397541 1.156715431573015
2.75 3 15 16 -5.259594883153113 1.055175007037293
2.75 3 16 17 16.82379817721653 0.9660652814326041
2.75 3 17 18 33.3698934269114 0.8873840274789273
2.75 3 18 19 45.69441585837103 0.817525918514484
2.75 3 19 20 54.77813393890972 0.7551903714040267
2.75 3 20 21 61.35990323272563 0.6993136019418568
2.75 3 21 22 66.00160260930909 0.6490178726083194
2.75 3 22 23 69.1341190338494 0.603573115930632
2.75 3 23 24 71.09035016807366 0.5623675837678825
2.75 3 24 25 72.12918240568445 0.5248851605764872
2.75 3 25 26 72.45310943730374 0.4906876541794796
2.75 3 26 27 72.22131275519439 0.4594008442615095
2.75 3 27 28 71.55946585438284 0.4307033969699602
2.75 3 28 29 70.56714752472783 0.4043179860345046
2.75 3 29 30 69.32349274098488 0.3800041282470412
2.75 3 30 31 67.89153243370407 0.3575523610991971
2.75 3 31 32 66.32154938733811 0.3367794806359323
2.75 3 32 33 64.65368989630525 0.3175246217491001
2.75 3 33 34 62.92000824280774 0.2996460138474563
2.75 3 34 35 61.14607591144556 0.2830182800381238
2.75 3 35 36 59.35225460567472 0.2675301777309276
2.75 3 36 37 57.55470798441218 0.2530826989091918
2.75 3 37 38 55.76620922273241 0.2395874658564376
2.75 3 38 39 53.99678814728901 0.2269653697776369
2.75 3 39 40 52.25425167230793 0.2151454115541578
2.75 3 40 41 50.54460381290144 0.2040637099584146
2.75 3 41 42 48.87238557957235 0.1936626506131685
2.75 3 42 43 47.24095086897034 0.1838901525388166
2.75 3 43 44 45.65269092850249 0.1746990344146608
2.75 3 44 45 44.10921737022335 0.1660464645556241
2.75 3 45 46 42.61055267091035 0.1580494660225286
2.75 3 46 47 41.15896961615599 0.1512654390456137
2.75 3 47 48 39.75356965917067 0.1457743098066891
2.75 3 48 49 38.39409913761142 0.1415498280748002
2.75 3 49 50 37.07985374553479 0.1380215113793402
3 3.25 0 1 1458.19843012086 1.377255177556411
3 3.25 1 2 -5085.385098322251 8.473762324270112
3 3.25 2 3 -5076.148175404795 9.585706402291821
3 3.25 3 4 -3497.88356622664 7.931603539529654
3 3.25 4 5 -2348.704319922665 6.492710477943761
3 3.25 5 6 -1586.947400648742 5.390960114942766
3 3.25 6 7 -1081.977240498695 4.548367338581039
3 3.25 7 8 -741.6020661287093 3.892450069912093
3 3.25 8 9 -507.6421517489712 3.371833952748585
3 3.25 9 10 -343.8520687556729 2.950778461407195
3 3.25 10 11 -227.351733790844 2.604941385485704
3 3.25 11 12 -143.3613495769671 2.31698386329061
3 3.25 12 13 -82.21701145268071 2.074155811091463
3 3.25 13 14 -37.37590649872868 1.867258293326968
3 3.25 14 15 -4.352030321821076 1.689331298276642
3 3.25 15 16 19.99389636341516 1.535058426351219
3 3.25 16 17 37.89586619725821 1.400316547372385
3 3.25 17 18 50.96765337609531 1.281863862048098
3 3.25 18 19 60.39066274842571 1.177119799497537
3 3.25 19 20 67.04008062287585 1.084007024407999
3 3.25 20 21 71.57108926852914 1.000836217573363
3 3.25 21 22 74.47874512769113 0.9262208183815341
3 3.25 22 23 76.14018474177169 0.859013087757431
3 3.25 23 24 76.84477907977748 0.7982555667506912
3 3.25 24 25 76.81594590256816 0.7431438025807507
3 3.25 25 26 76.22710772839514 0.6929974256613205
3 3.25 26 27 75.21348870500492 0.6472374876464841
3 3.25 27 28 73.8809189480063 0.6053685448565956
3 3.25 28 29 72.31246334760209 0.5669643742335517
3 3.25 29 30 70.57345274888138 0.5316564963960392
3 3.25 30 31 68.7153310176879 0.4991248865663777
3 3.25 31 32 66.77861683560673 0.4690904050711743
3 3.25 32 33 64.79519831910619 0.441308589396572
3 3.25 33 34 62.79012108298645 0.4155645326944167
3 3.25 34 35 60.78298901710508 0.3916686337946522
3 3.25 35 36 58.78906705058506 0.3694530528030392
3 3.25 36 37 56.82015319533463 0.3487687392723
3 3.25 37 38 54.88527099304093 0.3294829290873938
3 3.25 38 39 52.99122140326529 0.3114770265628005
3 3.25 39 40 51.14302412892232 0.2946448048181162
3 3.25 40 41 49.34427166837543 0.2788908702356871
3 3.25 41 42 47.59741403338057 0.2641293476402696
3 3.25 42 43 45.90398831533011 0.2502827496749216
3 3.25 43 44 44.2648041414067 0.2372810018961628
3 3.25 44 45 42.68009373714844 0.2250605987964331
3 3.25 45 46 41.14873727263816 0.2136677032922469
3 3.25 46 47 39.67182711459691 0.2034454565166003
3 3.25 47 48 38.24760488490031 0.1944253712931835
3 3.25 48 49 36.87500737883903 0.1865762277762086
3 3.25 49 50 35.55261750806771 0.1795049384288756
3.25 3.5 0 1 746.3284672883229 0.4615438547724288
3.25 3.5 1 2 -5259.110583303596 18.91031511960278
3.25 3.5 2 3 -4663.527480668709 15.48902623870907
3.25 3.5 3 4 -3101.38128161902 11.81840548703735
3.25 3.5 4 5 -2028.449280423825 9.270904176750848
3.25 3.5 5 6 -1337.250127359015 7.481756626611426
3.25 3.5 6 7 -888.1839096238732 6.178471211718494
3.25 3.5 7 8 -590.559983898421 5.196508948421477
3.25 3.5 8 9 -389.1559275798986 4.435552458862777
3.25 3.5 9 10 -250.27223909746 3.831899754209758
3.25 3.5 10 11 -152.9404940178877 3.343766754259154
3.25 3.5 11 12 -83.96141029593173 2.942479174826179
3.25 3.5 12 13 -34.66442998669027 2.608107172848511
3.25 3.5 13 14 0.7839545196625295 2.326108901751757
3.25 3.5 14 15 26.28160691199309 2.085837890187356
3.25 3.5 15 16 44.55281803386242 1.879270361186731
3.25 3.5 16 17 57.51996843884513 1.700264819972653
3.25 3.5 17 18 66.56023778990118 1.544047729419749
3.25 3.5 18 19 72.67348395198997 1.406857723710915
3.25 3.5 19 20 76.59419626208012 1.285694471854574
3.25 3.5 20 21 78.86750699385948 1.178138165176993
3.25 3.5 21 22 79.9016552617345 1.082217627706453
3.25 3.5 22 23 80.00474566434787 0.9963125131539372
3.25 3.5 23 24 79.41085791047851 0.9190797942112511
3.25 3.5 24 25 78.29882543747846 0.8493978254068898
3.25 3.5 25 26 76.80589611024158 0.786323295256949
3.25 3.5 26 27 75.0377738294514 0.7290577513309316
3.25 3.5 27 28 73.07607040013932 0.6769213191585608
3.25 3.5 28 29 70.98388397120203 0.6293318844364193
3.25 3.5 29 30 68.81000842829718 0.5857884670901109
3.25 3.5 30 31 66.59213303869888 0.5458578402787134
3.25 3.5 31 32 64.35929087702533 0.509163684207426
3.25 3.5 32 33 62.13374388626607 0.4753777352405575
3.25 3.5 33 34 59.93244232731857 0.4442125180145237
3.25 3.5 34 35 57.76816046923605 0.4154153420762716
3.25 3.5 35 36 55.650384424903 0.3887633155767412
3.25 3.5 36 37 53.58600910158722 0.3640591821558847
3.25 3.5 37 38 51.5798873628822 0.3411278275652307
3.25 3.5 38 39 49.63526415793194 0.3198133352104294
3.25 3.5 39 40 47.75412068061542 0.299976492726405
3.25 3.5 40 41 45.93744792932895 0.281492672277655
3.25 3.5 41 42 44.18546451865137 0.2642500207652809
3.25 3.5 42 43 42.49779042168012 0.2481479094788544
3.25 3.5 43 44 40.87358571118551 0.2330956005332292
3.25 3.5 44 45 39.31166139793393 0.2190110963690512
3.25 3.5 45 46 37.80976330958974 0.2059130424132987
3.25 3.5 46 47 36.36774051816762 0.1940928903476533
3.25 3.5 47 48 34.98301386987886 0.1835717438142355
3.25 3.5 48 49 33.65373102414277 0.1743173503415296
3.25 3.5 49 50 32.37779183327365 0.1659690920817402
3.5 3.75 0 1 82.00959340320554 1.781569038776475
3.5 3.75 1 2 -5055.693794322138 25.44360723677231
3.5 3.75 2 3 -3987.052478619625 17.31902083364545
3.5 3.75 3 4 -2541.73330552484 12.408814332233
3.5 3.75 4 5 -1607.883537789794 9.389535384279871
3.5 3.75 5 6 -1025.855929274496 7.389456309206359
3.5 3.75 6 7 -656.818110574809 5.984588522563061
3.5 3.75 7 8 -417.3360738058868 4.953045250339113
3.5 3.75 8 9 -258.5001494955809 4.169236152047593
3.5 3.75 9 10 -151.173971867737 3.55752747096644
3.5 3.75 10 11 -77.56089190341663 3.069354710322841
3.5 3.75 11 12 -26.34911671005898 2.672048571812946
3.5 3.75 12 13 9.218390677169964 2.345566263753099
3.5 3.75 13 14 33.80815444216717 2.071915566890014
3.5 3.75 14 15 50.92963235702427 1.840921191949191
3.5 3.75 15 16 62.6026919256783 1.64386996880267
3.5 3.75 16 17 70.34207605504366 1.474348930378549
3.5 3.75 17 18 75.2211884032688 1.327419785907257
3.5 3.75 18 19 78.0107586912236 1.199223782818272
3.5 3.75 19 20 79.27053059266666 1.086706185972558
3.5 3.75 20 21 79.41101365946406 0.9874203631643419
3.5 3.75 21 22 78.73577582898406 0.8993860117372169
3.5 3.75 22 23 77.47085270047586 0.8209849322260492
3.5 3.75 23 24 75.78548244359337 0.7508833023387105
3.5 3.75 24 25 73.80690931882236 0.687972955518824
3.5 3.75 25 26 71.63107350698613 0.6313264877677146
3.5 3.75 26 27 69.33041066827388 0.5801625606667619
3.5 3.75 27 28 66.95959641775084 0.5338188151948361
3.5 3.75 28 29 64.55981354138743 0.4917305302370927
3.5 3.75 29 30 62.16194650284575 0.453413662908123
3.5 3.75 30 31 59.78898981229176 0.4184512634143439
3.5 3.75 31 32 57.45787530441976 0.3864825118802477
3.5 3.75 32 33 55.18086649545546 0.3571938101268265
3.5 3.75 33 34 52.96662806519427 0.3303114957338986
3.5 3.75 34 35 50.82104990788471 0.3055958472677831
3.5 3.75 35 36 48.74788461881437 0.2828361232328783
3.5 3.75 36 37 46.74924234935963 0.2618464348831417
3.5 3.75 37 38 44.82597606907936 0.2424622950860068
3.5 3.75 38 39 42.97798219865956 0.2245377190066234
3.5 3.75 39 40 41.20443559609757 0.2079427774115021
3.5 3.75 40 41 39.50397348128169 0.1925615231850813
3.5 3.75 41 42 37.87483940327792 0.1782902272026118
3.5 3.75 42 43 36.31499592555205 0.1650358718931696
3.5 3.75 43 44 34.82221272879102 0.1527148604612091
3.5 3.75 44 45 33.39413532168771 0.1412519071248619
3.5 3.75 45 46 32.02766558086498 0.1306944419955441
3.5 3.75 46 47 30.72157235211677 0.1214370982614437
3.5 3.75 47 48 29.47273195104829 0.1135493793573539
3.5 3.75 48 49 28.27872926892294 0.1070293192362339
3.5 3.75 49 50 27.13700321625892 0.1014541206360167
3.75 4 0 1 -419.145609852946 2.030019285224406
3.75 4 1 2 -4327.514346373818 29.72160402603114
3.75 4 2 3 -3024.964377304663 14.30862144101446
3.75 4 3 4 -1828.589023726222 8.584632246084553
3.75 4 4 5 -1105.716060201461 5.725281038149486
3.75 4 5 6 -673.1090412099213 4.065343699119797
3.75 4 6 7 -407.2200040807459 3.008084148576784
3.75 4 7 8 -239.4061384752924 2.290815353461262
3.75 4 8 9 -131.0563363167771 1.781080384841398
3.75 4 9 10 -59.86224182099158 1.406240888082034
3.75 4 10 11 -12.6022135968085 1.123656542464181
3.75 4 11 12 18.96130376234862 0.9126734241551741
3.75 4 12 13 40.07312097096542 0.7357021701738016
3.75 4 13 14 53.94814345821555 0.594410097343484
3.75 4 14 15 62.79737546762271 0.4913795634123835
3.75 4 15 16 68.20372352609331 0.4038777619335283
3.75 4 16 17 71.16282973697258 0.3332404160558322
3.75 4 17 18 72.39402167702769 0.2763966910830521
3.75 4 18 19 72.40567593508825 0.231103251403202
3.75 4 19 20 71.56086372002221 0.2122150339885781
3.75 4 20 21 70.12110562745073 0.1971263090510096
3.75 4 21 22 68.2760358067286 0.183417158411311
3.75 4 22 23 66.16382429662633 0.1709239750859451
3.75 4 23 24 63.8854326994263 0.159507102409871
3.75 4 24 25 61.51469009311711 0.149046710934213
3.75 4 25 26 59.10549504159624 0.1394394814674288
3.75 4 26 27 56.69701564553279 0.1305959178969122
3.75 4 27 28 54.31747828446046 0.1279030562754614
3.75 4 28 29 51.98695059067546 0.1304521131964016
3.75 4 29 30 49.71940045547029 0.1331561616159415
3.75 4 30 31 47.52422919537366 0.1357945612131508
3.75 4 31 32 45.40741958407131 0.1382360534502105
3.75 4 32 33 43.37239965454881 0.1404083145777049
3.75 4 33 34 41.42069529348323 0.1422769638651976
3.75 4 34 35 39.5524249007815 0.14383154905653
3.75 4 35 36 37.76667527383061 0.1450763475936579
3.75 4 36 37 36.06178770588613 0.1460243863475714
3.75 4 37 38 34.43557591445598 0.1466935797962642
3.75 4 38 39 32.88549199161716 0.1471042542349997
3.75 4 39 40 31.40875257597459 0.1472775778279376
3.75 4 40 41 30.0024345361354 0.1472345816091579
3.75 4 41 42 28.66354716454505 0.1469955674313923
3.75 4 42 43 27.38908629128326 0.1465797675291656
3.75 4 43 44 26.17607446197444 0.1460051683004277
3.75 4 44 45 25.02159033744341 0.1452884390816701
3.75 4 45 46 23.92229048200731 0.1445168424502083
3.75 4 46 47 22.8763017297146 0.143953127173303
3.75 4 47 48 21.88047984553832 0.1436106221205802
3.75 4 48 49 20.93229438693456 0.1434604220444456
3.75 4 49 50 20.02914938795471 0.1432879199349127
4 5 0 1 -1195.357088310959 3.815736402337691
4 5 1 2 -4857.187408948816 10.69947590930592
4 5 2 3 -2789.411425164981 6.800766918316912
4 5 3 4 -1461.538987089104 4.817792646344567
4 5 4 5 -757.4699743514352 3.518384881485033
4 5 5 6 -379.0467525470826 2.66744142504168
4 5 6 7 -167.3081428623859 2.12807073725559
4 5 7 8 -45.47428011888496 1.760723313838615
4 5 8 9 25.64532877501233 1.487550559713064
4 5 9 10 67.11445777999575 1.273064752238763
4 5 10 11 90.72865342672117 1.104024482596476
4 5 11 12 103.3865931240882 0.9690406676247344
4 5 12 13 109.2256073367278 0.856166743346606
4 5 13 14 110.7728408711562 0.7595633088185314
4 5 14 15 109.6160174126305 0.6779182836717798
4 5 15 16 106.7801436031521 0.6089066883051146
4 5 16 17 102.9364878321302 0.5496129244811758
4 5 17 18 98.52423148555357 0.4976645739416643
4 5 18 19 93.83056872410276 0.4517351959210653
4 5 19 20 89.04405010822194 0.4111052061640766
4 5 20 21 84.28858993371517 0.3751654789992531
4 5 21 22 79.64465295589892 0.3432660181355763
4 5 22 23 75.16285910419498 0.3147826147037239
4 5 23 24 70.87322130285824 0.2891969691071568
4 5 24 25 66.79164255532726 0.2661129748625521
4 5 25 26 62.92449329448277 0.245227606592136
4 5 26 27 59.27178803207272 0.2262942578228808
4 5 27 28 55.82936121439636 0.2090986578823969
4 5 28 29 52.59035426488362 0.1934489142877671
4 5 29 30 49.54623948205884 0.1791735356525583
4 5 30 31 46.68753224612063 0.1661216262534098
4 5 31 32 44.00428900897258 0.1541623437297831
4 5 32 33 41.48645402048936 0.143183066544107
4 5 33 34 39.12409706314173 0.1330867880251344
4 5 34 35 36.90757205195418 0.1237894078551705
4 5 35 36 34.8276183606196 0.115217357948793
4 5 36 37 32.87542112817776 0.1073057217297863
4 5 37 38 31.04264260448175 0.09999682299456196
4 5 38 39 29.32143336397566 0.0932391808176628
4 5 39 40 27.70442976679319 0.08698671746583891
4 5 40 41 26.18474227208103 0.0811981295470194
4 5 41 42 24.75593780812723 0.07583636210550636
4 5 42 43 23.41201850102174 0.07086814966091129
4 5 43 44 22.14739838942234 0.06626360722688342
4 5 44 45 20.95687921902189 0.06199586152686931
4 5 45 46 19.83513090016306 0.05848824471247682
4 5 46 47 18.7783057482689 0.05734773273756174
4 5 47 48 17.781770277051 0.0587727705544065
4 5 48 49 16.84168392641438 0.0627882395662277
4 5 49 50 15.95407703441203 0.06714785144844024
-5 5 0 50 -548788.4177135862 97.39606211176232
