#ylo yhi qTlo qThi PDF0  uncertainty
-5 -4 0 1 -1206.046225563975 3.830850036034182
-5 -4 1 2 -4880.255581334712 10.74653459327864
-5 -4 2 3 -2797.248361099045 6.835185773345312
-5 -4 3 4 -1464.378448600032 4.833648845392631
-5 -4 4 5 -758.173538853674 3.526094037438148
-5 -4 5 6 -378.7352935107174 2.675952490594265
-5 -4 6 7 -166.5563541343624 2.135539957299877
-5 -4 7 8 -44.56674320472484 1.766615891269703
-5 -4 8 9 26.56772464655933 1.492551700489588
-5 -4 9 10 67.99146156750533 1.277782705304725
-5 -4 10 11 91.53619098633669 1.108682151809832
-5 -4 11 12 104.1159136649486 0.973128009767078
-5 -4 12 13 109.8787050358661 0.860137473797098
-5 -4 13 14 111.3537698463716 0.7632470106918072
-5 -4 14 15 110.1307190540592 0.6813082764763874
-5 -4 15 16 107.2350562157881 0.612025872400739
-5 -4 16 17 103.3379429722361 0.5524823906811533
-5 -4 17 18 98.87817765518241 0.5003027202114428
-5 -4 18 19 94.14245234948152 0.4541610534545341
-5 -4 19 20 89.31878013943322 0.4133389875824841
-5 -4 20 21 84.53054591666739 0.3772270085915254
-5 -4 21 22 79.85771542269242 0.34517332891132
-5 -4 22 23 75.35045079234598 0.3165515419755661
-5 -4 23 24 71.03835246043937 0.2908413950220221
-5 -4 24 25 66.93695623259981 0.2676452006878612
-5 -4 25 26 63.05230826653298 0.2466586102540296
-5 -4 26 27 59.38413818770016 0.2276338317943706
-5 -4 27 28 55.92803099769327 0.2103554976147929
-5 -4 28 29 52.67691017491833 0.1946307088362098
-5 -4 29 30 49.62205784597212 0.1802870739777094
-5 -4 30 31 46.75382356715745 0.1671729122795569
-5 -4 31 32 44.0621192240841 0.1551567067705905
-5 -4 32 33 41.53676300144126 0.144125259313106
-5 -4 33 34 39.16771468354413 0.1339810685406151
-5 -4 34 35 36.94523212080055 0.1246396068739102
-5 -4 35 36 34.8599706961153 0.1160269340947081
-5 -4 36 37 32.90304201861413 0.1080778069157474
-5 -4 37 38 31.06604387427019 0.1007342613262214
-5 -4 38 39 29.34107023529469 0.09394456094001769
-5 -4 39 40 27.72070768387428 0.08766240116670686
-5 -4 40 41 26.19802283009281 0.08184627590908478
-5 -4 41 42 24.76654391280695 0.07645894860163339
-5 -4 42 43 23.42023886329064 0.07146698957241492
-5 -4 43 44 22.15349144777284 0.06684036534935915
-5 -4 44 45 20.96107656749687 0.06255206619025029
-5 -4 45 46 19.83763932941546 0.05902467643581059
-5 -4 46 47 18.77931273742409 0.05786138886379431
-5 -4 47 48 17.78144344084922 0.05928641885279319
-5 -4 48 49 16.84017410089308 0.06324131586937523
-5 -4 49 50 15.95151992534401 0.06753489652755124
-4 -3.75 0 1 -427.9777098128858 2.030661747581673
-4 -3.75 1 2 -4350.002487423943 29.8852050084627
-4 -3.75 2 3 -3033.866222154522 14.39471526241325
-4 -3.75 3 4 -1832.462399043663 8.638703026729504
-4 -3.75 4 5 -1107.298141582147 5.762433488277416
-4 -3.75 5 6 -673.5388053862023 4.092289764904256
-4 -3.75 6 7 -407.07506685522 3.028339159932484
-4 -3.75 7 8 -238.9837716194986 2.306423873267552
-4 -3.75 8 9 -130.512773669911 1.793325492705611
-4 -3.75 9 10 -59.28397372258155 1.416099901699384
-4 -3.75 10 11 -12.04289262144982 1.135486776959216
-4 -3.75 11 12 19.28741322877102 0.9145979313202521
-4 -3.75 12 13 40.51110030317682 0.737240184804609
-4 -3.75 13 14 54.74699187599856 0.6017788819836376
-4 -3.75 14 15 63.22859751121416 0.4946700074263631
-4 -3.75 15 16 68.59397886106228 0.406504267287749
-4 -3.75 16 17 71.51452436262792 0.3353130192551727
-4 -3.75 17 18 72.71006478059377 0.2780053608492252
-4 -3.75 18 19 72.68914276626236 0.2323243203308642
-4 -3.75 19 20 71.81479872869926 0.2127142320204908
-4 -3.75 20 21 70.34841162004659 0.1975787101984666
-4 -3.75 21 22 68.47941618987346 0.1838273818083861
-4 -3.75 22 23 66.34575800050493 0.1712960804370818
-4 -3.75 23 24 64.0481689481046 0.1598446717485629
-4 -3.75 24 25 61.66025488632476 0.1493529168158945
-4 -3.75 25 26 59.23570417744546 0.1397171435427621
-4 -3.75 26 27 56.81349101383634 0.130847550499916
-4 -3.75 27 28 54.42166538659299 0.1282822916346541
-4 -3.75 28 29 52.08013603867929 0.1308894163655051
-4 -3.75 29 30 49.80272871900144 0.1336508058441616
-4 -3.75 30 31 47.59871819876506 0.136343390517164
-4 -3.75 31 32 45.47397496811507 0.1388347113809988
-4 -3.75 32 33 43.43182765171559 0.1410519737260481
-4 -3.75 33 34 41.47371424467934 0.1429607412052815
-4 -3.75 34 35 39.59967549056078 0.1445507314201659
-4 -3.75 35 36 37.80872958283067 0.1458265060481493
-4 -3.75 36 37 36.09915719133002 0.146801425810981
-4 -3.75 37 38 34.46871842887799 0.1474937523426633
-4 -3.75 38 39 32.91481794824955 0.1479241520799977
-4 -3.75 39 40 31.43463035868987 0.1481141155872867
-4 -3.75 40 41 30.02519524664029 0.1480849738639754
-4 -3.75 41 42 28.68348878861519 0.1478573041997662
-4 -3.75 42 43 27.4064773562673 0.1474505899873358
-4 -3.75 43 44 26.19115725122199 0.1468830453399457
-4 -3.75 44 45 25.0345837177219 0.1461715456606397
-4 -3.75 45 46 23.933391182611 0.1454030651803308
-4 -3.75 46 47 22.88569021284785 0.1448387345050095
-4 -3.75 47 48 21.88831853027772 0.1444916739169296
-4 -3.75 48 49 20.9387306506841 0.144333026232032
-4 -3.75 49 50 20.03431701412691 0.1441497543954443
-3.75 -3.5 0 1 72.13038664871135 1.784773679030028
-3.75 -3.5 1 2 -5083.075449409753 25.61052687777776
-3.75 -3.5 2 3 -3998.574731428226 17.41950843636411
-3.75 -3.5 3 4 -2547.140443926756 12.4768369098201
-3.75 -3.5 4 5 -1610.413720381895 9.439011253521846
-3.75 -3.5 5 6 -1026.877302111182 7.427157572973547
-3.75 -3.5 6 7 -657.0408715948217 6.014268268861772
-3.75 -3.5 7 8 -417.137969847382 4.976976110555563
-3.75 -3.5 8 9 -258.0843810595052 4.188893340461868
-3.75 -3.5 9 10 -150.6516883348904 3.573890253795564
-3.75 -3.5 10 11 -76.99033780378795 3.082835318999917
-3.75 -3.5 11 12 -25.81427717358974 2.684509266874084
-3.75 -3.5 12 13 9.71888707439166 2.355233459388335
-3.75 -3.5 13 14 34.30328964233979 2.08059616944686
-3.75 -3.5 14 15 51.38836912278487 1.848448912121967
-3.75 -3.5 15 16 63.02351793459184 1.65042633096114
-3.75 -3.5 16 17 70.72551183696999 1.480079711635945
-3.75 -3.5 17 18 75.56891663057229 1.332443496966734
-3.75 -3.5 18 19 78.32507936947979 1.203637815660761
-3.75 -3.5 19 20 79.55402041233356 1.090591351885418
-3.75 -3.5 20 21 79.6663153870615 0.9908442966916565
-3.75 -3.5 21 22 78.96547136218379 0.9024057612010868
-3.75 -3.5 22 23 77.67739014035266 0.8236489567056565
-3.75 -3.5 23 24 75.97113793696468 0.7532330294460102
-3.75 -3.5 24 25 73.97377104698251 0.6900440094810978
-3.75 -3.5 25 26 71.7810395034744 0.6331496670866634
-3.75 -3.5 26 27 69.46519497775398 0.5817646234997392
-3.75 -3.5 27 28 67.08073999573236 0.5352231154829888
-3.75 -3.5 28 29 64.66869754887375 0.492957536802436
-3.75 -3.5 29 30 62.25980649839983 0.4544813861882003
-3.75 -3.5 30 31 59.8769299038764 0.4193756084671627
-3.75 -3.5 31 32 57.53688170294203 0.3872775724009827
-3.75 -3.5 32 33 55.25182015903184 0.3578721143820285
-3.75 -3.5 33 34 53.03031628496626 0.3308842138504709
-3.75 -3.5 34 35 50.87817679116856 0.3060729665121823
-3.75 -3.5 35 36 48.79908048791111 0.2832265970280157
-3.75 -3.5 36 37 46.79507211358475 0.2621583101946102
-3.75 -3.5 37 38 44.866946646152 0.2427028216617696
-3.75 -3.5 38 39 43.01454907273788 0.2247134435183006
-3.75 -3.5 39 40 41.23700859877434 0.2080596249652202
-3.75 -3.5 40 41 39.53292188117989 0.1926248681360208
-3.75 -3.5 41 42 37.90049638416473 0.1783049549215136
-3.75 -3.5 42 43 36.33766252536608 0.1650064330536833
-3.75 -3.5 43 44 34.84216130462505 0.1526453187571711
-3.75 -3.5 44 45 33.41161260302586 0.1411459815394183
-3.75 -3.5 45 46 32.04289375007535 0.1305556083446291
-3.75 -3.5 46 47 30.73475633447435 0.1212688951999138
-3.75 -3.5 47 48 29.48405653635567 0.1133553096973947
-3.75 -3.5 48 49 28.28836266073579 0.1068127779543486
-3.75 -3.5 49 50 27.14509865397119 0.1012180231496153
-3.5 -3.25 0 1 736.7642350841896 0.4590650012714202
-3.5 -3.25 1 2 -5288.006076287903 19.09991755717561
-3.5 -3.25 2 3 -4676.120385144342 15.60960006954436
-3.5 -3.25 3 4 -3107.604779831727 11.90206653379436
-3.5 -3.25 4 5 -2031.620914825819 9.332750152008328
-3.5 -3.25 5 6 -1338.765218097676 7.529479478677333
-3.5 -3.25 6 7 -888.7829577884741 6.216442462436644
-3.5 -3.25 7 8 -590.6483757899857 5.22742127158541
-3.5 -3.25 8 9 -388.9589399727879 4.461161978596675
-3.5 -3.25 9 10 -249.9181163378801 3.853394787187323
-3.5 -3.25 10 11 -152.5288068922757 3.362068012043306
-3.5 -3.25 11 12 -83.53223382942747 2.958198022800533
-3.5 -3.25 12 13 -34.22203440275939 2.621672019512655
-3.5 -3.25 13 14 1.210124865418038 2.337911546549207
-3.5 -3.25 14 15 26.6828196681804 2.096163688241683
-3.5 -3.25 15 16 44.92480931607247 1.888346225994867
-3.5 -3.25 16 17 57.86126101290256 1.708273674373307
-3.5 -3.25 17 18 66.87106328690913 1.55113881353157
-3.5 -3.25 18 19 72.95508547215991 1.413154097138046
-3.5 -3.25 19 20 76.84837617928667 1.291298571570937
-3.5 -3.25 20 21 79.09633544093867 1.183135988760893
-3.5 -3.25 21 22 80.10728494851651 1.086681926712761
-3.5 -3.25 22 23 80.18929733771199 1.000305262189734
-3.5 -3.25 23 24 79.57635267125045 0.9226541220629206
-3.5 -3.25 24 25 78.44714792194463 0.8525995415999486
-3.5 -3.25 25 26 76.93877773775881 0.7891921082127804
-3.5 -3.25 26 27 75.15678882075099 0.7316282491959514
-3.5 -3.25 27 28 73.1826396554336 0.6792237660064506
-3.5 -3.25 28 29 71.07928352527756 0.6313928713867596
-3.5 -3.25 29 30 68.89538031160919 0.5876314485078571
-3.5 -3.25 30 31 66.66849713715175 0.5475035783939413
-3.5 -3.25 31 32 64.42755689719411 0.510630619680335
-3.5 -3.25 32 33 62.19472288535383 0.4766822981855883
-3.5 -3.25 33 34 59.98685749958977 0.445369389990453
-3.5 -3.25 34 35 57.81665703621519 0.4164376782504161
-3.5 -3.25 35 36 55.69353857439361 0.3896629338343465
-3.5 -3.25 36 37 53.62433598652751 0.3648467246290983
-3.5 -3.25 37 38 51.6138482036383 0.3418128995407426
-3.5 -3.25 38 39 49.66527251607008 0.3204046247251329
-3.5 -3.25 39 40 47.78054797901424 0.300481874062244
-3.5 -3.25 40 41 45.9606282974203 0.2819192958386445
-3.5 -3.25 41 42 44.20569903688178 0.264604391387393
-3.5 -3.25 42 43 42.51535083913109 0.2484359548129847
-3.5 -3.25 43 44 40.88871769881337 0.2333227310345403
-3.5 -3.25 44 45 39.32458739839592 0.219182258058465
-3.5 -3.25 45 46 37.8206832226748 0.2060326679500431
-3.5 -3.25 46 47 36.3768394907266 0.1941646831541199
-3.5 -3.25 47 48 34.99045855230807 0.1835989857916221
-3.5 -3.25 48 49 33.65967316364187 0.1743029710174484
-3.5 -3.25 49 50 32.38236985702157 0.1659159844449759
-3.25 -3 0 1 1450.305111751825 1.33097152587922
-3.25 -3 1 2 -5111.976133885897 8.640364426387061
-3.25 -3 2 3 -5087.872467172123 9.704366289690785
-3.25 -3 3 4 -3503.944034784793 8.017766160294418
-3.25 -3 4 5 -2352.034587395653 6.558222546191662
-3.25 -3 5 6 -1588.736740549724 5.442577686810121
-3.25 -3 6 7 -1082.875243167623 4.590147989187285
-3.25 -3 7 8 -741.9770016581369 3.926979125506056
-3.25 -3 8 9 -507.7060957354713 3.400853644850532
-3.25 -3 9 10 -343.7432576960637 2.975471299978263
-3.25 -3 10 11 -227.1502868915509 2.626174032747062
-3.25 -3 11 12 -143.1032467244704 2.335434934164529
-3.25 -3 12 13 -81.93962556711404 2.090299823798485
-3.25 -3 13 14 -37.09810925784859 1.881475628243958
-3.25 -3 14 15 -4.08509484091519 1.701921974265934
-3.25 -3 15 16 20.24362860128963 1.546262655708393
-3.25 -3 16 17 38.12524730729297 1.410329196149246
-3.25 -3 17 18 51.1755786833919 1.290844847306218
-3.25 -3 18 19 60.57730330189338 1.185201710344431
-3.25 -3 19 20 67.20637075274317 1.091300804513669
-3.25 -3 20 21 71.71838644125262 1.00743546721623
-3.25 -3 21 22 74.60860703267872 0.932205096316576
-3.25 -3 22 23 76.25422625902092 0.8644504769751231
-3.25 -3 23 24 76.94458349572903 0.8032046905686464
-3.25 -3 24 25 76.90301268260146 0.7476554252480164
-3.25 -3 25 26 76.30282461973428 0.6971157349803797
-3.25 -3 26 27 75.27911973684064 0.6510011315710865
-3.25 -3 27 28 73.93760254395175 0.6088114762288409
-3.25 -3 28 29 72.36121661226082 0.5701165438309883
-3.25 -3 29 30 70.615179277587 0.5345444257821933
-3.25 -3 30 31 68.75083047646314 0.5017721443883725
-3.25 -3 31 32 66.80859517300121 0.47151800551791
-3.25 -3 32 33 64.82027789953429 0.4435353274011421
-3.25 -3 33 34 62.81085031508115 0.4176072672352197
-3.25 -3 34 35 60.79985124804745 0.3935425288309362
-3.25 -3 35 36 58.80248861912804 0.3711717826706548
-3.25 -3 36 37 56.83051061983554 0.3503446650036269
-3.25 -3 37 38 54.89289732120187 0.330927250026261
-3.25 -3 38 39 52.99641177646848 0.3127999114387954
-3.25 -3 39 40 51.14604063016796 0.2958555053839346
-3.25 -3 40 41 49.34534752971896 0.279997820312636
-3.25 -3 41 42 47.59675727421956 0.26514024932774
-3.25 -3 42 43 45.90178488552212 0.2512046491119069
-3.25 -3 43 44 44.26122063106286 0.238120355745031
-3.25 -3 44 45 42.67527971516228 0.2258233327511826
-3.25 -3 45 46 41.14282552472807 0.2143588631708939
-3.25 -3 46 47 39.66494095959428 0.2040681373811874
-3.25 -3 47 48 38.23985403260241 0.1949819813876165
-3.25 -3 48 49 36.86649108841226 0.1870687999157823
-3.25 -3 49 50 35.54342596702988 0.1799365066694608
-3 -2.75 0 1 2130.141208978313 2.181899352557286
-3 -2.75 1 2 -4745.600943895181 3.647135205101761
-3 -2.75 2 3 -5314.792544798407 5.670754693051212
-3 -2.75 3 4 -3769.074856173255 4.952969535658018
-3 -2.75 4 5 -2582.060578710121 4.161403136389973
-3 -2.75 5 6 -1776.506866941972 3.513242428831302
-3 -2.75 6 7 -1233.979303554243 3.000371472815874
-3 -2.75 7 8 -863.5256600797479 2.592334231504733
-3 -2.75 8 9 -605.9170922813378 2.263405110379814
-3 -2.75 9 10 -423.5461188714921 1.993926463927481
-3 -2.75 10 11 -292.3455747364781 1.770869301311403
-3 -2.75 11 12 -196.6831969428442 1.583223694818681
-3 -2.75 12 13 -126.173839666935 1.423974776897874
-3 -2.75 13 14 -73.76347693647313 1.287443877880635
-3 -2.75 14 15 -34.57573936764175 1.169379125040229
-3 -2.75 15 16 -5.175387884555448 1.066498441616963
-3 -2.75 16 17 16.89775973428368 0.9762335644021104
-3 -2.75 17 18 33.43185703391487 0.8965494817605711
-3 -2.75 18 19 45.7439323090523 0.8258151511928112
-3 -2.75 19 20 54.81555998021508 0.7627095630813144
-3 -2.75 20 21 61.3860632710124 0.7061525244782717
-3 -2.75 21 22 66.01756230858985 0.6552529819434121
-3 -2.75 22 23 69.14103728125622 0.6092699617669732
-3 -2.75 23 24 71.0893854699649 0.5675827080683132
-3 -2.75 24 25 72.12143664283781 0.5296676080136001
-3 -2.75 25 26 72.43959686009896 0.4950801851426634
-3 -2.75 26 27 72.20294567838778 0.4634409172034189
-3 -2.75 27 28 71.53705108750881 0.4344239700698035
-3 -2.75 28 29 70.54138942159648 0.4077481765007351
-3 -2.75 29 30 69.29500006908609 0.3831697574422212
-3 -2.75 30 31 67.86082719086534 0.3604764091252022
-3 -2.75 31 32 66.2890763492648 0.3394824664758241
-3 -2.75 32 33 64.61982612688968 0.3200249239922539
-3 -2.75 33 34 62.8850721080496 0.301960141849935
-3 -2.75 34 35 61.11033535004401 0.2851611046061668
-3 -2.75 35 36 59.31593454099362 0.2695151283575312
-3 -2.75 36 37 57.51799685534007 0.2549219329261126
-3 -2.75 37 38 55.72926466163733 0.241292014245051
-3 -2.75 38 39 53.95974186537279 0.2285452631548068
-3 -2.75 39 40 52.21721362864736 0.2166097897151872
-3 -2.75 40 41 50.50766574772337 0.2054209171241778
-3 -2.75 41 42 48.83562399164111 0.1949203187594686
-3 -2.75 42 43 47.20442951529833 0.1850552744897446
-3 -2.75 43 44 45.61646291221095 0.1757780278812246
-3 -2.75 44 45 44.07332688293297 0.1670452288598207
-3 -2.75 45 46 42.57503495311241 0.1589723955980583
-3 -2.75 46 47 41.12385693510188 0.1521126511054634
-3 -2.75 47 48 39.71888746517621 0.1465450635935826
-3 -2.75 48 49 38.3598684343805 0.1422434601384711
-3 -2.75 49 50 37.04609218807818 0.1386407769270493
-2.75 -2.5 0 1 2750.042322642046 2.58226256657904
-2.75 -2.5 1 2 -4307.358500357012 1.105873889342861
-2.75 -2.5 2 3 -5428.705682418045 2.44938704686962
-2.75 -2.5 3 4 -3944.289192999897 2.476173181660781
-2.75 -2.5 4 5 -2745.273927827875 2.221398649318949
-2.75 -2.5 5 6 -1915.193482680419 1.954495655111937
-2.75 -2.5 6 7 -1348.916174244497 1.720101912063007
-2.75 -2.5 7 8 -958.2558211881014 1.52146540149277
-2.75 -2.5 8 9 -684.1119947599495 1.354501742012991
-2.75 -2.5 9 10 -488.3663284915392 1.213343436332715
-2.75 -2.5 10 11 -346.3180280435613 1.092874456946455
-2.75 -2.5 11 12 -241.8662212066808 0.9895886305553219
-2.75 -2.5 12 13 -164.1762865389717 0.9002478565650419
-2.75 -2.5 13 14 -105.8669874915151 0.8224054363939441
-2.75 -2.5 14 15 -61.80312465895008 0.7541246421904421
-2.75 -2.5 15 16 -28.34798888062414 0.6938616001445951
-2.75 -2.5 16 17 -2.884008483025582 0.6403753791606881
-2.75 -2.5 17 18 16.50062258455705 0.5926599520257955
-2.75 -2.5 18 19 31.22071986210426 0.5498928123720409
-2.75 -2.5 19 20 42.33572214735943 0.5113960241330696
-2.75 -2.5 20 21 50.64737747859658 0.4766065053710534
-2.75 -2.5 21 22 56.76818481256362 0.4450531813010162
-2.75 -2.5 22 23 61.17003959592057 0.4163392758816689
-2.75 -2.5 23 24 64.21926840751337 0.3901284720113073
-2.75 -2.5 24 25 66.20216913382581 0.3661340080755063
-2.75 -2.5 25 26 67.34383855263491 0.3441100200257458
-2.75 -2.5 26 27 67.82219486756662 0.3238446148958554
-2.75 -2.5 27 28 67.77852076738748 0.3051542897138408
-2.75 -2.5 28 29 67.32545994710921 0.2878794038440151
-2.75 -2.5 29 30 66.55313123342972 0.2718804817032338
-2.75 -2.5 30 31 65.53383847671461 0.2570351755174143
-2.75 -2.5 31 32 64.32572386222824 0.2432357557837201
-2.75 -2.5 32 33 62.97561985788053 0.2303870256237949
-2.75 -2.5 33 34 61.52128884462735 0.2184045789967747
-2.75 -2.5 34 35 59.9931916135294 0.2072133392248821
-2.75 -2.5 35 36 58.41589100611787 0.1967463255598686
-2.75 -2.5 36 37 56.80917125183697 0.186943609461626
-2.75 -2.5 37 38 55.18893455581701 0.177751426016499
-2.75 -2.5 38 39 53.56792218833544 0.1691214151831145
-2.75 -2.5 39 40 51.95629660022433 0.1610099717825386
-2.75 -2.5 40 41 50.3621130717641 0.1533776855634135
-2.75 -2.5 41 42 48.79170298244074 0.1461888581081748
-2.75 -2.5 42 43 47.24998627285439 0.1394110838900695
-2.75 -2.5 43 44 45.74072683418424 0.1330148874316699
-2.75 -2.5 44 45 44.26674176180313 0.1269734047511833
-2.75 -2.5 45 46 42.82906783391172 0.1214835042614358
-2.75 -2.5 46 47 41.43100463478817 0.1173570639965017
-2.75 -2.5 47 48 40.07243173107932 0.1147077771109191
-2.75 -2.5 48 49 38.75382431364494 0.1134798927311876
-2.75 -2.5 49 50 37.47512498182957 0.1128670338448136
-2.5 -2.25 0 1 3308.866443599439 1.856279790121988
-2.5 -2.25 1 2 -3866.411445162104 0.9631104775064452
-2.5 -2.25 2 3 -5484.470206167896 1.692867351658074
-2.5 -2.25 3 4 -4064.57293311385 1.559075802207422
-2.5 -2.25 4 5 -2863.703548646627 1.375871062573827
-2.5 -2.25 5 6 -2018.778223165858 1.247386169186086
-2.5 -2.25 6 7 -1436.590399665776 1.122924443554661
-2.5 -2.25 7 8 -1031.791918386119 1.010989012088072
-2.5 -2.25 8 9 -745.7574709058008 0.9133089430959825
-2.5 -2.25 9 10 -540.192592924981 0.8282006933104117
-2.5 -2.25 10 11 -390.0595164157749 0.753480773617684
-2.5 -2.25 11 12 -278.9553506999582 0.6882444205434884
-2.5 -2.25 12 13 -195.7680676198822 0.6308561092771127
-2.5 -2.25 13 14 -132.8940129575844 0.5801277371394282
-2.5 -2.25 14 15 -85.02009840379378 0.5350710445316429
-2.5 -2.25 15 16 -48.36826517181748 0.4948671554016367
-2.5 -2.25 16 17 -20.20864251109515 0.458836874916733
-2.5 -2.25 17 18 1.460065842194126 0.4264149531129524
-2.5 -2.25 18 19 18.12431933017365 0.3971288154016295
-2.5 -2.25 19 20 30.9012208366895 0.3705813427298268
-2.5 -2.25 20 21 40.6391919636834 0.3464370482569785
-2.5 -2.25 21 22 47.98872273755251 0.3244110054303543
-2.5 -2.25 22 23 53.45280301793184 0.3042599698755393
-2.5 -2.25 23 24 57.42334447546341 0.2857752390816177
-2.5 -2.25 24 25 60.20780396511691 0.268776886266817
-2.5 -2.25 25 26 62.04886150708649 0.2531090818276245
-2.5 -2.25 26 27 63.13911426161894 0.2386362779516561
-2.5 -2.25 27 28 63.63215275126049 0.2252400821797032
-2.5 -2.25 28 29 63.65098311067209 0.2128166805974381
-2.5 -2.25 29 30 63.29448299000001 0.2012747056992832
-2.5 -2.25 30 31 62.64238726072239 0.1905334606266555
-2.5 -2.25 31 32 61.75916501367078 0.1805214355579212
-2.5 -2.25 32 33 60.69705378240877 0.171175061414341
-2.5 -2.25 33 34 59.49844837930817 0.162437657811927
-2.5 -2.25 34 35 58.19779205877052 0.1542585426999289
-2.5 -2.25 35 36 56.82308141711923 0.1465922737325992
-2.5 -2.25 36 37 55.39706965673503 0.1393980018747152
-2.5 -2.25 37 38 53.93823298693735 0.1326389156210901
-2.5 -2.25 38 39 52.46155000635986 0.1262817643784015
-2.5 -2.25 39 40 50.97913265168125 0.1202964463835511
-2.5 -2.25 40 41 49.50073889847357 0.1146556516090748
-2.5 -2.25 41 42 48.03419064450333 0.1093345525236933
-2.5 -2.25 42 43 46.58571545265147 0.1043105332346934
-2.5 -2.25 43 44 45.16022677814067 0.09956295412317154
-2.5 -2.25 44 45 43.76155435428927 0.095072945197197
-2.5 -2.25 45 46 42.3915928618396 0.09114174424604204
-2.5 -2.25 46 47 41.05450129627289 0.08894602267273408
-2.5 -2.25 47 48 39.75082290742156 0.08862204232058571
-2.5 -2.25 48 49 38.48165331318893 0.09002297109753032
-2.5 -2.25 49 50 37.24748668544541 0.09314627447978517
-2.25 -2 0 1 3814.384900149779 1.058289247194311
-2.25 -2 1 2 -3457.644563234284 0.8759829984021885
-2.25 -2 2 3 -5532.025061613113 1.661768928766151
-2.25 -2 3 4 -4171.771816288667 1.535842157576332
-2.25 -2 4 5 -2967.828519678909 1.353517860662711
-2.25 -2 5 6 -2108.019086055312 1.192543759469467
-2.25 -2 6 7 -1510.551759129192 1.057763682875923
-2.25 -2 7 8 -1092.581043348247 0.9445441182618007
-2.25 -2 8 9 -795.7438086359998 0.8498285575294863
-2.25 -2 9 10 -581.4445040408978 0.7675403951046388
-2.25 -2 10 11 -424.252170586482 0.6975637463897693
-2.25 -2 11 12 -307.4337929840706 0.6365003557731758
-2.25 -2 12 13 -219.5936960742467 0.5830328200958101
-2.25 -2 13 14 -152.9085240149493 0.5359038364441182
-2.25 -2 14 15 -101.8942827739911 0.4941131290326165
-2.25 -2 15 16 -62.64006018077157 0.4568559081267385
-2.25 -2 16 17 -32.31230829574133 0.423477965627605
-2.25 -2 17 18 -8.828337977274259 0.3934424779996424
-2.25 -2 18 19 9.362644022024597 0.3663051368968965
-2.25 -2 19 20 23.4289470660874 0.341695287585766
-2.25 -2 20 21 34.26003085611546 0.3193014556211125
-2.25 -2 21 22 42.53949100703221 0.2988601303827844
-2.25 -2 22 23 48.79719014043928 0.2801469803661478
-2.25 -2 23 24 53.44698090658255 0.2629699169514507
-2.25 -2 24 25 56.81433252363718 0.2471635681428682
-2.25 -2 25 26 59.1567878735442 0.2325848447514886
-2.25 -2 26 27 60.67926688016723 0.2191093521257157
-2.25 -2 27 28 61.54562263089701 0.2066284708946606
-2.25 -2 28 29 61.88744398936035 0.1950469635075595
-2.25 -2 29 30 61.81081481335775 0.1842810012074459
-2.25 -2 30 31 61.40154292410608 0.1742565265370695
-2.25 -2 31 32 60.72923326802817 0.1649078898094325
-2.25 -2 32 33 59.85048112740321 0.1561767044064658
-2.25 -2 33 34 58.81139043481721 0.1480108836723496
-2.25 -2 34 35 57.64957085655288 0.1403638257666971
-2.25 -2 35 36 56.39572972024376 0.1331937203421021
-2.25 -2 36 37 55.07494706377901 0.1264629578348725
-2.25 -2 37 38 53.70770148439328 0.1201376226136693
-2.25 -2 38 39 52.31069892757097 0.1141870570335827
-2.25 -2 39 40 50.89754483997564 0.108583486847002
-2.25 -2 40 41 49.47929135368679 0.1033016934459371
-2.25 -2 41 42 48.06488410862715 0.09831873328865544
-2.25 -2 42 43 46.66152836927282 0.09361369034392773
-2.25 -2 43 44 45.27498982940659 0.08916746094430426
-2.25 -2 44 45 43.9098424235047 0.08496256506929638
-2.25 -2 45 46 42.56859610503463 0.08164123332709922
-2.25 -2 46 47 41.25604838810381 0.08160175041268541
-2.25 -2 47 48 39.97320693971488 0.08490671174647259
-2.25 -2 48 49 38.72160665610497 0.09093345243087431
-2.25 -2 49 50 37.50212761552686 0.09730627779991054
-2 -1.75 0 1 4289.072083430134 1.075101435049455
-2 -1.75 1 2 -3052.193035630844 2.554979720171722
-2 -1.75 2 3 -5541.513026566916 2.791277782110835
-2 -1.75 3 4 -4246.985931053847 2.330277439416027
-2 -1.75 4 5 -3051.503034770501 1.935580715150452
-2 -1.75 5 6 -2186.140065614804 1.633257498112464
-2 -1.75 6 7 -1579.815194311581 1.400646019550714
-2 -1.75 7 8 -1152.845447895603 1.217914528153519
-2 -1.75 8 9 -847.8413050135673 1.071021343366415
-2 -1.75 9 10 -626.4390009285921 0.9513364534841503
-2 -1.75 10 11 -463.1524740865284 0.8512341519577095
-2 -1.75 11 12 -341.1623431343835 0.7669113720580738
-2 -1.75 12 13 -248.934355353661 0.6948830629813576
-2 -1.75 13 14 -178.5219864136168 0.6327183803601629
-2 -1.75 14 15 -124.3335552976573 0.5785857937086645
-2 -1.75 15 16 -82.36714692748706 0.5310794780536046
-2 -1.75 16 17 -49.71352340805947 0.4891024042172675
-2 -1.75 17 18 -24.22747526461171 0.4517858694220368
-2 -1.75 18 19 -4.306674077940215 0.4184329483872136
-2 -1.75 19 20 11.25969653603238 0.3884779819174295
-2 -1.75 20 21 23.39623289116287 0.3614570374217058
-2 -1.75 21 22 32.81566306398486 0.3369860211893682
-2 -1.75 22 23 40.07208871535101 0.3147442205304504
-2 -1.75 23 24 45.59960539373049 0.2944617642622989
-2 -1.75 24 25 49.74065240341758 0.2759099513914662
-2 -1.75 25 26 52.76705320831684 0.2588937101860815
-2 -1.75 26 27 54.89579007942973 0.243245656749611
-2 -1.75 27 28 56.30094201619806 0.2288213722596313
-2 -1.75 28 29 57.12279769237227 0.215495613950313
-2 -1.75 29 30 57.4748678125278 0.2031592532650025
-2 -1.75 30 31 57.44932133603879 0.1917167815722509
-2 -1.75 31 32 57.12122895720762 0.1810842648466663
-2 -1.75 32 33 56.55189680462911 0.1711876557026043
-2 -1.75 33 34 55.79150106012582 0.1619613920901462
-2 -1.75 34 35 54.88118167323972 0.1533472268175433
-2 -1.75 35 36 53.85471485087311 0.1452932450995605
-2 -1.75 36 37 52.73985550035951 0.1377530363481634
-2 -1.75 37 38 51.55941964125594 0.1306849912674295
-2 -1.75 38 39 50.33216081627018 0.1240517044326765
-2 -1.75 39 40 49.07348246262507 0.11781946274149
-2 -1.75 40 41 47.79601916412969 0.1119578070553527
-2 -1.75 41 42 46.51011241011634 0.1064391541512249
-2 -1.75 42 43 45.22420136646224 0.1012384700571816
-2 -1.75 43 44 43.94514473463337 0.09633298659548373
-2 -1.75 44 45 42.67848659683389 0.09170195451546569
-2 -1.75 45 46 41.42757665303324 0.08768815194987287
-2 -1.75 46 47 40.19802405705408 0.08564245240136618
-2 -1.75 47 48 38.9914996020081 0.08574810915968685
-2 -1.75 48 49 37.81015131184799 0.09085512396947276
-2 -1.75 49 50 36.65540556081399 0.09770887423032545
-1.75 -1.5 0 1 4716.773113103764 0.938035939906686
-1.75 -1.5 1 2 -2672.45016158785 0.7473341307763527
-1.75 -1.5 2 3 -5534.167016220685 1.692764021966277
-1.75 -1.5 3 4 -4289.305950270749 1.638453657628133
-1.75 -1.5 4 5 -3096.312205129261 1.466544768174189
-1.75 -1.5 5 6 -2224.999504462331 1.293008892410015
-1.75 -1.5 6 7 -1611.957866752593 1.140296862456044
-1.75 -1.5 7 8 -1179.118031617592 1.010409764505559
-1.75 -1.5 8 9 -869.2945675416854 0.9004603501407262
-1.75 -1.5 9 10 -644.0031652729949 0.8080036277652507
-1.75 -1.5 10 11 -477.5900938645086 0.7283887835986528
-1.75 -1.5 11 12 -353.0761189570248 0.660194360216677
-1.75 -1.5 12 13 -258.8026615620083 0.6011184394297536
-1.75 -1.5 13 14 -186.7244209316973 0.5495653887073648
-1.75 -1.5 14 15 -131.1728210666304 0.5042710684680847
-1.75 -1.5 15 16 -88.08603460589325 0.4642279558473654
-1.75 -1.5 16 17 -54.50792112581462 0.428626651798456
-1.75 -1.5 17 18 -28.25632275811108 0.3968113069983477
-1.75 -1.5 18 19 -7.699609388189401 0.3682458900787335
-1.75 -1.5 19 20 8.396426000451129 0.3424886301760923
-1.75 -1.5 20 21 20.97516837974604 0.3191725465468183
-1.75 -1.5 21 22 30.76452565973796 0.2979905118554955
-1.75 -1.5 22 23 38.33092942846656 0.278683695760478
-1.75 -1.5 23 24 44.11853962906184 0.2610325495827757
-1.75 -1.5 24 25 48.47804783809681 0.2448497160693807
-1.75 -1.5 25 26 51.68807204339282 0.2299744056134618
-1.75 -1.5 26 27 53.97121017691052 0.2162679010149723
-1.75 -1.5 27 28 55.50619892358009 0.2036099385833197
-1.75 -1.5 28 29 56.43720266812636 0.1918957732205472
-1.75 -1.5 29 30 56.88096686118126 0.1810337816556536
-1.75 -1.5 30 31 56.93236779538745 0.1709434946108225
-1.75 -1.5 31 32 56.66874796261891 0.1615539693865502
-1.75 -1.5 32 33 56.15332441691129 0.1528024376413075
-1.75 -1.5 33 34 55.43788431850822 0.1446331756324636
-1.75 -1.5 34 35 54.56492855042808 0.1369965549963487
-1.75 -1.5 35 36 53.56938523091463 0.1298482426642335
-1.75 -1.5 36 37 52.47998598878087 0.1231485215704174
-1.75 -1.5 37 38 51.32037636899025 0.1168617133035858
-1.75 -1.5 38 39 50.11001547416316 0.1109556841870283
-1.75 -1.5 39 40 48.86490766694016 0.1054014223274641
-1.75 -1.5 40 41 47.59819995506558 0.1001726717389142
-1.75 -1.5 41 42 46.32067124374805 0.0952456183672086
-1.75 -1.5 42 43 45.04113442547362 0.09059861586872868
-1.75 -1.5 43 44 43.76676775136372 0.0862119489140733
-1.75 -1.5 44 45 42.50338869008081 0.08206762514318766
-1.75 -1.5 45 46 41.2545491372241 0.07885585685970201
-1.75 -1.5 46 47 40.0261201535148 0.07915591801685919
-1.75 -1.5 47 48 38.81991200604386 0.08304743435022353
-1.75 -1.5 48 49 37.6382195254042 0.08987503450550506
-1.75 -1.5 49 50 36.48260150806072 0.09708491555731104
-1.5 -1.25 0 1 5119.887935238877 3.306582556707057
-1.5 -1.25 1 2 -2295.695732672246 4.165154120623839
-1.5 -1.25 2 3 -5510.616858961459 1.676050252318451
-1.5 -1.25 3 4 -4325.009133555694 1.600462513556304
-1.5 -1.25 4 5 -3142.907073144353 1.42594653564923
-1.5 -1.25 5 6 -2270.564197725719 1.258716811942387
-1.5 -1.25 6 7 -1653.319540049398 1.114177342277716
-1.5 -1.25 7 8 -1215.684674910052 0.9916509916124445
-1.5 -1.25 8 9 -901.3074910282221 0.8886587225426693
-1.5 -1.25 9 10 -671.9488115016943 0.7997056107089368
-1.5 -1.25 10 11 -501.9907562361345 0.724392471486769
-1.5 -1.25 11 12 -374.427092131441 0.6590180670399284
-1.5 -1.25 12 13 -277.5392012119207 0.602082308710017
-1.5 -1.25 13 14 -203.2210234090167 0.5521484793213468
-1.5 -1.25 14 15 -145.747849890668 0.5080744440948461
-1.5 -1.25 15 16 -101.0087625337453 0.468945236160045
-1.5 -1.25 16 17 -66.00579265003944 0.434021534120609
-1.5 -1.25 17 18 -38.52159209728529 0.4027007002948251
-1.5 -1.25 18 19 -16.89509569886627 0.3744873187918832
-1.5 -1.25 19 20 0.1324768197582671 0.3489708139334764
-1.5 -1.25 20 21 13.52503027410489 0.3258083202192903
-1.5 -1.25 21 22 24.02763422690907 0.3047114737848738
-1.5 -1.25 22 23 32.22110645101441 0.2854361309994409
-1.5 -1.25 23 24 38.56169951703669 0.2677743048086384
-1.5 -1.25 24 25 43.41029996676048 0.251547784602756
-1.5 -1.25 25 26 47.05414741121183 0.2383787828445326
-1.5 -1.25 26 27 49.7231536220213 0.2268001778372608
-1.5 -1.25 27 28 51.60227899960933 0.2159820077553112
-1.5 -1.25 28 29 52.84100024416796 0.2058600319987633
-1.5 -1.25 29 30 53.5606108251834 0.19637655711078
-1.5 -1.25 30 31 53.85989216354994 0.1874796868115165
-1.5 -1.25 31 32 53.81954947215695 0.179122660920942
-1.5 -1.25 32 33 53.50570353250492 0.1712632736407893
-1.5 -1.25 33 34 52.97265568976132 0.1638633610998223
-1.5 -1.25 34 35 52.26508946624381 0.1568883532549544
-1.5 -1.25 35 36 51.41983264959867 0.1503068788449162
-1.5 -1.25 36 37 50.46727436818071 0.1440904197258331
-1.5 -1.25 37 38 49.43250986632444 0.1382130057124619
-1.5 -1.25 38 39 48.33626917670398 0.1326509465459638
-1.5 -1.25 39 40 47.19567340927074 0.1273825961622852
-1.5 -1.25 40 41 46.02485301943841 0.1223881432363402
-1.5 -1.25 41 42 44.83545483436552 0.1176494276043441
-1.5 -1.25 42 43 43.6370593195644 0.1131497763693405
-1.5 -1.25 43 44 42.43752493227089 0.1088738594549097
-1.5 -1.25 44 45 41.24327311609864 0.1048075605964737
-1.5 -1.25 45 46 40.05837226046401 0.1012747643369565
-1.5 -1.25 46 47 38.88920749990405 0.09952054707598418
-1.5 -1.25 47 48 37.73799615884124 0.09970699178660461
-1.5 -1.25 48 49 36.607415588968 0.1017238549288405
-1.5 -1.25 49 50 35.49935924117906 0.1043515477710151
-1.25 -1 0 1 5448.911729351938 1.570775308257171
-1.25 -1 1 2 -2010.570326974207 0.6503307022217383
-1.25 -1 2 3 -5510.046294039278 1.83000576616135
-1.25 -1 3 4 -4364.659768014057 1.78204551592389
-1.25 -1 4 5 -3185.513841030295 1.588393183195793
-1.25 -1 5 6 -2308.545880307474 1.39963219295924
-1.25 -1 6 7 -1685.561007028672 1.237045243316836
-1.25 -1 7 8 -1242.645564044769 1.100071142014348
-1.25 -1 8 9 -923.7727210158823 0.985340847999163
-1.25 -1 9 10 -690.6838197774709 0.8869876582500074
-1.25 -1 10 11 -517.6504243054678 0.8036921574116056
-1.25 -1 11 12 -387.5576788029634 0.7315982628770182
-1.25 -1 12 13 -288.5841983158152 0.6688920215779189
-1.25 -1 13 14 -212.5400869372065 0.6139449708568688
-1.25 -1 14 15 -153.6328933545647 0.5654731187821606
-1.25 -1 15 16 -107.6974680222711 0.5224540949152096
-1.25 -1 16 17 -71.69250122230574 0.4840655372106069
-1.25 -1 17 18 -43.36593777288203 0.4496394070115831
-1.25 -1 18 19 -21.02881298655757 0.4186279480710417
-1.25 -1 19 20 -3.399814578747055 0.3905781095079995
-1.25 -1 20 21 10.50325006684238 0.365112141216113
-1.25 -1 21 22 21.44036780944066 0.3419127211288178
-1.25 -1 22 23 30.0045836659524 0.3207114439593128
-1.25 -1 23 24 36.66221919872783 0.3012798252200378
-1.25 -1 24 25 41.78248927635877 0.2834222070912368
-1.25 -1 25 26 45.6595507942734 0.2669701170418476
-1.25 -1 26 27 48.52908337398696 0.2517777445492085
-1.25 -1 27 28 50.58087458477621 0.2377182877443415
-1.25 -1 28 29 51.96845507314742 0.2246809812790461
-1.25 -1 29 30 52.81653404154088 0.2125686622651874
-1.25 -1 30 31 53.22677980683807 0.2012957649612981
-1.25 -1 31 32 53.28234465180151 0.1907866574204395
-1.25 -1 32 33 53.05142935359754 0.180974256318087
-1.25 -1 33 34 52.59010788394414 0.1717988648985765
-1.25 -1 34 35 51.94457820715661 0.1632071952882128
-1.25 -1 35 36 51.15296503560143 0.1551515410812576
-1.25 -1 36 37 50.24677064670323 0.1475890740251993
-1.25 -1 37 38 49.25204774188688 0.1404812437793516
-1.25 -1 38 39 48.19035157043436 0.1337932638938893
-1.25 -1 39 40 47.07951585695815 0.1274936697590749
-1.25 -1 40 41 45.93428756466096 0.1215539364258368
-1.25 -1 41 42 44.76684781010692 0.1159481484306183
-1.25 -1 42 43 43.58724085985665 0.1106527123583589
-1.25 -1 43 44 42.40372840969826 0.1056461065751241
-1.25 -1 44 45 41.22308300372629 0.1009086620298996
-1.25 -1 45 46 40.04965742156878 0.09679899112486107
-1.25 -1 46 47 38.89014817296643 0.09472435277557957
-1.25 -1 47 48 37.74698426638355 0.09488666618674664
-1.25 -1 48 49 36.62304730641756 0.09771875285818549
-1.25 -1 49 50 35.52041348138198 0.1054355732483455
-1 -0.75 0 1 5727.380937416748 1.916425077555246
-1 -0.75 1 2 -1751.074135517199 1.786275348479992
-1 -0.75 2 3 -5485.172335997331 1.594342287963574
-1 -0.75 3 4 -4375.188851379764 1.532379408221843
-1 -0.75 4 5 -3201.753830098697 1.367918468371614
-1 -0.75 5 6 -2324.249934047844 1.21215946567985
-1 -0.75 6 7 -1699.389392226126 1.078651334580106
-1 -0.75 7 8 -1254.480408364107 0.9656831674055241
-1 -0.75 8 9 -933.8102442101917 0.8705172199378322
-1 -0.75 9 10 -699.1814506455175 0.7878456586060093
-1 -0.75 10 11 -524.8497995038119 0.7174729163224131
-1 -0.75 11 12 -393.672922131695 0.6559707411236613
-1 -0.75 12 13 -293.7950531892875 0.6020591036582258
-1 -0.75 13 14 -216.9961512964137 0.5544821205453053
-1 -0.75 14 15 -157.4580359680976 0.5122405113431631
-1 -0.75 15 16 -110.9941391769257 0.4745307889560844
-1 -0.75 16 17 -74.54551121695567 0.4407003301397533
-1 -0.75 17 18 -45.84562604181087 0.4102140033133631
-1 -0.75 18 19 -23.19365390125176 0.3826291455654003
-1 -0.75 19 20 -5.298541549992478 0.357576603964818
-1 -0.75 20 21 8.829918344004 0.3347462119872586
-1 -0.75 21 22 19.95832444380017 0.3138755572160403
-1 -0.75 22 23 28.68519158931645 0.2947412004332155
-1 -0.75 23 24 35.48137928922256 0.2771517541524621
-1 -0.75 24 25 40.71987774596619 0.260942378072594
-1 -0.75 25 26 44.69799319703623 0.2459703652744654
-1 -0.75 26 27 47.65403919215908 0.2321115772948913
-1 -0.75 27 28 49.78001158361053 0.2192575442097485
-1 -0.75 28 29 51.23129677204668 0.2073130894056994
-1 -0.75 29 30 52.13416692868179 0.196194371856394
-1 -0.75 30 31 52.59160952342961 0.185827263281553
-1 -0.75 31 32 52.68789244119512 0.176145995435505
-1 -0.75 32 33 52.49216171178728 0.1670920257812513
-1 -0.75 33 34 52.06129366573646 0.1586130828984144
-1 -0.75 34 35 51.4421684961564 0.1506623571728647
-1 -0.75 35 36 50.67349193755655 0.1431978149943809
-1 -0.75 36 37 49.78726185015785 0.1361816112202859
-1 -0.75 37 38 48.80995424964357 0.1295795870478466
-1 -0.75 38 39 47.76348645510171 0.1233608373611668
-1 -0.75 39 40 46.66600226522553 0.1174973374883834
-1 -0.75 40 41 45.53251449779771 0.111963619738124
-1 -0.75 41 42 44.37543245232848 0.1067364922905863
-1 -0.75 42 43 43.20499643581809 0.1017947939691914
-1 -0.75 43 44 42.02963671537253 0.09711918058301033
-1 -0.75 44 45 40.85627089756105 0.09269193585468485
-1 -0.75 45 46 39.68935765268731 0.08926179663224658
-1 -0.75 46 47 38.53573747567839 0.08962592290643152
-1 -0.75 47 48 37.39791281748043 0.09387888822830899
-1 -0.75 48 49 36.27884504799837 0.1013163891697495
-1 -0.75 49 50 35.18067585641009 0.1091730388657534
-0.75 -0.5 0 1 5943.163161182909 2.663448318836242
-0.75 -0.5 1 2 -1553.996181798856 2.065129484851131
-0.75 -0.5 2 3 -5469.737623442595 1.599909056910503
-0.75 -0.5 3 4 -4387.856811626139 1.54418002524073
-0.75 -0.5 4 5 -3219.276931963927 1.379683139335527
-0.75 -0.5 5 6 -2341.426948879281 1.222146427448419
-0.75 -0.5 6 7 -1714.959153955226 1.086525813141149
-0.75 -0.5 7 8 -1268.238543630259 0.9716568192280495
-0.75 -0.5 8 9 -945.8634340989938 0.8749673389061192
-0.75 -0.5 9 10 -709.7207594436331 0.7910963052151971
-0.75 -0.5 10 11 -534.0712117418825 0.719833841380714
-0.75 -0.5 11 12 -401.7620359752532 0.6576581489964816
-0.75 -0.5 12 13 -300.9136184481581 0.6032421652183152
-0.75 -0.5 13 14 -223.2831003383235 0.5552879508369879
-0.75 -0.5 14 15 -163.031479472199 0.5129934897160757
-0.75 -0.5 15 16 -115.9540587283316 0.4777494062897106
-0.75 -0.5 16 17 -78.97645265262872 0.4458215481060628
-0.75 -0.5 17 18 -49.81913437953676 0.4168130198804822
-0.75 -0.5 18 19 -26.77037718937163 0.3903811361482354
-0.75 -0.5 19 20 -8.530008384459506 0.3662302568004694
-0.75 -0.5 20 21 5.899813835073473 0.3441050696204099
-0.75 -0.5 21 22 17.29208854934132 0.3237846307885343
-0.75 -0.5 22 23 26.25070746600215 0.3050772219913323
-0.75 -0.5 23 24 33.25105796232208 0.2878159784904906
-0.75 -0.5 24 25 38.66995304902866 0.2718551996564856
-0.75 -0.5 25 26 42.80793514574316 0.2570672480965268
-0.75 -0.5 26 27 45.90606478862821 0.2433399440740101
-0.75 -0.5 27 28 48.15867585779404 0.2305743765612403
-0.75 -0.5 28 29 49.72315001456468 0.2186830598988411
-0.75 -0.5 29 30 50.72746664724457 0.2075883788209975
-0.75 -0.5 30 31 51.2760777510847 0.1972212726742156
-0.75 -0.5 31 32 51.4545107246895 0.187520118417274
-0.75 -0.5 32 33 51.3329974850335 0.178429781049593
-0.75 -0.5 33 34 50.96935283424421 0.169900800627255
-0.75 -0.5 34 35 50.41126996523241 0.1618886981824693
-0.75 -0.5 35 36 49.69816056127826 0.15435337735878
-0.75 -0.5 36 37 48.86263687612592 0.1472586092611575
-0.75 -0.5 37 38 47.93171083708222 0.1405715877463964
-0.75 -0.5 38 39 46.92776824479222 0.1342625422628351
-0.75 -0.5 39 40 45.86936331361045 0.1283044026165288
-0.75 -0.5 40 41 44.77186916767971 0.1226725054170795
-0.75 -0.5 41 42 43.64801207324336 0.1173443384627756
-0.75 -0.5 42 43 42.50831174213556 0.1122993153941648
-0.75 -0.5 43 44 41.36144522416748 0.1075185790724602
-0.75 -0.5 44 45 40.21454851618847 0.1029848268704714
-0.75 -0.5 45 46 39.07226060645468 0.09908207228013355
-0.75 -0.5 46 47 37.94161722556851 0.09730017646553416
-0.75 -0.5 47 48 36.82526081329678 0.0978367896508848
-0.75 -0.5 48 49 35.72628948502441 0.1017110445030659
-0.75 -0.5 49 50 34.64696600294621 0.1097576971251188
-0.5 -0.25 0 1 6085.24135150957 2.589263239884816
-0.5 -0.25 1 2 -1430.213429813733 1.445344921068018
-0.5 -0.25 2 3 -5464.403624294707 1.576313013551473
-0.5 -0.25 3 4 -4399.468781952301 1.538080240399155
-0.5 -0.25 4 5 -3232.976661735692 1.383795048389504
-0.5 -0.25 5 6 -2354.124310643285 1.273845750429166
-0.5 -0.25 6 7 -1726.054532571418 1.157941318880721
-0.5 -0.25 7 8 -1277.755232632358 1.050337384893111
-0.5 -0.25 8 9 -953.9821984476175 0.9543235210254306
-0.5 -0.25 9 10 -716.6406548920054 0.8702190300168172
-0.5 -0.25 10 11 -539.9793098219088 0.7953540998386411
-0.5 -0.25 11 12 -406.8190409233166 0.7296408258851503
-0.5 -0.25 12 13 -305.2550185889245 0.6714939190502661
-0.5 -0.25 13 14 -227.0218503013564 0.6198321616403449
-0.5 -0.25 14 15 -166.2614213579468 0.5737367323930678
-0.5 -0.25 15 16 -118.7531582325241 0.5324349170664904
-0.5 -0.25 16 17 -81.4096027237274 0.4952786972011195
-0.5 -0.25 17 18 -51.94049380618617 0.4617240746305166
-0.5 -0.25 18 19 -28.62528769027631 0.4313130037155091
-0.5 -0.25 19 20 -10.15655457871503 0.4036582583773076
-0.5 -0.25 20 21 4.469537789763763 0.3784310030962009
-0.5 -0.25 21 22 16.03094976843158 0.3553506725217073
-0.5 -0.25 22 23 25.13569618585063 0.334176752691389
-0.5 -0.25 23 24 32.26260285134776 0.3147021056186058
-0.5 -0.25 24 25 37.79135993183479 0.2967475329586284
-0.5 -0.25 25 26 42.02492522791101 0.2801573355983982
-0.5 -0.25 26 27 45.20639336742556 0.2647956705907395
-0.5 -0.25 27 28 47.53181637747832 0.2505435504377093
-0.5 -0.25 28 29 49.16003137455641 0.2372963593105894
-0.5 -0.25 29 30 50.22025407401622 0.2249617880582663
-0.5 -0.25 30 31 50.81798943728188 0.2134581094961608
-0.5 -0.25 31 32 51.03966393939277 0.2027127315651114
-0.5 -0.25 32 33 50.95627904985906 0.1926609786667765
-0.5 -0.25 33 34 50.62630980788322 0.1832450593767351
-0.5 -0.25 34 35 50.09801714245367 0.1744131907132386
-0.5 -0.25 35 36 49.41130199996496 0.1661188501051901
-0.5 -0.25 36 37 48.59919916606185 0.1583201361934145
-0.5 -0.25 37 38 47.6890862163869 0.1509792182469222
-0.5 -0.25 38 39 46.70366600142131 0.1440618627749251
-0.5 -0.25 39 40 45.66176817470227 0.1375370230627387
-0.5 -0.25 40 41 44.57900559267398 0.1313764835264836
-0.5 -0.25 41 42 43.46831355160509 0.125554549951799
-0.5 -0.25 42 43 42.34039433927001 0.1200477792766988
-0.5 -0.25 43 44 41.20408474262524 0.114834742634161
-0.5 -0.25 44 45 40.06666074122614 0.1098958178884497
-0.5 -0.25 45 46 38.93287504288867 0.105594614830466
-0.5 -0.25 46 47 37.80988952991481 0.103355253343257
-0.5 -0.25 47 48 36.70043248847571 0.1033830270298731
-0.5 -0.25 48 49 35.60768580671777 0.1055507905351733
-0.5 -0.25 49 50 34.53398731322855 0.1110874940058754
-0.25 0 0 1 6156.733263290038 2.714310863941599
-0.25 0 1 2 -1367.479947690875 1.946395730128625
-0.25 0 2 3 -5460.888640893075 1.598873340500356
-0.25 0 3 4 -4403.905468425348 1.55035681346672
-0.25 0 4 5 -3238.11807419186 1.387904960083947
-0.25 0 5 6 -2358.629087999671 1.230881494906154
-0.25 0 6 7 -1729.749385378576 1.095233675788055
-0.25 0 7 8 -1280.719826018432 0.9800851520464589
-0.25 0 8 9 -956.3389639067923 0.8823299125108014
-0.25 0 9 10 -718.5037923605814 0.8031018313521141
-0.25 0 10 11 -541.4434198705289 0.7371901743629986
-0.25 0 11 12 -407.9618407892217 0.6787605115007272
-0.25 0 12 13 -306.138582686579 0.6266119605668826
-0.25 0 13 14 -227.6959229881008 0.5799556267024024
-0.25 0 14 15 -166.765958565386 0.5380850026725117
-0.25 0 15 16 -119.120372773961 0.5003848899179739
-0.25 0 16 17 -81.66557038583642 0.4663263153171012
-0.25 0 17 18 -52.10640514104603 0.4354567312300037
-0.25 0 18 19 -28.71842399773186 0.4073893688280061
-0.25 0 19 20 -10.19105197105137 0.3817932802669591
-0.25 0 20 21 4.482086749098016 0.3583845873068285
-0.25 0 21 22 16.08101928167071 0.3369190191517453
-0.25 0 22 23 25.21544696341164 0.3171856465918332
-0.25 0 23 24 32.36557699584682 0.2990016584586254
-0.25 0 24 25 37.91223474965511 0.2822080217295221
-0.25 0 25 26 42.15931358569867 0.2666658770610851
-0.25 0 26 27 45.35068106443578 0.2522535401430554
-0.25 0 27 28 47.68302914101957 0.2388640034657306
-0.25 0 28 29 49.31572569619277 0.2264028469414569
-0.25 0 29 30 50.37842732983984 0.2147864866568496
-0.25 0 30 31 50.97700568039829 0.2039406994924204
-0.25 0 31 32 51.19819247647433 0.1937993789538494
-0.25 0 32 33 51.11324348808535 0.1843034786070621
-0.25 0 33 34 50.78084570095928 0.1754001142016506
-0.25 0 34 35 50.24943672326106 0.1670417969149169
-0.25 0 35 36 49.55906476514889 0.1591857760689169
-0.25 0 36 37 48.74288730634794 0.1517934748600457
-0.25 0 37 38 47.82838406879137 0.1448300026036519
-0.25 0 38 39 46.83834284455747 0.1382637339570349
-0.25 0 39 40 45.79166380834272 0.1320659427067748
-0.25 0 40 41 44.70401824239127 0.1262104838697465
-0.25 0 41 42 43.5883897135559 0.1206735154122687
-0.25 0 42 43 42.45552025227522 0.1154332557305558
-0.25 0 43 44 41.31427922109117 0.1104697695312717
-0.25 0 44 45 40.17196915228419 0.1057647807741147
-0.25 0 45 46 39.03335886639098 0.1017000841663482
-0.25 0 46 47 37.90563866190303 0.09976201981091039
-0.25 0 47 48 36.79154492096615 0.1001546510990337
-0.25 0 48 49 35.69427005710381 0.102890642794119
-0.25 0 49 50 34.61616023498496 0.111069744674454
0 0.25 0 1 6156.474690067792 2.714317373196987
0 0.25 1 2 -1367.985402553319 1.946420221172773
0 0.25 2 3 -5461.260606703761 1.598835126420897
0 0.25 3 4 -4404.062559371159 1.550264210796022
0 0.25 4 5 -3238.137022985148 1.387813629046157
0 0.25 5 6 -2358.581157812814 1.230820018288825
0 0.25 6 7 -1729.674837954092 1.095204079523324
0 0.25 7 8 -1280.638846234011 0.9800801497242391
0 0.25 8 9 -956.260591029135 0.8823405398386156
0 0.25 9 10 -718.431431834339 0.8031198178600496
0 0.25 10 11 -541.3780301386896 0.737212894794618
0 0.25 11 12 -407.9028942450914 0.6787842914126448
0 0.25 12 13 -306.0852300563565 0.6266352224175906
0 0.25 13 14 -227.6472641520372 0.5799775597056887
0 0.25 14 15 -166.7211956144672 0.538105246654378
0 0.25 15 16 -119.0788579099883 0.5004033387186138
0 0.25 16 17 -81.62680457921215 0.4663429997061007
0 0.25 17 18 -52.07001665430971 0.4354717511590117
0 0.25 18 19 -28.68414139324773 0.4074028547725536
0 0.25 19 20 -10.15867842709986 0.3818053719314615
0 0.25 20 21 4.512695100187557 0.3583954225807814
0 0.25 21 22 16.10997035226205 0.3369287280925165
0 0.25 22 23 25.2428253702343 0.3171943489754795
0 0.25 23 24 32.3914530774457 0.2990094629809814
0 0.25 24 25 37.93667071161644 0.2822150261730711
0 0.25 25 26 42.18236748547997 0.2666721688329109
0 0.25 26 27 45.3724092289583 0.2522591971866811
0 0.25 27 28 47.70348748954541 0.2388690948826567
0 0.25 28 29 49.33497032781804 0.2264074342876191
0 0.25 29 30 50.39651464006636 0.2147906243642728
0 0.25 30 31 50.99399219622921 0.2039444360295676
0 0.25 31 32 51.21413454210256 0.1938027570973803
0 0.25 32 33 51.1281968883934 0.1843065363176415
0 0.25 33 34 50.79486528070379 0.1754028852736815
0 0.25 34 35 50.26257603529712 0.1670443112120316
0 0.25 35 36 49.5713757667649 0.1591880602636008
0 0.25 36 37 48.75442011221577 0.1517955523763869
0 0.25 37 38 47.83918676128366 0.1448318945909985
0 0.25 38 39 46.8484613389989 0.1382654589239468
0 0.25 39 40 45.80114176790801 0.1320675172681813
0 0.25 40 41 44.71289703611637 0.1262119228761649
0 0.25 41 42 43.5967084114078 0.1206748320209254
0 0.25 42 43 42.46331564925293 0.1154344616725183
0 0.25 43 44 41.32158588594552 0.1104708753648484
0 0.25 44 45 40.17881949473025 0.1057657958351743
0 0.25 45 46 39.03978318830775 0.1017010285280599
0 0.25 46 47 37.91166532335507 0.09976295410107629
0 0.25 47 48 36.7972003575542 0.1001556336090729
0 0.25 48 49 35.6995789168887 0.1028917163829783
0 0.25 49 50 34.62114545141276 0.1110708605850932
0.25 0.5 0 1 6084.493930180391 2.589267880294391
0.25 0.5 1 2 -1431.667848292567 1.445342270215398
0.25 0.5 2 3 -5465.46379031516 1.576207593870305
0.25 0.5 3 4 -4399.909653990689 1.53792259610479
0.25 0.5 4 5 -3233.026418553474 1.383665292965282
0.25 0.5 5 6 -2353.988216836746 1.273777132359605
0.25 0.5 6 7 -1725.84604262966 1.157923783422348
0.25 0.5 7 8 -1277.530165030942 1.050354985420427
0.25 0.5 8 9 -953.7638350568031 0.954991320327369
0.25 0.5 9 10 -716.441397931048 0.8696139244442601
0.25 0.5 10 11 -539.7979596340442 0.7954030261909418
0.25 0.5 11 12 -406.6550670567508 0.7296892263870797
0.25 0.5 12 13 -305.1059663688532 0.6715398397709239
0.25 0.5 13 14 -226.8852085357964 0.6198746925202266
0.25 0.5 14 15 -166.1350160617219 0.5737755645341921
0.25 0.5 15 16 -118.6352626512366 0.5324700713998859
0.25 0.5 16 17 -81.29891754416872 0.4953103639430806
0.25 0.5 17 18 -51.83607676763881 0.4617525214993984
0.25 0.5 18 19 -28.52647179242331 0.4313385241764925
0.25 0.5 19 20 -10.06287272697227 0.4036811441791919
0.25 0.5 20 21 4.558415014931143 0.3784515303327682
0.25 0.5 21 22 16.11526207444672 0.3553690951197134
0.25 0.5 22 23 25.21562862813391 0.3341933005596771
0.25 0.5 23 24 32.33831025765687 0.3147169848208465
0.25 0.5 24 25 37.86298306827905 0.2967609270451311
0.25 0.5 25 26 42.09260083519314 0.2801694074604888
0.25 0.5 26 27 45.2702598234273 0.2648065646635471
0.25 0.5 27 28 47.59201636146111 0.2505533945979579
0.25 0.5 28 29 49.21671256849243 0.2373052664391307
0.25 0.5 29 30 50.27356865391641 0.2249698582969696
0.25 0.5 30 31 50.8680928872302 0.2134654313310222
0.25 0.5 31 32 51.08671355229581 0.2027193834953789
0.25 0.5 32 33 51.00043235345038 0.1926670301902011
0.25 0.5 33 34 50.66772306345149 0.1832505721597313
0.25 0.5 34 35 50.13684400439763 0.1744182193856241
0.25 0.5 35 36 49.4476923750006 0.166123443439544
0.25 0.5 36 37 48.63329828651854 0.1583243373133128
0.25 0.5 37 38 47.72103392386333 0.1509830657706236
0.25 0.5 38 39 46.73359622237109 0.1440653909074379
0.25 0.5 39 40 45.68980856828267 0.1375402623706556
0.25 0.5 40 41 44.60527734688736 0.1313794613147216
0.25 0.5 41 42 43.49293130311906 0.1255572906251676
0.25 0.5 42 43 42.36346619522919 0.1200503046472347
0.25 0.5 43 44 41.22571238281517 0.1148370722735114
0.25 0.5 44 45 40.08693958451619 0.109897969244524
0.25 0.5 45 46 38.95189439095776 0.105596634004752
0.25 0.5 46 47 37.82773298186851 0.1033572937187077
0.25 0.5 47 48 36.71717803315278 0.1033852413842963
0.25 0.5 48 49 35.62340619468776 0.1055533016250188
0.25 0.5 49 50 34.54875026324194 0.1110902421018745
0.5 0.75 0 1 5941.874490796926 2.66345366985716
0.5 0.75 1 2 -1556.469438218039 2.065139092913143
0.5 0.75 2 3 -5471.479274005909 1.599842921068593
0.5 0.75 3 4 -4388.521128068908 1.544068228327452
0.5 0.75 4 5 -3219.291875782361 1.37958734833796
0.5 0.75 5 6 -2341.151787171113 1.222090344168339
0.5 0.75 6 7 -1714.582565514153 1.086505204031483
0.5 0.75 7 8 -1267.848643250976 0.9716626540931493
0.5 0.75 8 9 -945.4961022282196 0.874979486913949
0.5 0.75 9 10 -709.3871296525899 0.7911268415485055
0.5 0.75 10 11 -533.7728915920511 0.7198632446883821
0.5 0.75 11 12 -401.4946178174214 0.657688086707226
0.5 0.75 12 13 -300.6720980280229 0.6032711223376157
0.5 0.75 13 14 -223.0627484939123 0.5553151500301901
0.5 0.75 14 15 -162.8283505810305 0.5130185891336903
0.5 0.75 15 16 -115.7650828993094 0.4777722188660868
0.5 0.75 16 17 -78.79934866416215 0.445842183563262
0.5 0.75 17 18 -49.65226107584022 0.4168316526058022
0.5 0.75 18 19 -26.61257930903184 0.3903979636007178
0.5 0.75 19 20 -8.380480819278773 0.3662454764809436
0.5 0.75 20 21 6.041635579361582 0.344118867025357
0.5 0.75 21 22 17.42661172068551 0.3237971736654446
0.5 0.75 22 23 26.3782426124958 0.3050886591414818
0.5 0.75 23 24 33.37186103191482 0.2878264395283354
0.5 0.75 24 25 38.78425331984158 0.2718647970921287
0.5 0.75 25 26 42.91595270336825 0.2570760788138475
0.5 0.75 26 27 46.00802056504301 0.2433480916891989
0.5 0.75 27 28 48.25479656796074 0.23058191287772
0.5 0.75 28 29 49.81366974009529 0.2186900470925404
0.5 0.75 29 30 50.81262633713129 0.2075948707426939
0.5 0.75 30 31 51.35612353451279 0.197227315928116
0.5 0.75 31 32 51.5296916497482 0.1875257541162262
0.5 0.75 32 33 51.40356308719743 0.1784350447876111
0.5 0.75 33 34 51.03555078619445 0.1699057242203242
0.5 0.75 34 35 50.47334395915942 0.1618933096248228
0.5 0.75 35 36 49.75634849317839 0.1543577014700518
0.5 0.75 36 37 48.91716936515013 0.1472626685571258
0.5 0.75 37 38 47.98281007001009 0.1405754021667164
0.5 0.75 38 39 46.97564712612404 0.134266129921658
0.5 0.75 39 40 45.91422488837298 0.1283077798634826
0.5 0.75 40 41 44.81390627992403 0.1226756872163535
0.5 0.75 41 42 43.68740722272281 0.1173473381909536
0.5 0.75 42 43 42.54523710490889 0.1123021455640954
0.5 0.75 43 44 41.39606280186354 0.1075212508923869
0.5 0.75 44 45 40.24701038966521 0.102987350732141
0.5 0.75 45 46 39.10270917052202 0.0990845034694328
0.5 0.75 46 47 37.97018578800947 0.09730273582183328
0.5 0.75 47 48 36.85207378963042 0.09783970423226823
0.5 0.75 48 49 35.75146296612212 0.1017144611852543
0.5 0.75 49 50 34.67060807604179 0.109761491032331
0.75 1 0 1 5725.491051056136 1.916347579289611
0.75 1 1 2 -1754.673420014061 1.785799182248812
0.75 1 2 3 -5487.658301570642 1.593775169817745
0.75 1 3 4 -4376.088376359618 1.532186511288569
0.75 1 4 5 -3201.718386359687 1.36809113708363
0.75 1 5 6 -2323.807865923734 1.212550183910744
0.75 1 6 7 -1698.812141771859 1.079124813793637
0.75 1 7 8 -1253.892144506808 0.9664120683725408
0.75 1 8 9 -933.2609977718721 0.8701118519143594
0.75 1 9 10 -698.6873008533153 0.7888125988449998
0.75 1 10 11 -524.40973996811 0.7177909164418549
0.75 1 11 12 -393.2808281598095 0.6562352286561163
0.75 1 12 13 -293.4431925595604 0.6022767053010771
0.75 1 13 14 -216.677284464447 0.5546598716425976
0.75 1 14 15 -157.1661077751533 0.512385018932472
0.75 1 15 16 -110.7243923362528 0.4746479042127587
0.75 1 16 17 -74.29435336937399 0.4407950671585918
0.75 1 17 18 -45.61041379519315 0.4102905716008388
0.75 1 18 19 -22.9724709515267 0.3826910310468815
0.75 1 19 20 -5.090003640920031 0.3576266648090141
0.75 1 20 21 9.026821217626548 0.3347867746891868
0.75 1 21 22 20.14434885409855 0.3139085046183463
0.75 1 22 23 28.86092929229881 0.2947680498586673
0.75 1 23 24 35.6473197737505 0.2771737238625674
0.75 1 24 25 40.87645068873508 0.2609604436299831
0.75 1 25 26 44.84559600641069 0.2459853058977759
0.75 1 26 27 47.79305384746397 0.2321240146004004
0.75 1 27 28 49.91081403853218 0.2192679732412333
0.75 1 28 29 51.35426137397087 0.2073219041400744
0.75 1 29 30 52.24966764783153 0.1962018853965932
0.75 1 30 31 52.70001926273073 0.1858337247072439
0.75 1 31 32 52.78958130886122 0.1761516027061211
0.75 1 32 33 52.58749484397629 0.1670969363833963
0.75 1 33 34 52.15062897899963 0.1586174220953271
0.75 1 34 35 51.52585459823331 0.1506662248317849
0.75 1 35 36 50.75186632314876 0.1432012908331257
0.75 1 36 37 49.86064943897316 0.1361847587516941
0.75 1 37 38 48.87866627735065 0.1295824575714974
0.75 1 38 39 47.82781970311936 0.1233634717588695
0.75 1 39 40 46.72623859591988 0.1174997689836494
0.75 1 40 41 45.58892065691407 0.1119658750506076
0.75 1 41 42 44.42826009663503 0.1067385933184544
0.75 1 42 43 43.25448234431718 0.1017967587390213
0.75 1 43 44 42.07600314687511 0.09712102358349702
0.75 1 44 45 40.89972606052669 0.09269366953562175
0.75 1 45 46 39.73009610489788 0.08926348386561911
0.75 1 46 47 38.57394110385613 0.08962781354149267
0.75 1 47 48 37.43375109463676 0.09388122186811508
0.75 1 48 49 36.31247589212015 0.1013193419441284
0.75 1 49 50 35.21224611693296 0.1091765948847978
1 1.25 0 1 5446.40127303802 1.571040805037859
1 1.25 1 2 -2015.346152783189 0.6529760953863385
1 1.25 2 3 -5513.337513966077 1.830421483298711
1 1.25 3 4 -4365.84307018681 1.781687094581156
1 1.25 4 5 -3185.452535137334 1.587711320386874
1 1.25 5 6 -2307.938090759654 1.398940060743944
1 1.25 6 7 -1684.76755398366 1.236459080956615
1 1.25 7 8 -1241.834781373949 1.099613346138112
1 1.25 8 9 -923.0125656744594 0.9844939426189904
1 1.25 9 10 -689.9987969028389 0.8872333898282029
1 1.25 10 11 -517.0410149301533 0.8034956164763907
1 1.25 11 12 -387.0161056665038 0.731453739810733
1 1.25 12 13 -288.1003877437902 0.6687876194669164
1 1.25 13 14 -212.1042984898102 0.6138716532264797
1 1.25 14 15 -153.2367711098566 0.565423928941712
1 1.25 15 16 -107.334281597058 0.5224235971532311
1 1.25 16 17 -71.3570283633976 0.484049437562474
1 1.25 17 18 -43.05421508310747 0.4496342931237616
1 1.25 18 19 -20.73786413859852 0.4186311039420627
1 1.25 19 20 -3.127404323631936 0.3905873777392005
1 1.25 20 21 10.75881900009836 0.3651258151018742
1 1.25 21 22 21.68041303191967 0.3419294592456967
1 1.25 22 23 30.2301614627462 0.3207302000354039
1 1.25 23 24 36.8742099497756 0.3012997907238427
1 1.25 24 25 41.98165715946959 0.283442764260136
1 1.25 25 26 45.84658414326861 0.2669908003658259
1 1.25 26 27 48.70462094332163 0.2517982090949052
1 1.25 27 28 50.74552183923754 0.2377382836873362
1 1.25 28 29 52.12279362795834 0.2247003330784501
1 1.25 29 30 52.96112655940999 0.2125872522573257
1 1.25 30 31 53.36217200715089 0.2013135194732463
1 1.25 31 32 53.40906559751079 0.1908035368522038
1 1.25 32 33 53.16999080755227 0.1809902460974171
1 1.25 33 34 52.70100326046622 0.1718139693081596
1 1.25 34 35 52.04828145083604 0.1632214320468368
1 1.25 35 36 51.24992962498334 0.1551649375278107
1 1.25 36 37 50.33742882839647 0.1476016636273961
1 1.25 37 38 49.33681004063874 0.1404930643260645
1 1.25 38 39 48.26960657898996 0.1338043552587903
1 1.25 39 40 47.1536302901921 0.1275040726468704
1 1.25 40 41 46.00360654510996 0.1215636915270413
1 1.25 41 42 44.83169535060102 0.1159572956563916
1 1.25 42 43 43.64792050360165 0.1106612903251561
1 1.25 43 44 42.46052399224845 0.1056541522197836
1 1.25 44 45 41.27625950564641 0.1009162104539746
1 1.25 45 46 40.09946161246341 0.09680616756440401
1 1.25 46 47 38.93681025973754 0.09473160948052013
1 1.25 47 48 37.79071812623275 0.09489444865511504
1 1.25 48 49 36.66405177178868 0.0977273525603628
1 1.25 49 50 35.55887305837032 0.1054446047724365
1.25 1.5 0 1 5116.902090393161 3.30666180970247
1.25 1.5 1 2 -2301.286309926556 4.165552389907651
1.25 1.5 2 3 -5514.322269408531 1.677313720153614
1.25 1.5 3 4 -4326.213127288186 1.601131038637204
1.25 1.5 4 5 -3142.715500928207 1.425858333830075
1.25 1.5 5 6 -2269.802104837916 1.258104155679231
1.25 1.5 6 7 -1652.386934647811 1.113322399688445
1.25 1.5 7 8 -1214.757127299662 0.9910178987682454
1.25 1.5 8 9 -900.4518364205155 0.8869586212596745
1.25 1.5 9 10 -671.1834178607446 0.7995517577524663
1.25 1.5 10 11 -501.3132030846896 0.7237628205398562
1.25 1.5 11 12 -373.8259331786157 0.6584977592810207
1.25 1.5 12 13 -277.0019547178429 0.6016594237614877
1.25 1.5 13 14 -202.7362790122661 0.5518090444626487
1.25 1.5 14 15 -145.3061362855094 0.5078048334658549
1.25 1.5 15 16 -100.602630487999 0.4687331827864951
1.25 1.5 16 17 -65.62957426086678 0.4338564461509181
1.25 1.5 17 18 -38.1710598370812 0.4025736500982644
1.25 1.5 18 19 -16.56712468848013 0.3743908932306929
1.25 1.5 19 20 0.4402008823744836 0.3488989173929853
1.25 1.5 20 21 13.81424546213657 0.3257559750922798
1.25 1.5 21 22 24.2996811555754 0.3046746360757115
1.25 1.5 22 23 32.47705939020307 0.2854115286302867
1.25 1.5 23 24 38.80245926918224 0.2677592990620786
1.25 1.5 24 25 43.6366574369307 0.2515402545779949
1.25 1.5 25 26 47.26682549245959 0.2383770414889246
1.25 1.5 26 27 49.92283352897437 0.2268027934682838
1.25 1.5 27 28 51.7896157791896 0.2159878396670936
1.25 1.5 28 29 53.01663100002736 0.2058681886443404
1.25 1.5 29 30 53.7251582302174 0.1963863440966704
1.25 1.5 30 31 54.01396508457958 0.1874905659985578
1.25 1.5 31 32 53.96374197053763 0.1791342176830014
1.25 1.5 32 33 53.64059308478994 0.1712751904252595
1.25 1.5 33 34 53.09880117565075 0.1638753972189897
1.25 1.5 34 35 52.38302925823643 0.1569003280426649
1.25 1.5 35 36 51.53008299042176 0.1503186590507765
1.25 1.5 36 37 50.57032812993185 0.1441019086735657
1.25 1.5 37 38 49.52883571258127 0.1382241354305333
1.25 1.5 38 39 48.42631111704043 0.1326616713353903
1.25 1.5 39 40 47.27985070834745 0.1273928872503563
1.25 1.5 40 41 46.10356041431282 0.1223979851156678
1.25 1.5 41 42 44.90906300671048 0.1176588144097734
1.25 1.5 42 43 43.70591557306989 0.1131587097377938
1.25 1.5 43 44 42.50195402689161 0.1088823464838108
1.25 1.5 44 45 41.30357821875867 0.1048156123976468
1.25 1.5 45 46 40.1148357253465 0.101282497758416
1.25 1.5 46 47 38.94209256678889 0.09952845112199729
1.25 1.5 47 48 37.78754740450321 0.09971556036637012
1.25 1.5 48 49 36.65386033157279 0.1017334771797714
1.25 1.5 49 50 35.54290836825848 0.1043622210279882
1.5 1.75 0 1 4713.207834078011 0.9386519677991922
1.5 1.75 1 2 -2679.06168610138 0.7522708560982669
1.5 1.75 2 3 -5538.430878409917 1.695481873494714
1.5 1.75 3 4 -4290.562337999671 1.63970804996544
1.5 1.75 4 5 -3095.941907765927 1.466196265226622
1.5 1.75 5 6 -2223.996487969062 1.291709766668514
1.5 1.75 6 7 -1610.788898556809 1.138647797169649
1.5 1.75 7 8 -1177.981296441007 1.008646221876663
1.5 1.75 8 9 -868.2607094207988 0.8990956917541491
1.5 1.75 9 10 -643.0863206680719 0.8067060464756022
1.5 1.75 10 11 -476.786939851791 0.7273206698252058
1.5 1.75 11 12 -352.3696016288261 0.6593208763038015
1.5 1.75 12 13 -258.1765021244757 0.6004126627168473
1.5 1.75 13 14 -186.1640630815202 0.5490000176061077
1.5 1.75 14 15 -130.6662645175199 0.5038212881347689
1.5 1.75 15 16 -87.62382693015115 0.4638723577661064
1.5 1.75 16 17 -54.08281779356844 0.4283472758073851
1.5 1.75 17 18 -27.86285673628163 0.3965933261829691
1.5 1.75 18 19 -7.333678816517477 0.3680771827028135
1.5 1.75 19 20 8.7379096280049 0.3423593475131455
1.5 1.75 20 21 21.29456129414598 0.3190747196250033
1.5 1.75 21 22 31.06366660067454 0.297917711942485
1.5 1.75 22 23 38.61129825314072 0.2786307479712489
1.5 1.75 23 24 44.3813710638259 0.2609952961066477
1.5 1.75 24 25 48.72441084889499 0.2448248215399184
1.5 1.75 25 26 51.91892367522291 0.2299591982734485
1.5 1.75 26 27 54.18743093989826 0.2162602438067066
1.5 1.75 27 28 55.70861518388222 0.2036081249341198
1.5 1.75 28 29 56.62660012644642 0.1918984421798209
1.5 1.75 29 30 57.05809810386961 0.1810398504026397
1.5 1.75 30 31 57.09795605083161 0.170952103065021
1.5 1.75 31 32 56.8234885541666 0.1615644362616343
1.5 1.75 32 33 56.29788492539456 0.1528142249384405
1.5 1.75 33 34 55.57290412727531 0.1446458599348144
1.5 1.75 34 35 54.69101820012139 0.1370098048611106
1.5 1.75 35 36 53.68712583901743 0.1298617995439736
1.5 1.75 36 37 52.58992887663112 0.1231621855715038
1.5 1.75 37 38 51.42304295804087 0.1168753310512999
1.5 1.75 38 39 50.20589746725233 0.1109691394896845
1.5 1.75 39 40 48.95446749831672 0.1054146282507166
1.5 1.75 40 41 47.68187147858561 0.1001855646875204
1.5 1.75 41 42 46.39886061864144 0.09525815310958174
1.5 1.75 42 43 45.11422115825758 0.09061076165947972
1.5 1.75 43 44 43.83510585491558 0.08622368626158439
1.5 1.75 44 45 42.56730792199832 0.08207894329432619
1.5 1.75 45 46 41.31435598799339 0.07886683573965446
1.5 1.75 46 47 40.0820999161744 0.07916693684316171
1.5 1.75 47 48 38.87232929318137 0.08305886165713273
1.5 1.75 48 49 37.68731991691016 0.08988713916162809
1.5 1.75 49 50 36.52861251931296 0.09709766613972633
1.75 2 0 1 4285.240116703164 1.075429725342356
1.75 2 1 2 -3059.279985908617 2.555523427915276
1.75 2 2 3 -5546.069157948905 2.791400216107437
1.75 2 3 4 -4248.339169889727 2.329885162951133
1.75 2 4 5 -3051.132031353134 1.934992282784735
1.75 2 5 6 -2185.088671620525 1.632718924003246
1.75 2 6 7 -1578.572672974495 1.400231767063625
1.75 2 7 8 -1151.623749851352 1.217789042699316
1.75 2 8 9 -846.7209648962066 1.070649311527525
1.75 2 9 10 -625.4382165762718 0.9511874200385145
1.75 2 10 11 -462.2712879301794 0.8511450527149702
1.75 2 11 12 -340.3845269740445 0.7668560153591658
1.75 2 12 13 -248.243748050518 0.6948523171888187
1.75 2 13 14 -177.9037057693586 0.6327058981954298
1.75 2 14 15 -123.7750872712575 0.5785869862533399
1.75 2 15 16 -81.85847274233925 0.5310908935836227
1.75 2 16 17 -49.24684506335916 0.4891213676152097
1.75 2 17 18 -23.79681282603997 0.4518102710851656
1.75 2 18 19 -3.907461953756183 0.4184611137992902
1.75 2 19 20 11.63096166564333 0.388508584051213
1.75 2 20 21 23.74227697362414 0.3614890323062124
1.75 2 21 22 33.13865430347914 0.3370185968830443
1.75 2 22 23 40.37380093227546 0.3147767552242113
1.75 2 23 24 45.8815360281701 0.2944937911326898
1.75 2 24 25 50.00410554777329 0.2759411288050784
1.75 2 25 26 53.01319656726309 0.2589237967503025
1.75 2 26 27 55.12569302134705 0.2432744905907556
1.75 2 27 28 56.51560026007098 0.2288488535126252
1.75 2 28 29 57.32314878758609 0.2155216910018967
1.75 2 29 30 57.66180045508861 0.2031839109573399
1.75 2 30 31 57.62368069670617 0.1917400320696451
1.75 2 31 32 57.28381954475577 0.1811061401646716
1.75 2 32 33 56.70348390161024 0.1712082022055353
1.75 2 33 34 55.93281142069469 0.1619806653659865
1.75 2 34 35 55.01290392276587 0.1533652885076557
1.75 2 35 36 53.97749985474888 0.1453101602337005
1.75 2 36 37 52.8543168504504 0.1377688710791993
1.75 2 37 38 51.66613433197466 0.130699811409156
1.75 2 38 39 50.43167013066267 0.1240655743777295
1.75 2 39 40 49.16629305852547 0.1178324448271618
1.75 2 40 41 47.88260433600209 0.1119699607897828
1.75 2 41 42 46.59091349046162 0.1064505361305878
1.75 2 42 43 45.29962923122326 0.1012491335110078
1.75 2 43 44 44.01558137722276 0.09634298165445246
1.75 2 44 45 42.74428673763791 0.09171132799718947
1.75 2 45 46 41.48906897118309 0.08769706463358982
1.75 2 46 47 40.25551381947309 0.08565148014156922
1.75 2 47 48 39.04526917568685 0.08575781533472882
1.75 2 48 49 37.86046214313072 0.09086557906801015
1.75 2 49 50 36.7024993480801 0.09771991514718725
2 2.25 0 1 3810.135441084094 1.058264927503926
2 2.25 1 2 -3465.422839905493 0.8756524521619522
2 2.25 2 3 -5536.860436031557 1.661377257642941
2 2.25 3 4 -4173.004178040166 1.535488070934494
2 2.25 4 5 -2967.187602922638 1.353411773800823
2 2.25 5 6 -2106.691504629372 1.192672696238839
2 2.25 6 7 -1509.07397057749 1.058025574888075
2 2.25 7 8 -1091.173346668329 0.9448713077740895
2 2.25 8 9 -794.4791730721377 0.8496062058138267
2 2.25 9 10 -580.3365701753755 0.7683715875237898
2 2.25 10 11 -423.2908021827939 0.6978175183743606
2 2.25 11 12 -306.5970488144233 0.6367189456020587
2 2.25 12 13 -218.8604704872698 0.5832188417723856
2 2.25 13 14 -152.2601391013607 0.536061264588344
2 2.25 14 15 -101.3153175384739 0.494246160504769
2 2.25 15 16 -62.11826152758817 0.4569684529445072
2 2.25 16 17 -31.8381515849951 0.4235734565726013
2 2.25 17 18 -8.394501975391222 0.3935238335080909
2 2.25 18 19 9.761771183425481 0.3663747923623192
2 2.25 19 20 23.79768706773439 0.3417552529738765
2 2.25 20 21 34.60175051187719 0.3193533789034476
2 2.25 21 22 42.85686024845893 0.2989053582581676
2 2.25 22 23 49.09237489947827 0.2801866116263007
2 2.25 23 24 53.7217840759705 0.2630048481636079
2 2.25 24 25 57.07029499271016 0.2471945323229975
2 2.25 25 26 59.39525969853605 0.2326124418540197
2 2.25 26 27 60.90145660833696 0.2191340750754772
2 2.25 27 28 61.75263095984519 0.2066507263808803
2 2.25 28 29 62.08028640688872 0.1950670882096674
2 2.25 29 30 61.99043663265707 0.1842992750742639
2 2.25 30 31 61.56882918487639 0.1742731838841805
2 2.25 31 32 60.88501525327814 0.1649231274720646
2 2.25 32 33 59.99554071800929 0.1561906887474274
2 2.25 33 34 58.94646313429962 0.1480237561785898
2 2.25 34 35 57.77534804428802 0.1403757071710132
2 2.25 35 36 56.51286049112861 0.1332047145309651
2 2.25 36 37 55.1840398804602 0.126473154430988
2 2.25 37 38 53.80932577231721 0.1201470995629021
2 2.25 38 39 52.40538668275161 0.1141958823643504
2 2.25 39 40 50.98579228032082 0.1085917200127165
2 2.25 40 41 49.56156061767621 0.1033093870151838
2 2.25 41 42 48.14160499421803 0.09832593371812738
2 2.25 42 43 46.73310009644209 0.09362043879275372
2 2.25 43 44 45.34178280682073 0.08917379419028482
2 2.25 44 45 43.97220000179524 0.08496851607414652
2 2.25 45 46 42.62683590688343 0.08164691715982975
2 2.25 46 47 41.31046502454132 0.08160758149064513
2 2.25 47 48 40.02407255598601 0.08491308152886687
2 2.25 48 49 38.76917294466418 0.09094064394793391
2 2.25 49 50 37.5466270053694 0.09731426534216418
2.25 2.5 0 1 3304.811170183622 1.856283711073343
2.25 2.5 1 2 -3873.681834414624 0.9630867834241125
2.25 2.5 2 3 -5488.746951614217 1.692691542442968
2.25 2.5 3 4 -4065.453390866393 1.558808366084693
2.25 2.5 4 5 -2862.956917961347 1.37569159051556
2.25 2.5 5 6 -2017.505858313087 1.247336510461405
2.25 2.5 6 7 -1435.24467835671 1.122957159059066
2.25 2.5 7 8 -1030.541389362003 1.01107850652652
2.25 2.5 8 9 -744.6492008780056 0.9134012277951449
2.25 2.5 9 10 -539.2256254084605 0.8282703423447312
2.25 2.5 10 11 -389.2227977804323 0.7535620106066609
2.25 2.5 11 12 -278.2258424535164 0.6883174363792195
2.25 2.5 12 13 -195.1262666443808 0.6309209335368801
2.25 2.5 13 14 -132.3234007993472 0.5801851341123521
2.25 2.5 14 15 -84.50743787073679 0.5351219801610709
2.25 2.5 15 16 -47.90328100427405 0.4949125683644429
2.25 2.5 16 17 -19.78350399511373 0.4588775927120867
2.25 2.5 17 18 1.851274863280878 0.4264516732305054
2.25 2.5 18 19 18.48606758039227 0.3971621133594006
2.25 2.5 19 20 31.23691080681533 0.3706116888785077
2.25 2.5 20 21 40.95145625068881 0.3464648264726501
2.25 2.5 21 22 48.27964651191508 0.3244365299637301
2.25 2.5 22 23 53.72408646416193 0.304283499619082
2.25 2.5 23 24 57.67641858990203 0.2857969892260598
2.25 2.5 24 25 60.44391128082589 0.2687970377555837
2.25 2.5 25 26 62.26911113001597 0.2531277880959804
2.25 2.5 26 27 63.34451852838413 0.238653671075369
2.25 2.5 27 28 63.8236510261986 0.2252562767848508
2.25 2.5 28 29 63.82945679289855 0.2128317775290081
2.25 2.5 29 30 63.46076466969396 0.2012887941312185
2.25 2.5 30 31 62.79726610090017 0.1905466202490381
2.25 2.5 31 32 61.90338980213215 0.1805337382641202
2.25 2.5 32 33 60.83133462770058 0.1711865720346283
2.25 2.5 33 34 59.62345769577723 0.1624484354714818
2.25 2.5 34 35 58.31416524764296 0.1542686411782885
2.25 2.5 35 36 56.93141749448853 0.1466017424704385
2.25 2.5 36 37 55.49793196169736 0.1394068860068959
2.25 2.5 37 38 54.03215003959224 0.1326472566858996
2.25 2.5 38 39 52.54901653245145 0.1262896006317157
2.25 2.5 39 40 51.06061076900858 0.1203038130438154
2.25 2.5 40 41 49.57665943997682 0.114662581227485
2.25 2.5 41 42 48.10495458905575 0.1093410748306685
2.25 2.5 42 43 46.65169543196274 0.1043166759959057
2.25 2.5 43 44 45.221768628451 0.09956874283385794
2.25 2.5 44 45 43.81897868468678 0.09507840333784742
2.25 2.5 45 46 42.44519632251101 0.09114698733621977
2.25 2.5 46 47 41.10455885517331 0.08895150216194819
2.25 2.5 47 48 39.79758858774684 0.08862821627974143
2.25 2.5 48 49 38.52536197989306 0.09003021189139189
2.25 2.5 49 50 37.28835514977752 0.09315449177134591
2.5 2.75 0 1 2746.260661521711 2.58227448631456
2.5 2.75 1 2 -4314.086286774653 1.106001227354047
2.5 2.75 2 3 -5432.570686208159 2.449304593735503
2.5 2.75 3 4 -3944.984092656629 2.475957241254662
2.5 2.75 4 5 -2744.491332702609 2.221202876494894
2.5 2.75 5 6 -1913.95881429569 1.954380560205125
2.5 2.75 6 7 -1347.638590925094 1.720053355364269
2.5 2.75 7 8 -957.0821997836242 1.521606360514905
2.5 2.75 8 9 -683.0810950324885 1.354377433090275
2.5 2.75 9 10 -487.4723941288353 1.213358384464443
2.5 2.75 10 11 -345.5490707133119 1.092905307894804
2.5 2.75 11 12 -241.1993885076411 0.9896200820491292
2.5 2.75 12 13 -163.5925857554121 0.9002784431609294
2.5 2.75 13 14 -105.3505019863899 0.8224345591281977
2.5 2.75 14 15 -61.341167938436 0.7541521091693107
2.5 2.75 15 16 -27.93073669773412 0.6938873992773681
2.5 2.75 16 17 -2.503976771089356 0.6403995708589999
2.5 2.75 17 18 16.8490938560758 0.5926826212543064
2.5 2.75 18 19 31.54191416759227 0.5499140484867114
2.5 2.75 19 20 42.63290823554235 0.5114159134424184
2.5 2.75 20 21 50.9230891851364 0.4766251288782283
2.5 2.75 21 22 57.02443058812173 0.4450706147950688
2.5 2.75 22 23 61.40845545686932 0.4163555904434618
2.5 2.75 23 24 64.44122718486381 0.3901437348547984
2.5 2.75 24 25 66.40885697600049 0.3661482829561762
2.5 2.75 25 26 67.53630748387616 0.3441233676764939
2.5 2.75 26 27 68.00139821097787 0.323857093324545
2.5 2.75 27 28 67.94533655346481 0.3051659542894393
2.5 2.75 28 29 67.48070607164391 0.2878903071892688
2.5 2.75 29 30 66.69757507987242 0.2718906740048549
2.5 2.75 30 31 65.66820292461148 0.2570447043773196
2.5 2.75 31 32 64.45069101518834 0.2432446661214789
2.5 2.75 32 33 63.0918333993813 0.2303953598381495
2.5 2.75 33 34 61.62935562241699 0.2184123770090142
2.5 2.75 34 35 60.09368284213275 0.2072206383905504
2.5 2.75 35 36 58.50934332207902 0.1967531608905221
2.5 2.75 36 37 56.89608776446784 0.186950013539333
2.5 2.75 37 38 55.26978595934253 0.1777574292313732
2.5 2.75 38 39 53.64314796699904 0.1691270457976312
2.5 2.75 39 40 52.02630632762038 0.1610152560017334
2.5 2.75 40 41 50.42728779048505 0.1533826476271566
2.5 2.75 41 42 48.85239664541137 0.1461935205248807
2.5 2.75 42 43 47.30652722158098 0.1394154675609051
2.5 2.75 43 44 45.79341929287713 0.1330190114024016
2.5 2.75 44 45 44.315867325635 0.1269772869794173
2.5 2.75 45 46 42.87488667209871 0.1214872299319914
2.5 2.75 46 47 41.47375757228497 0.1173609684789602
2.5 2.75 47 48 40.11234095814532 0.1147122141347572
2.5 2.75 48 49 38.79109501311413 0.1134851750063292
2.5 2.75 49 50 37.50994633861319 0.1128732119859037
2.75 3 0 1 2126.817947241306 2.181913375410073
2.75 3 1 2 -4751.440299298374 3.647197305299134
2.75 3 2 3 -5318.019069991913 5.670741576019075
2.75 3 3 4 -3769.51748091561 4.952863881499867
2.75 3 4 5 -2581.266773775056 4.161282520691667
2.75 3 5 6 -1775.372921655125 3.513153281947888
2.75 3 6 7 -1232.844155168209 3.000315513045773
2.75 3 7 8 -862.5028092744615 2.592302197812583
2.75 3 8 9 -605.0148119591386 2.263188926724459
2.75 3 9 10 -422.7710126331176 1.994488367944047
2.75 3 10 11 -291.7238427654308 1.770498781055
2.75 3 11 12 -196.1234971334056 1.583226226395196
2.75 3 12 13 -125.6867547718148 1.423979459881539
2.75 3 13 14 -73.33461754809537 1.287449967793867
2.75 3 14 15 -34.19378163594865 1.169386145023852
2.75 3 15 16 -4.831638376311275 1.066506065140756
2.75 3 16 17 17.20988255012685 0.9762415550194277
2.75 3 17 18 33.71730719324546 0.8965576618229978
2.75 3 18 19 46.00644467696975 0.8258233845678807
2.75 3 19 20 55.05797498103186 0.7627177450263745
2.75 3 20 21 61.61057533814392 0.7061605748229826
2.75 3 21 22 66.22590461105892 0.6552608402776552
2.75 3 22 23 69.33461595117205 0.6092775837605081
2.75 3 23 24 71.26937522804849 0.567590062301731
2.75 3 24 25 72.28884770548211 0.5296746736238983
2.75 3 25 26 72.59532095297584 0.4950869497791674
2.75 3 26 27 72.34778714440745 0.4634473751262821
2.75 3 27 28 71.67174756074024 0.4344301208949453
2.75 3 28 29 70.66662533706216 0.4077540237315045
2.75 3 29 30 69.41141535632454 0.3831753078454735
2.75 3 30 31 67.96902281015298 0.3604816715751913
2.75 3 31 32 66.38961781979793 0.339487451511306
2.75 3 32 33 64.7132458293687 0.3200296431875349
2.75 3 33 34 62.97187088168738 0.3019646074275305
2.75 3 34 35 61.19098371890198 0.2851653290434938
2.75 3 35 36 59.39087377921464 0.2695191242446221
2.75 3 36 37 57.58764001155163 0.254925712689583
2.75 3 37 38 55.79399760934336 0.2412955899620985
2.75 3 38 39 54.01992440581418 0.2285486465930031
2.75 3 39 40 52.27318065284734 0.2166129920720142
2.75 3 40 41 50.55972844913134 0.2054239491494194
2.75 3 41 42 48.88407111635851 0.1949231906329043
2.75 3 42 43 47.24952863162707 0.1850579958083951
2.75 3 43 44 45.65846168392738 0.1757806076766097
2.75 3 44 45 44.1124543289171 0.1670476757332066
2.75 3 45 46 42.61150248081992 0.1589747629786075
2.75 3 46 47 41.15786002657168 0.1521151602156328
2.75 3 47 48 39.75060633216233 0.1465479566500219
2.75 3 48 49 38.38946935626262 0.142246965553555
2.75 3 49 50 37.07372834691418 0.1386449536439092
3 3.25 0 1 1447.541413834691 1.330978087781514
3 3.25 1 2 -5116.759486566067 8.640383982455683
3 3.25 2 3 -5090.385909144994 9.704358670070203
3 3.25 3 4 -3504.143596573077 8.017704463841699
3 3.25 4 5 -2351.266763113982 6.558151046745039
3 3.25 5 6 -1587.74246052253 5.442525329597217
3 3.25 6 7 -1081.91646594585 4.590115976665661
3 3.25 7 8 -741.1326981397997 3.926961716352369
3 3.25 8 9 -506.9898542511808 3.400833960157484
3 3.25 9 10 -343.1347518455657 2.975469204721323
3 3.25 10 11 -226.6302603467129 2.626189441858808
3 3.25 11 12 -142.6647889476551 2.335437530660013
3 3.25 12 13 -81.56145172347874 2.090303441651535
3 3.25 13 14 -36.76772789439565 1.881479834588102
3 3.25 14 15 -3.792813008840994 1.701926505921306
3 3.25 15 16 20.50517888060244 1.546267344653906
3 3.25 16 17 38.36160219321869 1.410333930465592
3 3.25 17 18 51.39087927222579 1.290849550296171
3 3.25 18 19 60.77465349054637 1.185206328796996
3 3.25 19 20 67.38811702023281 1.091305301608845
3 3.25 20 21 71.88632960430709 1.007439818005397
3 3.25 21 22 74.76415862574197 0.9322092845622532
3 3.25 22 23 76.39852172788983 0.8644544930098733
3 3.25 23 24 77.07856272499532 0.8032085295878704
3 3.25 24 25 77.02747638587903 0.747659086149686
3 3.25 25 26 76.41847324031954 0.6971192193404705
3 3.25 26 27 75.38657989518532 0.6510044430313973
3 3.25 27 28 74.03744476424617 0.608814619786369
3 3.25 28 29 72.45396704621606 0.5701195255686209
3 3.25 29 30 70.70132737205864 0.5345472523898482
3 3.25 30 31 68.83083395751925 0.5017748229175598
3 3.25 31 32 66.88288330049807 0.4715205433049323
3 3.25 32 33 64.88925364287456 0.4435377317422422
3 3.25 33 34 62.87489188429981 0.4176095453640066
3 3.25 34 35 60.85931326457904 0.3935446878078689
3 3.25 35 36 58.85770310440313 0.3711738293387993
3 3.25 36 37 56.88178790998666 0.3503466059191531
3 3.25 37 38 54.9405269675201 0.3309290914270184
3 3.25 38 39 53.04066346117457 0.312801659254676
3 3.25 39 40 51.1871651079164 0.2958571652332248
3 3.25 40 41 49.3835775920478 0.2799993974585408
3 3.25 41 42 47.63230873284627 0.2651417487181751
3 3.25 42 43 45.93485755947592 0.2512060754076459
3 3.25 43 44 44.29199933167587 0.2381217132871857
3 3.25 44 45 42.70393521346227 0.2258246255657363
3 3.25 45 46 41.16951535998263 0.2143601209062979
3 3.25 46 47 39.68981067060579 0.2040694856881231
3 3.25 47 48 38.26303771246202 0.1949835611272752
3 3.25 48 49 36.88811238465095 0.187070749972051
3 3.25 49 50 35.56359870748786 0.1799388730322331
3.25 3.5 0 1 734.5205249796134 0.4590279036824438
3.25 3.5 1 2 -5291.815800530272 19.09992465220406
3.25 3.5 2 3 -4677.988055141659 15.60959950436646
3.25 3.5 3 4 -3107.592564959401 11.90202938465191
3.25 3.5 4 5 -2030.882336649677 9.332701156087479
3.25 3.5 5 6 -1337.898827424294 7.52943993186634
3.25 3.5 6 7 -887.982738673707 6.21641501440985
3.25 3.5 7 8 -589.9636239816173 5.227403077651511
3.25 3.5 8 9 -388.3914150660244 4.461154137023952
3.25 3.5 9 10 -249.4546526902143 3.85341283230012
3.25 3.5 10 11 -152.1325323835063 3.36204930028678
3.25 3.5 11 12 -83.19171314087043 2.958175960760447
3.25 3.5 12 13 -33.94241557983946 2.621669626610739
3.25 3.5 13 14 1.450924990748035 2.337910052059842
3.25 3.5 14 15 26.89310588851481 2.096162883172704
3.25 3.5 15 16 45.11083831859094 1.888345957497195
3.25 3.5 16 17 58.02770483937547 1.708273825092538
3.25 3.5 17 18 67.02139947543321 1.551139290811549
3.25 3.5 18 19 73.09190785044689 1.413154826745436
3.25 3.5 19 20 76.97363388856854 1.291299493754012
3.25 3.5 20 21 79.21151220446234 1.183137055329828
3.25 3.5 21 22 80.21353094389337 1.086683098876406
3.25 3.5 22 23 80.28752468300559 1.000306508761386
3.25 3.5 23 24 79.66730363214646 0.9226554181308021
3.25 3.5 24 25 78.53144304907244 0.8526008672971507
3.25 3.5 25 26 77.01694946400715 0.7891934477828589
3.25 3.5 26 27 75.22930467320066 0.731629590326985
3.25 3.5 27 28 73.24991814286108 0.6792250990392033
3.25 3.5 28 29 71.14170492830931 0.6313941889567475
3.25 3.5 29 30 68.95329397335331 0.5876327450351395
3.25 3.5 30 31 66.72222638647185 0.5475048497050041
3.25 3.5 31 32 64.47740239722589 0.5106318628362541
3.25 3.5 32 33 62.24096495555199 0.4766835111416199
3.25 3.5 33 34 60.02975778375523 0.4453705714489037
3.25 3.5 34 35 57.85645976520743 0.41643882752735
3.25 3.5 35 36 55.73047158747525 0.3896640506867227
3.25 3.5 36 37 53.65861161415157 0.3648478091534009
3.25 3.5 37 38 51.64566407561011 0.3418139521573702
3.25 3.5 38 39 49.69481233105856 0.3204056460229595
3.25 3.5 39 40 47.80798225550524 0.3004828647896721
3.25 3.5 40 41 45.98611511335514 0.2819202568623853
3.25 3.5 41 42 44.22938476036816 0.2646053236547099
3.25 3.5 42 43 42.53737084822922 0.2484368592831645
3.25 3.5 43 44 40.90919708618571 0.2333236087695875
3.25 3.5 44 45 39.34364165741641 0.2191831100304724
3.25 3.5 45 46 37.83841882491053 0.2060335134320384
3.25 3.5 46 47 36.39335470756862 0.1941656106369489
3.25 3.5 47 48 35.00584387631383 0.1836000978819242
3.25 3.5 48 49 33.67401198991024 0.174304372320197
3.25 3.5 49 50 32.39573890706622 0.1659177150482525
3.5 3.75 0 1 70.33271859589553 1.784743659186855
3.5 3.75 1 2 -5086.057381972276 25.61052725448162
3.5 3.75 2 3 -3999.907613002429 17.41950867724201
3.5 3.75 3 4 -2546.968719122108 12.47681164014837
3.5 3.75 4 5 -1609.717322853982 9.438975084268618
3.5 3.75 5 6 -1026.131034040097 7.427127127199549
3.5 3.75 6 7 -656.3818168653299 6.014246306048947
3.5 3.75 7 8 -416.5917368276259 4.976961949146745
3.5 3.75 8 9 -257.6438060275791 4.188880204208314
3.5 3.75 9 10 -150.3013775602865 3.573891980778308
3.5 3.75 10 11 -76.71661370453558 3.083332094319543
3.5 3.75 11 12 -25.56608374016628 2.683606314752633
3.5 3.75 12 13 9.93876105274876 2.355612081927137
3.5 3.75 13 14 34.47075721042336 2.080593614232961
3.5 3.75 14 15 51.53182507219731 1.848446942258622
3.5 3.75 15 16 63.14820928231472 1.650424831919346
3.5 3.75 16 17 70.83533409356971 1.480078595272516
3.5 3.75 17 18 75.66675649616275 1.33244269362938
3.5 3.75 18 19 78.41308040497063 1.203637269523383
3.5 3.75 19 20 79.63378407518132 1.090591017786482
3.5 3.75 20 21 79.73905048949644 0.9908441378798361
3.5 3.75 21 22 79.03210366615741 0.9024057476163528
3.5 3.75 22 23 77.73864182686344 0.8236490636507635
3.5 3.75 23 24 76.02758469053668 0.7532332364910382
3.5 3.75 24 25 74.02588272931052 0.6900442996976752
3.5 3.75 25 26 71.8292089286283 0.6331500263705214
3.5 3.75 26 27 69.50975814597217 0.5817650400974298
3.5 3.75 27 28 67.12199024967543 0.5352235795089154
3.5 3.75 28 29 64.70689544345043 0.4929580400116386
3.5 3.75 29 30 62.29518667335734 0.4544819216264805
3.5 3.75 30 31 59.90970587949201 0.4193761703445252
3.5 3.75 31 32 57.56724924940269 0.38727815577763
3.5 3.75 32 33 55.27995969672151 0.3578727151976809
3.5 3.75 33 34 53.056394632619 0.3308848287023666
3.5 3.75 34 35 50.90234848024218 0.3060735925238395
3.5 3.75 35 36 48.82148879097522 0.2832272318665829
3.5 3.75 36 37 46.81584988570296 0.2621589518986814
3.5 3.75 37 38 44.88621704499835 0.2427034686633356
3.5 3.75 38 39 43.03242619817692 0.2247140945469811
3.5 3.75 39 40 41.25359807930965 0.2080602790105075
3.5 3.75 40 41 39.54832142220518 0.1926255244132467
3.5 3.75 41 42 37.91479628697823 0.1783056129035498
3.5 3.75 42 43 36.35094618228777 0.1650070923109472
3.5 3.75 43 44 34.85450567218022 0.1526459790761074
3.5 3.75 44 45 33.42308865269337 0.1411466428463616
3.5 3.75 45 46 32.05356685291035 0.1305562867763612
3.5 3.75 46 47 30.74468675850758 0.1212696697854288
3.5 3.75 47 48 29.49329974304926 0.1133562753242999
3.5 3.75 48 49 28.2969697279249 0.1068140327470083
3.5 3.75 49 50 27.15311653830138 0.1012196062893531
3.75 4 0 1 -429.3673199513349 2.0306225845421
3.75 4 1 2 -4352.243691703027 29.88520103285985
3.75 4 2 3 -3034.752281173184 14.39471528470248
3.75 4 3 4 -1832.194461887621 8.638685691374203
3.75 4 4 5 -1106.681522989015 5.762403709303896
3.75 4 5 6 -672.9315463735979 4.092262174322537
3.75 4 6 7 -406.5637559495792 3.028317834856246
3.75 4 7 8 -238.5746861962973 2.306408617351063
3.75 4 8 9 -130.190152468195 1.793314556136462
3.75 4 9 10 -59.02550284658969 1.415970212015842
3.75 4 10 11 -11.83073161145182 1.134086416435835
3.75 4 11 12 19.66695424924842 0.9162981310805157
3.75 4 12 13 40.7145039652072 0.7319439683328756
3.75 4 13 14 54.55130748722615 0.6081725328539439
3.75 4 14 15 63.31944566335881 0.4946633429782186
3.75 4 15 16 68.67147587298746 0.4064979740276207
3.75 4 16 17 71.58163747645398 0.3353070646766034
3.75 4 17 18 72.7689738138609 0.277999733396064
3.75 4 18 19 72.74145313274369 0.2323190322536892
3.75 4 19 20 71.86169935245704 0.2127096940247385
3.75 4 20 21 70.39079074029257 0.1975748759423948
3.75 4 21 22 68.51794555228156 0.1838241571167123
3.75 4 22 23 66.38095362497444 0.1712933859673635
3.75 4 23 24 64.08043472350198 0.1598424398047004
3.75 4 24 25 61.68991368059386 0.1493510890765168
3.75 4 25 26 59.26301993895612 0.1397156693404523
3.75 4 26 27 56.83868441330068 0.1308463855572466
3.75 4 27 28 54.44492485546763 0.1282814363831013
3.75 4 28 29 52.10162554567617 0.1308888376099613
3.75 4 29 30 49.82259324813302 0.1336504403540204
3.75 4 30 31 47.61708761763458 0.1363431876978344
3.75 4 31 32 45.49096677471758 0.1388346316082332
3.75 4 32 33 43.44754894518039 0.1410519863402395
3.75 4 33 34 41.48826316213402 0.1429608224930241
3.75 4 34 35 39.61314227800338 0.1445508631724889
3.75 4 35 36 37.82119741703049 0.1458266741922383
3.75 4 36 37 36.11070283234947 0.1468016195508881
3.75 4 37 38 34.47941275748207 0.147493963315992
3.75 4 38 39 32.92472642359114 0.1479243738232635
3.75 4 39 40 31.443813421546 0.1481143432030211
3.75 4 40 41 30.03370868245612 0.1480852035176377
3.75 4 41 42 28.69138406088236 0.1478575330299882
3.75 4 42 43 27.41380191641311 0.1474508157684672
3.75 4 43 44 26.19795482884055 0.1468832664890033
3.75 4 44 45 25.04089459311124 0.1461717609149373
3.75 4 45 46 23.9392524273547 0.1454032803362801
3.75 4 46 47 22.89113594947295 0.1448389787643354
3.75 4 47 48 21.89338014091582 0.1444919778871671
3.75 4 48 49 20.94343701253398 0.1443334179890892
3.75 4 49 50 20.03869465157687 0.1441502395995221
4 5 0 1 -1207.775565656696 3.834092167099994
4 5 1 2 -4882.940836858746 10.74747409819539
4 5 2 3 -2798.102141003777 6.832790434696649
4 5 3 4 -1463.801041392141 4.840698152677545
4 5 4 5 -757.2772456087716 3.532948824215087
4 5 5 6 -377.9596321247477 2.676999166964952
4 5 6 7 -165.9577658237179 2.135167620748014
4 5 7 8 -44.11640089279103 1.7666706978378
4 5 8 9 26.91127259032965 1.49260189458058
4 5 9 10 68.25571552352972 1.277600596288482
4 5 10 11 91.74145311603377 1.108121205212077
4 5 11 12 104.278526299942 0.9727797595887131
4 5 12 13 110.008380762205 0.8595931275639834
4 5 13 14 111.4589808745743 0.7627133692409584
4 5 14 15 110.2174415526286 0.6808228104213331
4 5 15 16 107.307651662299 0.6115968583919565
4 5 16 17 103.3996132541285 0.5521120891657417
4 5 17 18 98.93128042208434 0.4999898461826089
4 5 18 19 94.18873166810442 0.4539014062377308
4 5 19 20 89.35953441812899 0.4131266659630144
4 5 20 21 84.56675023058074 0.3770556837285567
4 5 21 22 79.89011042424957 0.3450369779623473
4 5 22 23 75.3796069439889 0.316444697571494
4 5 23 24 71.06471615629761 0.2907591854842106
4 5 24 25 66.96088281922761 0.267583348484419
4 5 25 26 63.07408569966239 0.2466134245803618
4 5 26 27 59.40400402609117 0.2276021845783289
4 5 27 28 55.94618464690188 0.2103347767496331
4 5 28 29 52.69352173367622 0.1946187548804431
4 5 29 30 49.63727451640159 0.1802821123800071
4 5 30 31 46.76777432152412 0.1671734894793747
4 5 31 32 44.07491822649898 0.1551616346123843
4 5 32 33 41.54851214360043 0.1441335686292687
4 5 33 34 39.1785054913821 0.1339919706650492
4 5 34 35 36.95514721360134 0.1246524620988241
4 5 35 36 34.86908492704313 0.1160412251434575
4 5 36 37 32.9114233864194 0.1080931174870799
4 5 37 38 31.07375426840881 0.1007502572617659
4 5 38 39 29.34816605971946 0.0939609753963922
4 5 39 40 27.72724038903229 0.08767902199555963
4 5 40 41 26.20403937548912 0.08186293526716255
4 5 41 42 24.77208717474574 0.07647551421782252
4 5 42 43 23.4253479988752 0.07148335811955323
4 5 43 44 22.15820222264789 0.06685645633536645
4 5 44 45 20.96542165256523 0.06256781759583141
4 5 45 46 19.84164850184267 0.05904009055607373
4 5 46 47 18.78301331540414 0.05787649914747706
4 5 47 48 17.78486031903976 0.05930119693660492
4 5 48 49 16.84333003569168 0.06325560861877653
4 5 49 50 15.95443568685383 0.06754870470155357
-5 5 0 50 -549386.2475053186 98.0349541301577
