#ylo yhi qTlo qThi PDF0  uncertainty
-5 -4 0 1 -1176.705471070695 3.861089256805256
-5 -4 1 2 -4851.741815871447 10.86813675354427
-5 -4 2 3 -2793.80540005349 6.910743593846219
-5 -4 3 4 -1473.274791357268 4.860834856381324
-5 -4 4 5 -770.0307975099395 3.547763911691217
-5 -4 5 6 -389.6620337305217 2.704431166623952
-5 -4 6 7 -175.6534725614347 2.164845485957777
-5 -4 7 8 -51.86216955149575 1.793063467679252
-5 -4 8 9 20.80354735962896 1.515386411681231
-5 -4 9 10 63.46487651526593 1.296924104863166
-5 -4 10 11 87.99119732821828 1.124955077285405
-5 -4 11 12 101.3454632812296 0.9871257286650671
-5 -4 12 13 107.7158167761697 0.8727568017090168
-5 -4 13 14 109.6793123013409 0.7723129913362423
-5 -4 14 15 108.8381509426032 0.6900250393062343
-5 -4 15 16 106.2493921846524 0.6195632684474838
-5 -4 16 17 102.5984367630409 0.5590235988707936
-5 -4 17 18 98.33684554375208 0.5060029565766924
-5 -4 18 19 93.76117573914325 0.459149551080425
-5 -4 19 20 89.06709917175317 0.4177206027815857
-5 -4 20 21 84.38397659879377 0.3810869671716341
-5 -4 21 22 79.79646703646958 0.3485825747785183
-5 -4 22 23 75.35844558057201 0.3195704461161109
-5 -4 23 24 71.1024707636129 0.2935217269700858
-5 -4 24 25 67.04644979297873 0.2700312424406379
-5 -4 25 26 63.19834035390286 0.2487881050440763
-5 -4 26 27 59.55942069835947 0.2295389767448098
-5 -4 27 28 56.1265365059119 0.2120639118478506
-5 -4 28 29 52.89364229464255 0.1961662679073624
-5 -4 29 30 49.85286714668679 0.1816705665883368
-5 -4 30 31 46.9952592170244 0.1684225360156754
-5 -4 31 32 44.31130878814572 0.1562884456665929
-5 -4 32 33 41.79131455438554 0.1451531841999447
-5 -4 33 34 39.42563671642618 0.1349175876548799
-5 -4 34 35 37.20486772413857 0.1254956824637664
-5 -4 35 36 35.11994326035055 0.1168122710244956
-5 -4 36 37 33.16221027398463 0.1088010178362432
-5 -4 37 38 31.3234645362509 0.1014030081402118
-5 -4 38 39 29.59596687138681 0.0945656770719327
-5 -4 39 40 27.97244468646706 0.08824199509843207
-5 -4 40 41 26.44608359713015 0.08238981878269565
-5 -4 41 42 25.01051250652439 0.07697134889486612
-5 -4 42 43 23.659784554647 0.0719526563777023
-5 -4 43 44 22.38835566196579 0.06730326148013793
-5 -4 44 45 21.1910618339181 0.06299575383060305
-5 -4 45 46 20.06259884320126 0.0594596300682174
-5 -4 46 47 18.99914177985022 0.05832697788721274
-5 -4 47 48 17.99607359502244 0.05967930645390205
-5 -4 48 49 17.04956834955726 0.06375794976046759
-5 -4 49 50 16.15566428699153 0.06820470960620459
-4 -3.75 0 1 -409.1921580738298 2.079441006289567
-4 -3.75 1 2 -4343.861080376289 29.93523273718754
-4 -3.75 2 3 -3041.665029842971 14.39113362357156
-4 -3.75 3 4 -1844.086142862515 8.626316853827712
-4 -3.75 4 5 -1118.548800229113 5.748717659571462
-4 -3.75 5 6 -682.9370002837275 4.078892216352686
-4 -3.75 6 7 -414.5199451005444 3.015687612033376
-4 -3.75 7 8 -244.7548626543892 2.294615183010388
-4 -3.75 8 9 -134.9943664982159 1.782556010974714
-4 -3.75 9 10 -62.80236546061587 1.406424819514254
-4 -3.75 10 11 -14.74297249967753 1.123003934977596
-4 -3.75 11 12 17.70998536526918 0.9042387543121992
-4 -3.75 12 13 39.2797091705329 0.7318653140640552
-4 -3.75 13 14 53.28316802181894 0.5966323743166211
-4 -3.75 14 15 62.41999561549051 0.4878304954169783
-4 -3.75 15 16 68.0171465030528 0.4002444894338603
-4 -3.75 16 17 71.12050338473682 0.3296365988878838
-4 -3.75 17 18 72.46063272309783 0.2729345869291174
-4 -3.75 18 19 72.55426419764569 0.2293097159088117
-4 -3.75 19 20 71.77072699989372 0.2124830494721234
-4 -3.75 20 21 70.37626630730682 0.1972581893923212
-4 -3.75 21 22 68.5641094309421 0.1834367548075673
-4 -3.75 22 23 66.47517808682255 0.1708507057861026
-4 -3.75 23 24 64.21255485875281 0.1593568862305453
-4 -3.75 24 25 61.85171356936007 0.1488326801995592
-4 -3.75 25 26 59.44783534936383 0.1391725307858141
-4 -3.75 26 27 57.04109355037465 0.1302851316158992
-4 -3.75 27 28 54.66050608381232 0.1295888289795172
-4 -3.75 28 29 52.32676639216766 0.1323821565214024
-4 -3.75 29 30 50.05433892344234 0.1352635900795775
-4 -3.75 30 31 47.85302018645319 0.1380277488429966
-4 -3.75 31 32 45.7291082432545 0.1405555844881796
-4 -3.75 32 33 43.68628312468789 0.1427841758270269
-4 -3.75 33 34 41.72627235877513 0.1446862652318282
-4 -3.75 34 35 39.84935575537465 0.1462567723198439
-4 -3.75 35 36 38.05474925786538 0.1475040337768185
-4 -3.75 36 37 36.34089734249783 0.1484441603214021
-4 -3.75 37 38 34.70569595372552 0.1490974260896827
-4 -3.75 38 39 33.14666244990362 0.1494859768948353
-4 -3.75 39 40 31.66106497894604 0.1496323949727646
-4 -3.75 40 41 30.24602073886442 0.1495588186270313
-4 -3.75 41 42 28.89857025368495 0.1492864228569882
-4 -3.75 42 43 27.61573317453315 0.1488351326016574
-4 -3.75 43 44 26.3945498297017 0.1482234871430363
-4 -3.75 44 45 25.23211174306057 0.1474685990759125
-4 -3.75 45 46 24.12508088027963 0.1466564158837608
-4 -3.75 46 47 23.07159537886864 0.1460443623982745
-4 -3.75 47 48 22.06851059756967 0.1456470413045029
-4 -3.75 48 49 21.11329702344298 0.1454384251363317
-4 -3.75 49 50 20.2033565617999 0.1452095290596043
-3.75 -3.5 0 1 93.97256737730459 1.818201553821209
-3.75 -3.5 1 2 -5085.613448378729 25.90058989165772
-3.75 -3.5 2 3 -4016.854990045465 17.59063578665227
-3.75 -3.5 3 4 -2565.994909635982 12.59099008943376
-3.75 -3.5 4 5 -1626.475262493943 9.521055652371446
-3.75 -3.5 5 6 -1039.531484725663 7.488914964671065
-3.75 -3.5 6 7 -666.7221419468083 6.062241416654172
-3.75 -3.5 7 8 -424.4600292472924 5.015090687512964
-3.75 -3.5 8 9 -263.5877966096921 4.219793288749835
-3.75 -3.5 9 10 -154.763709300533 3.599007987418176
-3.75 -3.5 10 11 -79.97313359250711 3.103890020087344
-3.75 -3.5 11 12 -28.14692386182151 2.701736228787193
-3.75 -3.5 12 13 7.901994297980082 2.370045755048961
-3.75 -3.5 13 14 33.07909244611812 2.092976430443106
-3.75 -3.5 14 15 50.5267883613526 1.858940362634691
-3.75 -3.5 15 16 62.44374711210901 1.659339711258949
-3.75 -3.5 16 17 70.36545368885197 1.48766349280384
-3.75 -3.5 17 18 75.38049453660005 1.338898752016153
-3.75 -3.5 18 19 78.27081277477714 1.209128996265257
-3.75 -3.5 19 20 79.60450448769427 1.095254236237416
-3.75 -3.5 20 21 79.79835049236544 0.9947919437091034
-3.75 -3.5 21 22 79.16066270840975 0.9057330342839739
-3.75 -3.5 22 23 77.92109043955332 0.8264360047585508
-3.75 -3.5 23 24 76.25164238326465 0.7555479964908242
-3.75 -3.5 24 25 74.2816995409645 0.6919451662309968
-3.75 -3.5 25 26 72.10885900209905 0.6346871039494494
-3.75 -3.5 26 27 69.80684757485022 0.582981607345511
-3.75 -3.5 27 28 67.43135141104079 0.5361571855904125
-3.75 -3.5 28 29 65.02434722913779 0.4936413973024967
-3.75 -3.5 29 30 62.61734526431712 0.4549436374269591
-3.75 -3.5 30 31 60.23383453596921 0.4196413506919419
-3.75 -3.5 31 32 57.89113840784952 0.3873689068252372
-3.75 -3.5 32 33 55.60183075023892 0.3578085618169263
-3.75 -3.5 33 34 53.37482233000694 0.3306830658985463
-3.75 -3.5 34 35 51.21619804385801 0.3057495821797133
-3.75 -3.5 35 36 49.12986473497466 0.2827946542521687
-3.75 -3.5 36 37 47.11805418523667 0.2616300199709944
-3.75 -3.5 37 38 45.18171481523379 0.2420891116218792
-3.75 -3.5 38 39 43.32081743477502 0.2240241156291112
-3.75 -3.5 39 40 41.53459431402888 0.2073034917565163
-3.75 -3.5 40 41 39.82172638120527 0.1918098709856812
-3.75 -3.5 41 42 38.18048982335756 0.1774382672827606
-3.75 -3.5 42 43 36.60887089552986 0.164094550793649
-3.75 -3.5 43 44 35.10465574424892 0.1516941400145097
-3.75 -3.5 44 45 33.66550051451628 0.1401608776414569
-3.75 -3.5 45 46 32.28830728204873 0.1295435493116439
-3.75 -3.5 46 47 30.97185714862319 0.1202453485186872
-3.75 -3.5 47 48 29.71301993544382 0.1123399245232656
-3.75 -3.5 48 49 28.50937743048813 0.1058287311142527
-3.75 -3.5 49 50 27.35836206164041 0.1002825099016256
-3.5 -3.25 0 1 763.0199559467422 0.4691877053998441
-3.5 -3.25 1 2 -5295.782662031736 19.47150579579152
-3.5 -3.25 2 3 -4704.886786791394 15.86874849269206
-3.5 -3.25 3 4 -3134.363595744633 12.08837482105116
-3.5 -3.25 4 5 -2053.14985524481 9.473655099585278
-3.5 -3.25 5 6 -1355.205406734379 7.640095289970676
-3.5 -3.25 6 7 -901.1129356214733 6.305691871626033
-3.5 -3.25 7 8 -599.8417046522877 5.300943669340563
-3.5 -3.25 8 9 -395.7968928001449 4.52271307450957
-3.5 -3.25 9 10 -254.9873850360407 3.905606948428337
-3.5 -3.25 10 11 -156.3112948292787 3.406828111211792
-3.5 -3.25 11 12 -86.32533139808629 2.996948656612133
-3.5 -3.25 12 13 -36.24173879750606 2.655423699906168
-3.5 -3.25 13 14 -0.2311695009655068 2.367514715116852
-3.5 -3.25 14 15 25.68648590426142 2.122270472009213
-3.5 -3.25 15 16 44.27232035629004 1.911478431070258
-3.5 -3.25 16 17 57.47533168131997 1.728854278814711
-3.5 -3.25 17 18 66.69214322443986 1.569514632579579
-3.5 -3.25 18 19 72.93695093937595 1.429612406474482
-3.5 -3.25 19 20 76.95491122008275 1.3060795058647
-3.5 -3.25 20 21 79.29915807590021 1.196441929021152
-3.5 -3.25 21 22 80.38397940312075 1.098684704664188
-3.5 -3.25 22 23 80.5220851873338 1.011151757204336
-3.5 -3.25 23 24 79.95108500336153 0.9324706581467135
-3.5 -3.25 24 25 78.85253454485377 0.8614953767493675
-3.5 -3.25 25 26 77.36579305041596 0.797262229584225
-3.5 -3.25 26 27 75.59821050026648 0.7389556314209755
-3.5 -3.25 27 28 73.63268803339702 0.6858812102039138
-3.5 -3.25 28 29 71.53333789622206 0.6374445137340669
-3.5 -3.25 29 30 69.34975445662963 0.5931340063003374
-3.5 -3.25 30 31 67.1202607419205 0.5525073856837547
-3.5 -3.25 31 32 64.87439277154357 0.5151804932455969
-3.5 -3.25 32 33 62.63481228254335 0.4808182654115007
-3.5 -3.25 33 34 60.41878761396899 0.4491273042361318
-3.5 -3.25 34 35 58.23934610037821 0.419849741296183
-3.5 -3.25 35 36 56.10617499389608 0.392758141551484
-3.5 -3.25 36 37 54.0263287190792 0.3676512490080643
-3.5 -3.25 37 38 52.00478618970919 0.3443504171449334
-3.5 -3.25 38 39 50.04489142195968 0.322696600541021
-3.5 -3.25 39 40 48.14870287168543 0.3025478074090708
-3.5 -3.25 40 41 46.31727114727289 0.283776934338068
-3.5 -3.25 41 42 44.55086016458912 0.2662699176678572
-3.5 -3.25 42 43 42.8491235923066 0.2499241499295188
-3.5 -3.25 43 44 41.2112457829958 0.2346471180796486
-3.5 -3.25 44 45 39.63605439418211 0.2203552284051404
-3.5 -3.25 45 46 38.12129794002871 0.2070671893151921
-3.5 -3.25 46 47 36.66684513175052 0.1950792093227675
-3.5 -3.25 47 48 35.27011055833978 0.1844131369671849
-3.5 -3.25 48 49 33.92924022408684 0.1750366677053811
-3.5 -3.25 49 50 32.64212811275478 0.1665836176943358
-3.25 -3 0 1 1481.989707598029 1.327218778873398
-3.25 -3 1 2 -5119.658541129887 8.879502101273806
-3.25 -3 2 3 -5124.321215375785 9.921299715416245
-3.25 -3 3 4 -3537.160151270507 8.18897847859118
-3.25 -3 4 5 -2378.260843960453 6.695465796332246
-3.25 -3 5 6 -1608.559461338631 5.555179664810888
-3.25 -3 6 7 -1097.66035200251 4.684386981877111
-3.25 -3 7 8 -752.9725139648726 4.007207450634104
-3.25 -3 8 9 -515.8848042890481 3.469925987973828
-3.25 -3 9 10 -349.8320752712339 3.035716695259905
-3.25 -3 10 11 -231.6762279920276 2.679418700617733
-3.25 -3 11 12 -146.4466656677162 2.382512122096925
-3.25 -3 12 13 -84.38742399511921 2.132340170183864
-3.25 -3 13 14 -38.86088935629573 1.919238641318938
-3.25 -3 14 15 -5.320682406720152 1.736017219276562
-3.25 -3 15 16 19.4157969656469 1.577185886425706
-3.25 -3 16 17 37.61394745554958 1.43848836093196
-3.25 -3 17 18 50.91054037717242 1.316579163903213
-3.25 -3 18 19 60.50398049783325 1.208795895034563
-3.25 -3 19 20 67.28213313606489 1.112995848483326
-3.25 -3 20 21 71.9097162320744 1.027436910592578
-3.25 -3 21 22 74.88901433158333 0.9506894602830673
-3.25 -3 22 23 76.60268348416071 0.8815703205873828
-3.25 -3 23 24 77.34433876605397 0.8190926280655538
-3.25 -3 24 25 77.34068264170219 0.7624273474414334
-3.25 -3 25 26 76.76769530916727 0.7108734155715579
-3.25 -3 26 27 75.76260378066439 0.663834352574461
-3.25 -3 27 28 74.43281477707291 0.6207997742240737
-3.25 -3 28 29 72.86264018434969 0.581330654963284
-3.25 -3 29 30 71.11840138631646 0.5450474888270791
-3.25 -3 30 31 69.25233206700244 0.5116207087068431
-3.25 -3 31 32 67.3055827385636 0.4807628802713185
-3.25 -3 32 33 65.31054832961888 0.4522223006248017
-3.25 -3 33 34 63.292681834245 0.4257777180727804
-3.25 -3 34 35 61.2719150626815 0.4012339508413824
-3.25 -3 35 36 59.26377708475343 0.3784182334954
-3.25 -3 36 37 57.28027864866166 0.3571771539346835
-3.25 -3 37 38 55.33061444740977 0.337374073814819
-3.25 -3 38 39 53.42172283786749 0.3188869459492726
-3.25 -3 39 40 51.55873344012173 0.3016064600418632
-3.25 -3 40 41 49.74532624095772 0.2854344606386551
-3.25 -3 41 42 47.98402039574927 0.2702825924285374
-3.25 -3 42 43 46.27640710847623 0.256071135699167
-3.25 -3 43 44 44.62333779091165 0.2427280020198215
-3.25 -3 44 45 43.02507633278742 0.2301878649257555
-3.25 -3 45 46 41.48051716600258 0.218495769278405
-3.25 -3 46 47 39.99078605018121 0.2079954405976854
-3.25 -3 47 48 38.55412653791785 0.1987174155725017
-3.25 -3 48 49 37.16948189919695 0.1906291594212716
-3.25 -3 49 50 35.83543613947192 0.1833347873058073
-3 -2.75 0 1 2167.135470028252 2.327394225451798
-3 -2.75 1 2 -4749.22302453782 3.509046021138949
-3 -2.75 2 3 -5355.483291409751 5.676320904947214
-3 -2.75 3 4 -3806.552693801492 4.986696739353112
-3 -2.75 4 5 -2611.608267075672 4.20165361416368
-3 -2.75 5 6 -1798.835768521577 3.553816790072762
-3 -2.75 6 7 -1250.654694657621 3.039195632255668
-3 -2.75 7 8 -875.9586448241876 2.628854997416127
-3 -2.75 8 9 -615.2011411622761 2.297406255120266
-3 -2.75 9 10 -430.4842546462457 2.025286796624854
-3 -2.75 10 11 -297.5394048407538 1.800476927208328
-3 -2.75 11 12 -200.5500202794838 1.610533881784882
-3 -2.75 12 13 -129.0341091644455 1.449418290368949
-3 -2.75 13 14 -75.85192815728851 1.311192706688099
-3 -2.75 14 15 -36.06844297110069 1.191589721818147
-3 -2.75 15 16 -6.205754291005405 1.08731125648592
-3 -2.75 16 17 16.22767812974917 0.9957738897289653
-3 -2.75 17 18 33.04331161058894 0.9149288111920022
-3 -2.75 18 19 45.57567714247557 0.8431326717759987
-3 -2.75 19 20 54.81962697380118 0.7790536039185988
-3 -2.75 20 21 61.52465125525771 0.7216018860370415
-3 -2.75 21 22 66.26072207432878 0.6698781214206089
-3 -2.75 22 23 69.4649316020417 0.6231340329265804
-3 -2.75 23 24 71.47496898841712 0.5807424656351883
-3 -2.75 24 25 72.55344552271163 0.5421741908391146
-3 -2.75 25 26 72.90576922049797 0.5069797930644672
-3 -2.75 26 27 72.69341555830556 0.4747753958083041
-3 -2.75 27 28 72.04387402412965 0.4452313164218948
-3 -2.75 28 29 71.05816866405786 0.4180629770714853
-3 -2.75 29 30 69.81659032316446 0.3930235683608551
-3 -2.75 30 31 68.38309852206334 0.3698980867122451
-3 -2.75 31 32 66.80872507046786 0.3484984555836302
-3 -2.75 32 33 65.1342226113843 0.3286595099985222
-3 -2.75 33 34 63.3921377897675 0.3102356715289213
-3 -2.75 34 35 61.60844291683748 0.2930981801917581
-3 -2.75 35 36 59.80382665561524 0.277132778627965
-3 -2.75 36 37 57.99471974152647 0.2622377642399386
-3 -2.75 37 38 56.19411367411084 0.2483223440600739
-3 -2.75 38 39 54.41221675814276 0.235305239102909
-3 -2.75 39 40 52.65698170220017 0.2231134948534183
-3 -2.75 40 41 50.93453142316824 0.2116814644793722
-3 -2.75 41 42 49.24950364032247 0.2009499352482952
-3 -2.75 42 43 47.60533060299699 0.1908653764743593
-3 -2.75 43 44 46.00446669541614 0.1813792888538673
-3 -2.75 44 45 44.44857403456444 0.1724476403748512
-3 -2.75 45 46 42.93770550410898 0.1641846968867812
-3 -2.75 46 47 41.47418296989295 0.1571402643498286
-3 -2.75 47 48 40.05712240079998 0.151391697667109
-3 -2.75 48 49 38.6862881766485 0.1469119851401443
-3 -2.75 49 50 37.36098741013646 0.1431365357133157
-2.75 -2.5 0 1 2790.179953680027 2.773287671797639
-2.75 -2.5 1 2 -4307.679266793426 1.107666063146894
-2.75 -2.5 2 3 -5471.691798158128 2.352306302631098
-2.75 -2.5 3 4 -3984.08032945932 2.437320988481517
-2.75 -2.5 4 5 -2776.551707050039 2.20745272235609
-2.75 -2.5 5 6 -1938.785095280346 1.952803410986397
-2.75 -2.5 6 7 -1366.521208473367 1.724913411573086
-2.75 -2.5 7 8 -971.3849183116608 1.529851634702933
-2.75 -2.5 8 9 -693.9247236592937 1.364864433104177
-2.75 -2.5 9 10 -495.7148635303074 1.224751314020546
-2.75 -2.5 10 11 -351.8251117754626 1.104780280704542
-2.75 -2.5 11 12 -245.982712188076 1.001653352746057
-2.75 -2.5 12 13 -167.2340927434311 0.9122622561703532
-2.75 -2.5 13 14 -108.1123750188087 0.8342394785082756
-2.75 -2.5 14 15 -63.42078795750285 0.7656983697840348
-2.75 -2.5 15 16 -29.47789690423019 0.7051273322717321
-2.75 -2.5 16 17 -3.633273156745872 0.6513065277010474
-2.75 -2.5 17 18 16.04930181389773 0.603243837173965
-2.75 -2.5 18 19 31.00297993018535 0.5601259588721548
-2.75 -2.5 19 20 42.30111378656818 0.5212810337465993
-2.75 -2.5 20 21 50.75610957881077 0.4861499503986251
-2.75 -2.5 21 22 56.98870177768481 0.4542641722408818
-2.75 -2.5 22 23 61.47720011620754 0.4252284801830429
-2.75 -2.5 23 24 64.59296326645131 0.3987074396432082
-2.75 -2.5 24 25 66.62626290540027 0.3744147073828885
-2.75 -2.5 25 26 67.8053526344487 0.3521045194022374
-2.75 -2.5 26 27 68.31067202501561 0.3315648664937823
-2.75 -2.5 27 28 68.28552739441841 0.3126119848740667
-2.75 -2.5 28 29 67.84419367525328 0.2950858784338525
-2.75 -2.5 29 30 67.07810974079962 0.278846657923523
-2.75 -2.5 30 31 66.06065133533457 0.2637715285432451
-2.75 -2.5 31 32 64.85083364792217 0.2497522977901074
-2.75 -2.5 32 33 63.49620199409685 0.2366933029756702
-2.75 -2.5 33 34 62.03510208239993 0.2245096773342343
-2.75 -2.5 34 35 60.49847286981446 0.2131258947266332
-2.75 -2.5 35 36 58.91126966878852 0.2024745399362201
-2.75 -2.5 36 37 57.29359911526745 0.1924952672177267
-2.75 -2.5 37 38 55.66162836121953 0.1831339132302244
-2.75 -2.5 38 39 54.0283163713388 0.1743417389437674
-2.75 -2.5 39 40 52.40400433675313 0.1660747794398287
-2.75 -2.5 40 41 50.79689409235914 0.1582932841204475
-2.75 -2.5 41 42 49.2134369284546 0.1509612326759132
-2.75 -2.5 42 43 47.65865060219932 0.1440459161340324
-2.75 -2.5 43 44 46.13637847412539 0.1375175721493476
-2.75 -2.5 44 45 44.64950185646691 0.1313490670084687
-2.75 -2.5 45 46 43.19910048608736 0.1257350032532881
-2.75 -2.5 46 47 41.78853023009114 0.1214789157965513
-2.75 -2.5 47 48 40.41769445244927 0.1186927985428048
-2.75 -2.5 48 49 39.08709328475786 0.1173225638339946
-2.75 -2.5 49 50 37.79668607032141 0.1165707026098529
-2.5 -2.25 0 1 3347.94602709172 2.05015251579192
-2.5 -2.25 1 2 -3869.957111531938 0.9651543272253197
-2.5 -2.25 2 3 -5532.606162804842 1.705586550131692
-2.5 -2.25 3 4 -4108.554643278173 1.57130045266844
-2.5 -2.25 4 5 -2897.912852458047 1.38451193121909
-2.5 -2.25 5 6 -2044.311711748252 1.23356441656226
-2.5 -2.25 6 7 -1455.436211623341 1.116749897750119
-2.5 -2.25 7 8 -1045.680348445766 1.009443067776883
-2.5 -2.25 8 9 -756.0005091153625 0.9146863921459372
-2.5 -2.25 9 10 -547.7455704397544 0.8314628871026415
-2.5 -2.25 10 11 -395.6165917041849 0.7579966253842834
-2.5 -2.25 11 12 -283.0145556452435 0.6935800748418742
-2.5 -2.25 12 13 -198.6942605589852 0.6367240346329947
-2.5 -2.25 13 14 -134.9565034443219 0.5863297500567523
-2.5 -2.25 14 15 -86.41990258635724 0.5414682969904455
-2.5 -2.25 15 16 -49.25704244327903 0.5013611928851671
-2.5 -2.25 16 17 -20.70195524652308 0.4653573141023548
-2.5 -2.25 17 18 1.273367252712433 0.4329112588398665
-2.5 -2.25 18 19 18.17537446372489 0.4035646920461262
-2.5 -2.25 19 20 31.13628615604227 0.3769308357591432
-2.5 -2.25 20 21 41.01606639467866 0.3526817896767389
-2.5 -2.25 21 22 48.47409640506123 0.3305382392105741
-2.5 -2.25 22 23 54.02027004458034 0.3102611184644789
-2.5 -2.25 23 24 58.05189896204752 0.2916448509875179
-2.5 -2.25 24 25 60.8806913817715 0.274511855668343
-2.5 -2.25 25 26 62.75269419750089 0.2587080653315048
-2.5 -2.25 26 27 63.86318510423769 0.2440992551357033
-2.5 -2.25 27 28 64.36789882271103 0.2305680220810317
-2.5 -2.25 28 29 64.39156384776936 0.2180112879363703
-2.5 -2.25 29 30 64.03444642842345 0.2063382258599496
-2.5 -2.25 30 31 63.37740451271696 0.1954685303679705
-2.5 -2.25 31 32 62.48581797028419 0.1853309675217579
-2.5 -2.25 32 33 61.41266458874111 0.1758621552188372
-2.5 -2.25 33 34 60.20094188456051 0.1670055314266803
-2.5 -2.25 34 35 58.88558443522453 0.1587104791451417
-2.5 -2.25 35 36 57.49498965476033 0.1509315805113684
-2.5 -2.25 36 37 56.05223778434168 0.1436279793501316
-2.5 -2.25 37 38 54.57607175720722 0.1367628334717814
-2.5 -2.25 38 39 53.08168746063757 0.1303028433480788
-2.5 -2.25 39 40 51.58137351087265 0.1242178451116535
-2.5 -2.25 40 41 50.0850311385222 0.1184804564852902
-2.5 -2.25 41 42 48.60059793811601 0.1130657708850295
-2.5 -2.25 42 43 47.13439441975206 0.107951088857884
-2.5 -2.25 43 44 45.69140818266021 0.1031156839262021
-2.5 -2.25 44 45 44.27552755382897 0.09854059771712327
-2.5 -2.25 45 46 42.888683695054 0.0945225949813084
-2.5 -2.25 46 47 41.53508732254537 0.0922217129147291
-2.5 -2.25 47 48 40.21529893574552 0.09177470672485034
-2.5 -2.25 48 49 38.93043327444659 0.09304338937257443
-2.5 -2.25 49 50 37.68099550009742 0.09487538862677393
-2.25 -2 0 1 3854.193880765917 1.181193949153784
-2.25 -2 1 2 -3457.414474188374 0.8872270223698552
-2.25 -2 2 3 -5573.751403029269 1.682949762929253
-2.25 -2 3 4 -4210.869125533624 1.557389270042276
-2.25 -2 4 5 -2999.292273318913 1.371959706679076
-2.25 -2 5 6 -2132.492785753524 1.207290822743235
-2.25 -2 6 7 -1529.469706681787 1.06927470666518
-2.25 -2 7 8 -1107.250388216165 0.9534975540343756
-2.25 -2 8 9 -807.1895059179451 0.856277876529326
-2.25 -2 9 10 -590.4396042828585 0.7735711649127327
-2.25 -2 10 11 -431.3697796401843 0.7019221774172065
-2.25 -2 11 12 -313.098855045492 0.6399894545963654
-2.25 -2 12 13 -224.1246486319014 0.5858472902995088
-2.25 -2 13 14 -156.5460041173251 0.5381887312608192
-2.25 -2 14 15 -104.8220210578349 0.4959776536013151
-2.25 -2 15 16 -64.99977785069382 0.4583832326505888
-2.25 -2 16 17 -34.21438961966987 0.4247321692398881
-2.25 -2 17 18 -10.35954113209641 0.3944734829510116
-2.25 -2 18 19 8.133559450186567 0.3671522449110519
-2.25 -2 19 20 22.44706909943397 0.3423897418431479
-2.25 -2 20 21 33.48120057870426 0.3198683180423397
-2.25 -2 21 22 41.92797176127624 0.2993196730774883
-2.25 -2 22 23 48.32389472971624 0.2805157283154582
-2.25 -2 23 24 53.08811074841117 0.263261437514602
-2.25 -2 24 25 56.55032398675087 0.2473890758118855
-2.25 -2 25 26 58.97148987476248 0.2327536664698752
-2.25 -2 26 27 60.55929415720823 0.2192292911711227
-2.25 -2 27 28 61.47984360429564 0.2067060918001412
-2.25 -2 28 29 61.8665725632585 0.1950878176096468
-2.25 -2 29 30 61.82708304246876 0.1842898056667759
-2.25 -2 30 31 61.44843704288684 0.1742373092987469
-2.25 -2 31 32 60.80127968960403 0.1648641049218664
-2.25 -2 32 33 59.94307209775951 0.1561113266298258
-2.25 -2 33 34 58.92064133383013 0.1479264855866591
-2.25 -2 34 35 57.77220289989208 0.1402626400795284
-2.25 -2 35 36 56.5289731452271 0.133077692803956
-2.25 -2 36 37 55.21646091942858 0.126333789434499
-2.25 -2 37 38 53.85550693949943 0.1199968057602024
-2.25 -2 38 39 52.46312363171427 0.114035905509339
-2.25 -2 39 40 51.05317635940031 0.1084231603361613
-2.25 -2 40 41 49.63693808470532 0.1031332192480374
-2.25 -2 41 42 48.22354237760027 0.0981430236784409
-2.25 -2 42 43 46.82035466529885 0.0934315576311805
-2.25 -2 43 44 45.43327731266339 0.08897963054825046
-2.25 -2 44 45 44.06700100366814 0.0847696866741724
-2.25 -2 45 46 42.72412830061131 0.08145129407281559
-2.25 -2 46 47 41.40955482180695 0.08145000751987634
-2.25 -2 47 48 40.12435436285202 0.08482968344921761
-2.25 -2 48 49 38.87012450059544 0.0909611431368218
-2.25 -2 49 50 37.64779666336312 0.09744187594064546
-2 -1.75 0 1 4319.433099397867 1.082342707263942
-2 -1.75 1 2 -3065.646293508132 2.406102477540398
-2 -1.75 2 3 -5584.918315478683 2.758667584410358
-2 -1.75 3 4 -4280.567195469825 2.332744256847266
-2 -1.75 4 5 -3074.073011204926 1.953071358258335
-2 -1.75 5 6 -2200.675942533516 1.657183476054296
-2 -1.75 6 7 -1588.900114205278 1.42682242554874
-2 -1.75 7 8 -1158.298025034173 1.24441254677911
-2 -1.75 8 9 -850.8751905691142 1.096217211256873
-2 -1.75 9 10 -627.8534014748129 0.9753145477253746
-2 -1.75 10 11 -463.4903215660411 0.8736277127776318
-2 -1.75 11 12 -340.7779697294059 0.7876910678189775
-2 -1.75 12 13 -248.0711583508337 0.7141051990710318
-2 -1.75 13 14 -177.3473327802767 0.650477020274687
-2 -1.75 14 15 -122.9636826105457 0.5949897222259558
-2 -1.75 15 16 -80.88338219729712 0.5462399446245688
-2 -1.75 16 17 -48.17301562985131 0.5031268170764707
-2 -1.75 17 18 -22.67041334710984 0.4647747786040263
-2 -1.75 18 19 -2.761217570500776 0.4304788374792993
-2 -1.75 19 20 12.77399953086683 0.3996650378651294
-2 -1.75 20 21 24.86604455336783 0.3718614323384935
-2 -1.75 21 22 34.23214857227777 0.3466764424412014
-2 -1.75 22 23 41.42968933698751 0.3237825027288448
-2 -1.75 23 24 46.89514856694007 0.3029035425339945
-2 -1.75 24 25 50.97270110034003 0.2838052932310458
-2 -1.75 25 26 53.9354270689837 0.2662877042335376
-2 -1.75 26 27 56.00121107103212 0.2501789505038768
-2 -1.75 27 28 57.34477116669348 0.2353306560378435
-2 -1.75 28 29 58.10683895023169 0.2216140534214875
-2 -1.75 29 30 58.40122172263671 0.2089168733033611
-2 -1.75 30 31 58.32027590445284 0.1971408062780423
-2 -1.75 31 32 57.93917841879937 0.1861994183924092
-2 -1.75 32 33 57.31928141181248 0.176016427934134
-2 -1.75 33 34 56.51076276228395 0.1665242727924808
-2 -1.75 34 35 55.55473183538624 0.157662913273433
-2 -1.75 35 36 54.48491110863228 0.1493788254417803
-2 -1.75 36 37 53.32898554863323 0.1416241516774541
-2 -1.75 37 38 52.10969028418509 0.1343559795825965
-2 -1.75 38 39 50.84569099875853 0.1275357282556344
-2 -1.75 39 40 49.55229930520471 0.1211286226254654
-2 -1.75 40 41 48.24205624977606 0.1151032424342615
-2 -1.75 41 42 46.92520974808781 0.1094311338336938
-2 -1.75 42 43 45.61010658659882 0.1040864718375194
-2 -1.75 43 44 44.30351517403136 0.09904576986664956
-2 -1.75 44 45 43.01089201431662 0.09428762439741677
-2 -1.75 45 46 41.73549115075312 0.09015230839566377
-2 -1.75 46 47 40.48286153102157 0.08798220792578235
-2 -1.75 47 48 39.25458538087875 0.08796007909721251
-2 -1.75 48 49 38.05273711841113 0.09178736268646295
-2 -1.75 49 50 36.87867297904288 0.09869424500970493
-1.75 -1.5 0 1 4737.997406382679 0.9371711677574702
-1.75 -1.5 1 2 -2701.288257404128 0.6100366505707916
-1.75 -1.5 2 3 -5587.63539732919 1.602160305538198
-1.75 -1.5 3 4 -4333.554052453387 1.546719274076874
-1.75 -1.5 4 5 -3129.731438764939 1.389771274497019
-1.75 -1.5 5 6 -2249.839675161174 1.235250219900681
-1.75 -1.5 6 7 -1630.454713361381 1.099533814596088
-1.75 -1.5 7 8 -1192.99213491705 0.9831887115270168
-1.75 -1.5 8 9 -879.7870464984558 0.8835360530893352
-1.75 -1.5 9 10 -651.9965515293993 0.7987091166529163
-1.75 -1.5 10 11 -483.7202156403937 0.7247876323805008
-1.75 -1.5 11 12 -357.7949957055764 0.6607808097852106
-1.75 -1.5 12 13 -262.4417117610233 0.6047910137493897
-1.75 -1.5 13 14 -189.528739971902 0.5555058564299733
-1.75 -1.5 14 15 -133.326062235685 0.5118684024578027
-1.75 -1.5 15 16 -89.72750803552253 0.473022951805094
-1.75 -1.5 16 17 -55.7444899408988 0.438272010331991
-1.75 -1.5 17 18 -29.1707932424049 0.4070428595645479
-1.75 -1.5 18 19 -8.35673113682742 0.3788617493266842
-1.75 -1.5 19 20 7.945610768153756 0.3533339635473587
-1.75 -1.5 20 21 20.69013145409258 0.3301283570600953
-1.75 -1.5 21 22 30.612879899831 0.3089652958672728
-1.75 -1.5 22 23 38.28664574725212 0.2896071818361911
-1.75 -1.5 23 24 44.16059342270034 0.2718509608090884
-1.75 -1.5 24 25 48.58938167527958 0.25552215393859
-1.75 -1.5 25 26 51.85479378586581 0.2404700701070656
-1.75 -1.5 26 27 54.18196812170106 0.2265639388954825
-1.75 -1.5 27 28 55.75169129351605 0.2136897665849642
-1.75 -1.5 28 29 56.70978994611482 0.2017477646244568
-1.75 -1.5 29 30 57.17436347922012 0.1906502319070939
-1.75 -1.5 30 31 57.2413955137323 0.1803198023817701
-1.75 -1.5 31 32 56.98913753586658 0.1706879866364027
-1.75 -1.5 32 33 56.48155529740188 0.1616939508669319
-1.75 -1.5 33 34 55.77105450500136 0.1532834910562804
-1.75 -1.5 34 35 54.90064845910689 0.1454081661007547
-1.75 -1.5 35 36 53.90569080952298 0.1380245626444359
-1.75 -1.5 36 37 52.81526732130953 0.131093668107034
-1.75 -1.5 37 38 51.65331880563224 0.1245803352993999
-1.75 -1.5 38 39 50.43955093501557 0.1184528215524762
-1.75 -1.5 39 40 49.19017423993836 0.1126823934090336
-1.75 -1.5 40 41 47.91850828319281 0.1072429823174432
-1.75 -1.5 41 42 46.63547648899527 0.1021108886022592
-1.75 -1.5 42 43 45.35001282934957 0.09726452140943097
-1.75 -1.5 43 44 44.06939699467648 0.09268417406682014
-1.75 -1.5 44 45 42.79953140563029 0.08835182523480606
-1.75 -1.5 45 46 41.54403091460367 0.0849674247339902
-1.75 -1.5 46 47 40.30883875332913 0.08514633284097589
-1.75 -1.5 47 48 39.09580690349418 0.08896802002338906
-1.75 -1.5 48 49 37.90727158457872 0.09576509568381124
-1.75 -1.5 49 50 36.74482013656953 0.1029506113229744
-1.5 -1.25 0 1 5129.930307736769 3.359218289929187
-1.5 -1.25 1 2 -2339.76975305378 4.241674132178216
-1.5 -1.25 2 3 -5565.925435178861 1.637468515945348
-1.5 -1.25 3 4 -4366.494484551709 1.558767450176169
-1.5 -1.25 4 5 -3171.71281016487 1.38805412801764
-1.5 -1.25 5 6 -2290.180992830449 1.227591581137784
-1.5 -1.25 6 7 -1666.567376841553 1.090010739018003
-1.5 -1.25 7 8 -1224.551724911888 0.9738416851229956
-1.5 -1.25 8 9 -907.1456594692122 0.8747442432854342
-1.5 -1.25 9 10 -675.674415429603 0.7911714858018296
-1.5 -1.25 10 11 -504.2326430446192 0.7183989536955042
-1.5 -1.25 11 12 -375.6153832732748 0.6554598279713635
-1.5 -1.25 12 13 -277.9760749223949 0.6004239244976263
-1.5 -1.25 13 14 -203.1208747132778 0.5519719635046517
-1.5 -1.25 14 15 -145.2646987212447 0.5090534332123019
-1.5 -1.25 15 16 -100.2544678906791 0.470824120596088
-1.5 -1.25 16 17 -65.0623399102335 0.436599241502187
-1.5 -1.25 17 18 -37.44951198492595 0.4058183004586344
-1.5 -1.25 18 19 -15.73932136782651 0.3780185993075534
-1.5 -1.25 19 20 1.338475588502661 0.3528151085253019
-1.5 -1.25 20 21 14.75628938181376 0.3298850313036514
-1.5 -1.25 21 22 25.2655529307641 0.3089558648896028
-1.5 -1.25 22 23 33.45187808340268 0.2897960749584299
-1.5 -1.25 23 24 39.77515024697539 0.2722077538593001
-1.5 -1.25 24 25 44.59902165272501 0.2560207892104869
-1.5 -1.25 25 26 48.2128447863746 0.2431783172496767
-1.5 -1.25 26 27 50.84814928884396 0.2315744355196502
-1.5 -1.25 27 28 52.69113569807291 0.2207106436515198
-1.5 -1.25 28 29 53.89223101686582 0.2105270662744143
-1.5 -1.25 29 30 54.57345556505709 0.2009695324367503
-1.5 -1.25 30 31 54.83414465142573 0.1919889978204559
-1.5 -1.25 31 32 54.75542305551994 0.183541016678077
-1.5 -1.25 32 33 54.40372654776928 0.1755852645316637
-1.5 -1.25 33 34 53.83358989557905 0.1680851095779777
-1.5 -1.25 34 35 53.08986636021422 0.161007229423328
-1.5 -1.25 35 36 52.20950373814941 0.1543212695123196
-1.5 -1.25 36 37 51.22297236504778 0.1479995388880459
-1.5 -1.25 37 38 50.15541847122813 0.1420167394546338
-1.5 -1.25 38 39 49.02759961217612 0.136349726082883
-1.5 -1.25 39 40 47.85664628846092 0.1309772922902039
-1.5 -1.25 40 41 46.65668442776382 0.1258799800445708
-1.5 -1.25 41 42 45.43934574292399 0.1210399103239194
-1.5 -1.25 42 43 44.21418763726751 0.1164406326999704
-1.5 -1.25 43 44 42.98903964306339 0.1120669897935428
-1.5 -1.25 44 45 41.77029006801473 0.1079049976672379
-1.5 -1.25 45 46 40.56196187436962 0.1042913965086371
-1.5 -1.25 46 47 39.37042179328824 0.102517881895076
-1.5 -1.25 47 48 38.19783866606974 0.1027429163578978
-1.5 -1.25 48 49 37.04685030706486 0.1048340918616801
-1.5 -1.25 49 50 35.91930966541636 0.1075245764635238
-1.25 -1 0 1 5448.567275638425 1.534170069703339
-1.25 -1 1 2 -2067.747571854197 0.6289585654231141
-1.25 -1 2 3 -5564.958288257094 1.848007784660138
-1.25 -1 3 4 -4402.905503202373 1.793518775749565
-1.25 -1 4 5 -3210.902707151955 1.598607340563732
-1.25 -1 5 6 -2325.279059991179 1.409755164256781
-1.25 -1 6 7 -1696.570725519542 1.247158974992653
-1.25 -1 7 8 -1249.856229306972 1.109994967669025
-1.25 -1 8 9 -928.4315081022205 0.9943842397540027
-1.25 -1 9 10 -693.6095568692208 0.896522632320066
-1.25 -1 10 11 -519.3879833175747 0.8121510459336556
-1.25 -1 11 12 -388.4709340671029 0.7394692954408287
-1.25 -1 12 13 -288.9233600044988 0.6761841196567054
-1.25 -1 13 14 -212.4791457630629 0.6206826726490973
-1.25 -1 14 15 -153.2944716305392 0.571688985685745
-1.25 -1 15 16 -107.1689660085497 0.5281840323678859
-1.25 -1 16 17 -71.03677888098969 0.4893460208990052
-1.25 -1 17 18 -42.62850790440029 0.4545059054154973
-1.25 -1 18 19 -20.24276758787641 0.4231140793543501
-1.25 -1 19 20 -2.58925220901483 0.3947152411430877
-1.25 -1 20 21 11.3208051924139 0.3689292513748645
-1.25 -1 21 22 22.2522359569673 0.345436411725642
-1.25 -1 22 23 30.80167802251015 0.3239660378904373
-1.25 -1 23 24 37.43813089648029 0.3042875066668403
-1.25 -1 24 25 42.53281231821779 0.2862031814115557
-1.25 -1 25 26 46.38137997019987 0.2695427746166983
-1.25 -1 26 27 49.2206382448685 0.2541588212058599
-1.25 -1 27 28 51.24121621339725 0.2399230169237705
-1.25 -1 28 29 52.5972715772491 0.2267232353282803
-1.25 -1 29 30 53.41397760967004 0.21446108259529
-1.25 -1 30 31 53.79334245678524 0.2030498803347674
-1.25 -1 31 32 53.81876333732248 0.192412991570856
-1.25 -1 32 33 53.55861341661762 0.1824824244739917
-1.25 -1 33 34 53.06908360256494 0.1731976614304104
-1.25 -1 34 35 52.39644647352367 0.1645046720834992
-1.25 -1 35 36 51.57886915116251 0.1563550779387563
-1.25 -1 36 37 50.6478719338661 0.1487054419784446
-1.25 -1 37 38 49.62950720643749 0.1415166619322919
-1.25 -1 38 39 48.5453162545387 0.13475345046837
-1.25 -1 39 40 47.41310882891037 0.1283838878437036
-1.25 -1 40 41 46.24760072903473 0.1223790353114813
-1.25 -1 41 42 45.0609369025903 0.1167126005249822
-1.25 -1 42 43 43.86312212957745 0.1113606467799744
-1.25 -1 43 44 42.66237660067287 0.1063013387484532
-1.25 -1 44 45 41.46543033417703 0.1015147215201245
-1.25 -1 45 46 40.27658410643727 0.0973691976129781
-1.25 -1 46 47 39.10250798686499 0.09530847058721138
-1.25 -1 47 48 37.94558011827854 0.0955337212486496
-1.25 -1 48 49 36.80864154428517 0.0990600345598134
-1.25 -1 49 50 35.69372558315598 0.1068267026952117
-1 -0.75 0 1 5714.946509520043 1.839580816161573
-1 -0.75 1 2 -1826.576621784385 1.699265963176826
-1 -0.75 2 3 -5547.337082403103 1.613530658362143
-1 -0.75 3 4 -4418.038064538886 1.54926091943169
-1 -0.75 4 5 -3230.69660914809 1.381999527149412
-1 -0.75 5 6 -2343.916445953726 1.223463781371438
-1 -0.75 6 7 -1712.878510010589 1.087486544357524
-1 -0.75 7 8 -1263.806982435149 0.9727298569632051
-1 -0.75 8 9 -940.2860430151718 0.8748607231953204
-1 -0.75 9 10 -703.6730526162746 0.7923286572644568
-1 -0.75 10 11 -527.9412771027664 0.7203884844768484
-1 -0.75 11 12 -395.7607269159353 0.6581188242025606
-1 -0.75 12 13 -295.1559703426938 0.6036077130419136
-1 -0.75 13 14 -217.826145871644 0.5555603631162735
-1 -0.75 14 15 -157.8979848759216 0.5129480236397044
-1 -0.75 15 16 -111.1466845614041 0.4749449458014964
-1 -0.75 16 17 -74.48630794930273 0.4408816373402066
-1 -0.75 17 18 -45.63098644624188 0.41021010637717
-1 -0.75 18 19 -22.86583453469802 0.3824778124804041
-1 -0.75 19 20 -4.889458792529695 0.3573079556196686
-1 -0.75 20 21 9.296037897998303 0.3343844037823319
-1 -0.75 21 22 20.46302767125462 0.3134400555444732
-1 -0.75 22 23 29.21439620927345 0.2942477608985873
-1 -0.75 23 24 36.02433582312131 0.276613176577821
-1 -0.75 24 25 41.26839364020577 0.2603690938677614
-1 -0.75 25 26 45.24584772112746 0.245370898200952
-1 -0.75 26 27 48.19653868177772 0.2314929063621435
-1 -0.75 27 28 50.31364896279706 0.2186253924065438
-1 -0.75 28 29 51.75348925509354 0.2066721536180074
-1 -0.75 29 30 52.6430528217029 0.1955485079150083
-1 -0.75 30 31 53.08589003468774 0.1851796355572942
-1 -0.75 31 32 53.1667080028202 0.1754991971205792
-1 -0.75 32 33 52.95499492641989 0.166448178059082
-1 -0.75 33 34 52.50789290807825 0.1579739149315552
-1 -0.75 34 35 51.87248762153064 0.1500292726085437
-1 -0.75 35 36 51.08764260462078 0.1425719462727334
-1 -0.75 36 37 50.18547576670443 0.1355638645687634
-1 -0.75 37 38 49.19255324935182 0.1289706796728411
-1 -0.75 38 39 48.1308587782209 0.1227613285047033
-1 -0.75 39 40 47.01858376540775 0.1169076545668248
-1 -0.75 40 41 45.87077377152394 0.1113840793637005
-1 -0.75 41 42 44.69985909867273 0.1061673188440054
-1 -0.75 42 43 43.51609181748222 0.1012361345096235
-1 -0.75 43 44 42.32790672300007 0.09657111759793632
-1 -0.75 44 45 41.14222031766332 0.09215449824986427
-1 -0.75 45 46 39.96347778588165 0.08874123639158786
-1 -0.75 46 47 38.79852534437862 0.08915145158936225
-1 -0.75 47 48 37.649846330689 0.09348052840041325
-1 -0.75 48 49 36.52038925700492 0.1010185271903858
-1 -0.75 49 50 35.41228078875972 0.1089798993025625
-0.75 -0.5 0 1 5921.006679129315 2.554525977439606
-0.75 -0.5 1 2 -1643.157468393763 1.917565000500901
-0.75 -0.5 2 3 -5534.212296633152 1.606264510240401
-0.75 -0.5 3 4 -4429.631210495254 1.549966123887831
-0.75 -0.5 4 5 -3245.951656973858 1.385164365888587
-0.75 -0.5 5 6 -2358.466368308615 1.227342553231499
-0.75 -0.5 6 7 -1725.807284848031 1.091415225917214
-0.75 -0.5 7 8 -1275.053909866075 0.9764688381125585
-0.75 -0.5 8 9 -950.0119137168276 0.8783392707972238
-0.75 -0.5 9 10 -712.0822622253236 0.7955588132895365
-0.75 -0.5 10 11 -535.2248735026101 0.7233780679173472
-0.75 -0.5 11 12 -402.0912582983601 0.660898667726759
-0.75 -0.5 12 13 -300.6795125218798 0.6062034545382898
-0.75 -0.5 13 14 -222.665678512089 0.5579947178494192
-0.75 -0.5 14 15 -162.1564955919562 0.515240396760257
-0.75 -0.5 15 16 -114.9103100643345 0.4771116710868025
-0.75 -0.5 16 17 -77.82715046590215 0.4429364033505098
-0.75 -0.5 17 18 -48.60951604239108 0.4138076582824148
-0.75 -0.5 18 19 -25.53289138854575 0.3874356467165483
-0.75 -0.5 19 20 -7.28790417944515 0.3633471373489631
-0.75 -0.5 20 21 7.129966274328126 0.3412856094099753
-0.75 -0.5 21 22 18.49860413687475 0.3210292561135524
-0.75 -0.5 22 23 27.42549467533513 0.3023857419456731
-0.75 -0.5 23 24 34.3886792944603 0.2851877605593403
-0.75 -0.5 24 25 39.76693537691244 0.2692892981439146
-0.75 -0.5 25 26 43.86225953049859 0.2545624969721906
-0.75 -0.5 26 27 46.9167865744879 0.2408950263448319
-0.75 -0.5 27 28 49.1256402366871 0.2281878752434016
-0.75 -0.5 28 29 50.64677814761092 0.2163534960792049
-0.75 -0.5 29 30 51.60859432882432 0.2053142402767053
-0.75 -0.5 30 31 52.11583345900283 0.1950010349129556
-0.75 -0.5 31 32 52.25422336734891 0.1853522608075259
-0.75 -0.5 32 33 52.09412665193497 0.1763127979524446
-0.75 -0.5 33 34 51.69343617095814 0.1678332110343659
-0.75 -0.5 34 35 51.09988362571028 0.1598690508791917
-0.75 -0.5 35 36 50.35288966966795 0.1523802561758614
-0.75 -0.5 36 37 49.4850536735496 0.1453306358210029
-0.75 -0.5 37 38 48.52335872355667 0.1386874233662678
-0.75 -0.5 38 39 47.49015035401089 0.1324208893007963
-0.75 -0.5 39 40 46.40393456580915 0.1265040046913993
-0.75 -0.5 40 41 45.28003098665596 0.120912147861812
-0.75 -0.5 41 42 44.13110913920229 0.1156228475478398
-0.75 -0.5 42 43 42.96763029084013 0.1106155581313402
-0.75 -0.5 43 44 41.79821251393378 0.1058714618801526
-0.75 -0.5 44 45 40.62993316905823 0.1013732950715201
-0.75 -0.5 45 46 39.46736493971929 0.09751543086428659
-0.75 -0.5 46 47 38.31750408929349 0.09582599628527828
-0.75 -0.5 47 48 37.18292993513805 0.09650411414954531
-0.75 -0.5 48 49 36.06668821346557 0.1020751603088752
-0.75 -0.5 49 50 34.97099016684794 0.1101944283844714
-0.5 -0.25 0 1 6056.424509562741 2.439727389540642
-0.5 -0.25 1 2 -1528.565001145025 1.216728737613521
-0.5 -0.25 2 3 -5529.803721958913 1.57857033273319
-0.5 -0.25 3 4 -4440.024966143706 1.538089616988959
-0.5 -0.25 4 5 -3257.90719562968 1.399273377477329
-0.5 -0.25 5 6 -2369.428601118484 1.280521386590485
-0.5 -0.25 6 7 -1735.34837919257 1.159945701854264
-0.5 -0.25 7 8 -1283.236580769323 1.049985505726526
-0.5 -0.25 8 9 -957.0071687113968 0.9520854494852028
-0.5 -0.25 9 10 -718.0687410533274 0.8671993692100556
-0.5 -0.25 10 11 -540.3590709513724 0.7919469820014096
-0.5 -0.25 11 12 -406.5100125032595 0.7259789828349272
-0.5 -0.25 12 13 -304.4964357219515 0.6677161836008908
-0.5 -0.25 13 14 -225.9752214088103 0.6160254110185363
-0.5 -0.25 14 15 -165.0370574932579 0.5699555907475811
-0.5 -0.25 15 16 -117.4270362032812 0.5287135523441807
-0.5 -0.25 16 17 -80.03430053471197 0.4916380786213426
-0.5 -0.25 17 18 -50.55241749079232 0.4581765456036323
-0.5 -0.25 18 19 -27.24953180790567 0.4278652199692575
-0.5 -0.25 19 20 -8.810224053923321 0.4003131100736412
-0.5 -0.25 20 21 5.775024362502563 0.3751888897254144
-0.5 -0.25 21 22 17.28824241751022 0.3522103583847545
-0.5 -0.25 22 23 26.34036453954411 0.3311359470219688
-0.5 -0.25 23 24 33.41231207836449 0.3117578575599242
-0.5 -0.25 24 25 38.88527490762465 0.2938965023374514
-0.5 -0.25 25 26 43.06327685015788 0.2773959780813599
-0.5 -0.25 26 27 46.19016126667975 0.2621203644656654
-0.5 -0.25 27 28 48.46249594506617 0.247950682070552
-0.5 -0.25 28 29 50.03946236128002 0.2347823804495112
-0.5 -0.25 29 30 51.05049445580244 0.2225232531695507
-0.5 -0.25 30 31 51.60122276098809 0.211091698923667
-0.5 -0.25 31 32 51.77813154372359 0.2004152654124752
-0.5 -0.25 32 33 51.65223084164529 0.1904294227161025
-0.5 -0.25 33 34 51.2819689137383 0.1810765277686897
-0.5 -0.25 34 35 50.71555495474911 0.1723049438186518
-0.5 -0.25 35 36 49.9928210076593 0.1640682916265979
-0.5 -0.25 36 37 49.14672161618802 0.1563248078241906
-0.5 -0.25 37 38 48.20454712430114 0.1490367940775081
-0.5 -0.25 38 39 47.18890939698173 0.1421701427323026
-0.5 -0.25 39 40 46.11854573162924 0.1356939265591074
-0.5 -0.25 40 41 45.00897700367057 0.1295800428971508
-0.5 -0.25 41 42 43.87304815659883 0.1238029039610406
-0.5 -0.25 42 43 42.72137363826891 0.118339166753757
-0.5 -0.25 43 44 41.56270551141938 0.1131674967120194
-0.5 -0.25 44 45 40.40423853902485 0.1082683601093013
-0.5 -0.25 45 46 39.25063909375734 0.1040166768920602
-0.5 -0.25 46 47 38.10901186792029 0.101879006049854
-0.5 -0.25 47 48 36.98200652402247 0.1020639956539279
-0.5 -0.25 48 49 35.87273913230385 0.1044332221883308
-0.5 -0.25 49 50 34.7834834741324 0.1117446309926223
-0.25 0 0 1 6123.96095406283 2.543230461474145
-0.25 0 1 2 -1471.92659757019 1.68569806962202
-0.25 0 2 3 -5528.50890653956 1.604559971527447
-0.25 0 3 4 -4445.73430436174 1.553897485344713
-0.25 0 4 5 -3264.034771850106 1.390357563694334
-0.25 0 5 6 -2374.81870879567 1.232705160129674
-0.25 0 6 7 -1739.880059110189 1.096665525293453
-0.25 0 7 8 -1287.001994855096 0.9815208565579313
-0.25 0 8 9 -960.1299764137625 0.883161425672374
-0.25 0 9 10 -720.6620364503065 0.8006309844515567
-0.25 0 10 11 -542.5164541251725 0.7340739009875727
-0.25 0 11 12 -408.3090942055901 0.6751840012975104
-0.25 0 12 13 -305.9998784404202 0.6227590125531145
-0.25 0 13 14 -227.2338869685373 0.5759479503119965
-0.25 0 14 15 -166.0923596774021 0.5340044198863253
-0.25 0 15 16 -118.3128391326143 0.4962869625542252
-0.25 0 16 17 -80.77842001622912 0.4622489574732991
-0.25 0 17 18 -51.177801682672 0.4314257908885332
-0.25 0 18 19 -27.77519067437561 0.4034223254723897
-0.25 0 19 20 -9.251964190813169 0.3779017415217568
-0.25 0 20 21 5.404015443515846 0.3545760037180921
-0.25 0 21 22 16.97692881319244 0.3331978785814567
-0.25 0 22 23 26.07948562731599 0.3135543167826322
-0.25 0 23 24 33.19407779076687 0.2954609883579393
-0.25 0 24 25 38.70311765670999 0.2787577745500154
-0.25 0 25 26 42.91164857976446 0.2633050439348288
-0.25 0 26 27 46.06436668854883 0.2489805701446859
-0.25 0 27 28 48.3585549639713 0.2356769716295815
-0.25 0 28 29 49.95399616976215 0.2232995786146086
-0.25 0 29 30 50.98063092232132 0.2117646488869211
-0.25 0 30 31 51.54451760729296 0.2009978689245612
-0.25 0 31 32 51.73250250036131 0.1909330914509716
-0.25 0 32 33 51.61590250444556 0.1815112660688599
-0.25 0 33 34 51.25342645416515 0.1726795309568551
-0.25 0 34 35 50.69350517709245 0.1643904391387173
-0.25 0 35 36 49.97615951935904 0.1566012954546392
-0.25 0 36 37 49.13450509554337 0.1492735875811544
-0.25 0 37 38 48.19596985101424 0.1423724958507267
-0.25 0 38 39 47.18328335407767 0.1358664692483825
-0.25 0 39 40 46.11528370536405 0.1297268583124422
-0.25 0 40 41 45.00757820671765 0.1239275949775483
-0.25 0 41 42 43.87308597617556 0.118444913892295
-0.25 0 42 43 42.72248518073491 0.113257108926369
-0.25 0 43 44 41.56458266506104 0.1083443186209578
-0.25 0 44 45 40.40662032373842 0.1036883384453378
-0.25 0 45 46 39.25330021520341 0.09968337528518019
-0.25 0 46 47 38.1117720633124 0.09786217134229769
-0.25 0 47 48 36.98471064180333 0.09843175397790692
-0.25 0 48 49 35.87525790754341 0.1032726858960175
-0.25 0 49 50 34.78571063828841 0.1115379922613225
0 0.25 0 1 6123.632985037137 2.543238814491392
0 0.25 1 2 -1472.557771744703 1.685740720126896
0 0.25 2 3 -5528.954289109959 1.604545851798826
0 0.25 3 4 -4445.900737886897 1.55382630939665
0 0.25 4 5 -3264.029394506194 1.390278820670465
0 0.25 5 6 -2374.734862488162 1.232645999571906
0 0.25 6 7 -1739.768400542196 1.096630022900325
0 0.25 7 8 -1286.886980866884 0.9815039461343686
0 0.25 8 9 -960.0220146046454 0.883159252440514
0 0.25 9 10 -720.5646392431099 0.8006344426321255
0 0.25 10 11 -542.4303135352993 0.7340827380932661
0 0.25 11 12 -408.2331170812072 0.6751949727209173
0 0.25 12 13 -305.9326689037403 0.6227707638839265
0 0.25 13 14 -227.1740360391484 0.5759597053156837
0 0.25 14 15 -166.0386188403761 0.5340157539746709
0 0.25 15 16 -118.2641721340342 0.4962976597481841
0 0.25 16 17 -80.73399838519344 0.4622589230918984
0 0.25 17 18 -51.13697736828931 0.4314349995907053
0 0.25 18 19 -27.73746236562033 0.4034307905535877
0 0.25 19 20 -9.216945039183429 0.3779094971230466
0 0.25 20 21 5.436625578608073 0.354583094027796
0 0.25 21 22 17.00736579616864 0.3332043521020741
0 0.25 22 23 26.10793843906731 0.3135602224647196
0 0.25 23 24 33.22070160414933 0.2954663739694761
0 0.25 24 25 38.72804342197503 0.2787626853507836
0 0.25 25 26 42.9349898954431 0.2633095223360678
0 0.25 26 27 46.08622462692108 0.2489846554339881
0 0.25 27 28 48.37902138864081 0.2356806998552987
0 0.25 28 29 49.97315596863109 0.2233029828785005
0 0.25 29 30 50.99856347599871 0.2117677592396252
0 0.25 30 31 51.56129773123428 0.201000712846569
0 0.25 31 32 51.74820103378977 0.1909356938096454
0 0.25 32 33 51.63058667064399 0.1815136493377984
0 0.25 33 34 51.26716007729556 0.1726817155518977
0 0.25 34 35 50.70634881619776 0.1643924434897215
0 0.25 35 36 49.98817055742296 0.1566031361568402
0 0.25 36 37 49.14573780983551 0.1492752796645621
0 0.25 37 38 48.20647548030377 0.1423740529256733
0 0.25 38 39 47.19311017019857 0.1358679035038589
0 0.25 39 40 46.1244770948901 0.129728180759566
0 0.25 40 41 45.01618076223548 0.123928815580983
0 0.25 41 42 43.88113759862387 0.1184460416633297
0 0.25 42 43 42.7300231897762 0.1132581519848826
0 0.25 43 44 41.57164191644682 0.1083452841578007
0 0.25 44 45 40.41323333095056 0.1036892332856318
0 0.25 45 46 39.25949722643668 0.09968421613128474
0 0.25 46 47 38.11758131883192 0.09786301347271531
0 0.25 47 48 36.99015836067036 0.0984326510482942
0 0.25 48 49 35.88036846565402 0.1032736593175622
0 0.25 49 50 34.79050665962907 0.1115390149078712
0.25 0.5 0 1 6055.45457171405 2.439725866560372
0.25 0.5 1 2 -1530.424921517202 1.216675305141465
0.25 0.5 2 3 -5531.105222873717 1.578462412772577
0.25 0.5 3 4 -4440.502181955787 1.537975045749899
0.25 0.5 4 5 -3257.883304921615 1.399201675942025
0.25 0.5 5 6 -2369.179337677052 1.280500414722545
0.25 0.5 6 7 -1735.021134843988 1.159960540520159
0.25 0.5 7 8 -1282.901555716371 1.050019663957979
0.25 0.5 8 9 -956.6937213928113 0.9521344461312958
0.25 0.5 9 10 -717.7864399474392 0.8672445979448001
0.25 0.5 10 11 -540.1095620154415 0.7919939544830159
0.25 0.5 11 12 -406.2898851723908 0.7260230563508577
0.25 0.5 12 13 -304.301528835007 0.6677565349984583
0.25 0.5 13 14 -225.8014070135885 0.6160618373751275
0.25 0.5 14 15 -164.8807151640178 0.5699882139158698
0.25 0.5 15 16 -117.285184183522 0.528742648477704
0.25 0.5 16 17 -79.9045706816969 0.4916639838833059
0.25 0.5 17 18 -50.4329685317025 0.4581996049285546
0.25 0.5 18 19 -27.13894732910558 0.4278857617391079
0.25 0.5 19 20 -8.707416522529229 0.4003314343318392
0.25 0.5 20 21 5.870895224647484 0.3752052646314015
0.25 0.5 21 22 17.37783505817515 0.3522250200907127
0.25 0.5 22 23 26.42420593646409 0.3311491020573415
0.25 0.5 23 24 33.49083532602651 0.3117696857396533
0.25 0.5 24 25 38.95884655949794 0.2939071599169633
0.25 0.5 25 26 43.13221634835418 0.2774056007698151
0.25 0.5 26 27 46.254754441209 0.2621290703422797
0.25 0.5 27 28 48.52300417551533 0.2479585739229757
0.25 0.5 28 29 50.09612863686277 0.2347895480069143
0.25 0.5 29 30 51.10354727212166 0.2225297747709332
0.25 0.5 30 31 51.65087853951195 0.211097643404783
0.25 0.5 31 32 51.82459607901694 0.2004206930265888
0.25 0.5 32 33 51.69570012539486 0.1904343866249747
0.25 0.5 33 34 51.32262958611 0.1810810748000789
0.25 0.5 34 35 50.75358454499269 0.1723091153572064
0.25 0.5 35 36 50.02838807788277 0.1640721245351037
0.25 0.5 36 37 49.17998587142057 0.1563283345840673
0.25 0.5 37 38 48.23565953520603 0.1490400436692084
0.25 0.5 38 39 47.21801235130073 0.1421731409131075
0.25 0.5 39 40 46.14577322879933 0.1356966964459546
0.25 0.5 40 41 45.03445488864514 0.1295826049442522
0.25 0.5 41 42 43.8968943931514 0.1238052767567762
0.25 0.5 42 43 42.74369861387402 0.1183413667991779
0.25 0.5 43 44 41.58361236717047 0.1131695387429169
0.25 0.5 44 45 40.42382351704282 0.1082702575230283
0.25 0.5 45 46 39.26899176423672 0.1040184705039512
0.25 0.5 46 47 38.12621585256642 0.1018808387304637
0.25 0.5 47 48 36.99813948332783 0.1020660107187087
0.25 0.5 48 49 35.88787327705836 0.1044355349796466
0.25 0.5 49 50 34.79768583289481 0.1117471480307178
0.5 0.75 0 1 5919.350111292211 2.554526205792182
0.5 0.75 1 2 -1646.306533469542 1.917547477897588
0.5 0.75 2 3 -5536.36702682416 1.606190843784378
0.5 0.75 3 4 -4430.372082094953 1.549878102848344
0.5 0.75 4 5 -3245.857473118306 1.385100962631303
0.5 0.75 5 6 -2358.011229719377 1.227313773040625
0.5 0.75 6 7 -1725.236870276048 1.09141349685728
0.5 0.75 7 8 -1274.481597673613 0.9764816110162962
0.5 0.75 8 9 -949.4821247355394 0.8788611209551175
0.5 0.75 9 10 -711.6107328164603 0.795074410170985
0.5 0.75 10 11 -534.8100957097395 0.7234078194526342
0.5 0.75 11 12 -401.7271874135045 0.660927853987881
0.5 0.75 12 13 -300.3584983178691 0.6062311907543905
0.5 0.75 13 14 -222.3804033134384 0.5580206040630538
0.5 0.75 14 15 -161.9006555970182 0.5152643122918684
0.5 0.75 15 16 -114.678766225519 0.4771336488687771
0.5 0.75 16 17 -77.61584633302732 0.4429565549145738
0.5 0.75 17 18 -48.41530961906142 0.4138260564169191
0.5 0.75 18 19 -25.35337151309159 0.3874524578291162
0.5 0.75 19 20 -7.12122271183739 0.3633625273140017
0.5 0.75 20 21 7.285235091636423 0.3412997290449815
0.5 0.75 21 22 18.64357549950864 0.3210422399699406
0.5 0.75 22 23 27.56105892268022 0.3023977083772899
0.5 0.75 23 24 34.5155657667957 0.2851988130879561
0.5 0.75 24 25 39.8857588756473 0.269299526860331
0.5 0.75 25 26 43.97355340154286 0.2545719806606204
0.5 0.75 26 27 47.02102578205347 0.2409038337938097
0.5 0.75 27 28 49.22325711562598 0.2281960668859105
0.5 0.75 28 29 50.73817291985813 0.216361125321478
0.5 0.75 29 30 51.69414194851788 0.2053213543756085
0.5 0.75 30 31 52.19588794734261 0.1950076759743504
0.5 0.75 31 32 52.32912047450009 0.185358466671728
0.5 0.75 32 33 52.16418544279145 0.176318602550794
0.5 0.75 33 34 51.75895994665547 0.1678386449766809
0.5 0.75 34 35 51.16116046596153 0.1598741420078493
0.5 0.75 35 36 50.41019278023271 0.1523850296848353
0.5 0.75 36 37 49.5386416569346 0.1453351149205676
0.5 0.75 37 38 48.5734758463351 0.1386916290326791
0.5 0.75 38 39 47.5370268484935 0.1324248407879806
0.5 0.75 39 40 46.44778698442735 0.1265077198598771
0.5 0.75 40 41 45.32106261487888 0.1209156429193405
0.5 0.75 41 42 44.16951046135011 0.1156261374397923
0.5 0.75 42 43 43.00357950281085 0.1106186567263528
0.5 0.75 43 44 41.83187607093976 0.1058743819625511
0.5 0.75 44 45 40.66146635845297 0.101376048295335
0.5 0.75 45 46 39.49691226421066 0.09751807427826986
0.5 0.75 46 47 38.34520041731787 0.0958287530816128
0.5 0.75 47 48 37.2089005115908 0.09650721079562859
0.5 0.75 48 49 36.09104948089012 0.1020786836458705
0.5 0.75 49 50 34.99385019853094 0.1101983000582039
0.75 1 0 1 5712.601215983401 1.839540037666348
0.75 1 1 2 -1831.00996432373 1.698980004339478
0.75 1 2 3 -5550.328994251271 1.613115053731873
0.75 1 3 4 -4419.028017432547 1.548993837598831
0.75 1 4 5 -3230.524728530482 1.381960076090666
0.75 1 5 6 -2343.252543265914 1.223604922070074
0.75 1 6 7 -1712.063460361791 1.087726029454299
0.75 1 7 8 -1262.995932145277 0.9730000858979329
0.75 1 8 9 -939.5389712131141 0.8756235272372361
0.75 1 9 10 -703.0093597864675 0.792067892138369
0.75 1 10 11 -527.3591228013775 0.7206052364782469
0.75 1 11 12 -395.2507417735301 0.6583044505879886
0.75 1 12 13 -294.7071524840514 0.6037643289274581
0.75 1 13 14 -217.4280734090796 0.5556913250446953
0.75 1 14 15 -157.5417130846538 0.5130569814052907
0.75 1 15 16 -110.8249271197112 0.4750353824610209
0.75 1 16 17 -74.19330719196842 0.4409566723356611
0.75 1 17 18 -45.36227154811354 0.4102724340189552
0.75 1 18 19 -22.61796227498621 0.3825297084329501
0.75 1 19 20 -4.659778403704422 0.3573513140115331
0.75 1 20 21 9.509581114740286 0.3344207852275163
0.75 1 21 22 20.66204827714137 0.3134707371463861
0.75 1 22 23 29.40018816295901 0.2942737825846553
0.75 1 23 24 36.1979616783334 0.2766353824917192
0.75 1 24 25 41.43074963233232 0.2603881677529649
0.75 1 25 26 45.39771032691931 0.2453873931343909
0.75 1 26 27 48.33859730767699 0.2315072698630071
0.75 1 27 28 50.44652847713462 0.2186379865094802
0.75 1 28 29 51.87776523207685 0.2066832714347961
0.75 1 29 30 52.75926166040688 0.1955583876321162
0.75 1 30 31 53.19453554840675 0.1851884703587063
0.75 1 31 32 53.26826563773261 0.1755071449072376
0.75 1 32 33 53.04991443121105 0.1664553676965787
0.75 1 33 34 52.59660003230624 0.1579804524647447
0.75 1 34 35 51.95538523260763 0.150035245331915
0.75 1 35 36 51.16511148784343 0.142577426637262
0.75 1 36 37 50.25787527438467 0.1355689126311061
0.75 1 37 38 49.26022190474049 0.1289753459649522
0.75 1 38 39 48.19411489111269 0.1227656554892171
0.75 1 39 40 47.07772609031656 0.1169116781301567
0.75 1 40 41 45.92608221846785 0.1113878302517542
0.75 1 41 42 44.75159549490149 0.1061708232056768
0.75 1 42 43 43.5645007128021 0.1012394152149732
0.75 1 43 44 42.37321622696214 0.09657419411235708
0.75 1 44 45 41.18464295671555 0.09215738797052934
0.75 1 45 46 40.00321108132363 0.08874400512976946
0.75 1 46 47 38.83575346088583 0.08915434436872845
0.75 1 47 48 37.68474011030955 0.09348377940855375
0.75 1 48 49 36.55310738530019 0.1010223086932103
0.75 1 49 50 35.44297041882783 0.1089841979874813
1 1.25 0 1 5445.548374734923 1.534255183432231
1 1.25 1 2 -2073.442809802757 0.6298267202853036
1 1.25 2 3 -5568.784646661779 1.848115804253357
1 1.25 3 4 -4404.15691079379 1.793348085213092
1 1.25 4 5 -3210.66587399915 1.598323938747451
1 1.25 5 6 -2324.41233644171 1.409476150587362
1 1.25 6 7 -1695.509804620833 1.246925479729237
1 1.25 7 8 -1248.799719598545 1.110031484850305
1 1.25 8 9 -927.459535294277 0.994024772390524
1 1.25 9 10 -692.7431717454533 0.8964118339145779
1 1.25 10 11 -518.6290691531922 0.8120775886273767
1 1.25 11 12 -387.8066416873726 0.739418255625922
1 1.25 12 13 -288.3396401741679 0.676150685773223
1 1.25 13 14 -211.9625601171381 0.6206630350139986
1 1.25 14 15 -152.8333965647219 0.5716800953478902
1 1.25 15 16 -106.7538626235137 0.5281834295490395
1 1.25 16 17 -70.66005153871538 0.489351715582111
1 1.25 17 18 -42.2842101441704 0.4545162896987972
1 1.25 18 19 -19.92627963319774 0.4231278605560068
1 1.25 19 20 -2.296985269823836 0.3947313871450815
1 1.25 20 21 11.59165765649664 0.3689469454250097
1 1.25 21 22 22.50389694868977 0.3454550144217865
1 1.25 22 23 31.03594027607505 0.3239850545181151
1 1.25 23 24 37.65647203714525 0.3043065603345496
1 1.25 24 25 42.73647958893059 0.2862219898435716
1 1.25 25 26 46.57145146495975 0.2695611315967187
1 1.25 26 27 49.39806646789805 0.254176580474363
1 1.25 27 28 51.40685862134285 0.2399400795695844
1 1.25 28 29 52.75191171433096 0.226739539169132
1 1.25 29 30 53.55833956533945 0.2144765938155274
1 1.25 30 31 53.92810067065375 0.2030645865448316
1 1.25 31 32 53.94454922310206 0.1924268963459729
1 1.25 32 33 53.67601986343232 0.1824955433664562
1 1.25 33 34 53.17866809236358 0.1732100182469292
1 1.25 34 35 52.49873333038329 0.1645162961941068
1 1.25 35 36 51.67435126647439 0.1563660025232611
1 1.25 36 37 50.73701219610314 0.1487157023180554
1 1.25 37 38 49.71273978014807 0.1415262942457034
1 1.25 38 39 48.62304779390092 0.1347624910303378
1 1.25 39 40 47.48571967630676 0.1283923722195703
1 1.25 40 41 46.31544612047816 0.1223869981471082
1 1.25 41 42 45.12434818721675 0.1167200750579008
1 1.25 42 43 43.92240800021233 0.111367664614506
1 1.25 43 44 42.71782433028454 0.1063079299531388
1 1.25 44 45 41.51730700442914 0.101520914283737
1 1.25 45 46 40.32513742357628 0.09737510234389252
1 1.25 46 47 39.14796857595988 0.09531449675485223
1 1.25 47 48 37.98816153164213 0.09554027630622001
1 1.25 48 49 36.84854183779427 0.09906734955976414
1 1.25 49 50 35.73112816235655 0.1068344967229555
1.25 1.5 0 1 5126.368696396361 3.35922001151071
1.25 1.5 1 2 -2346.415943769698 4.241718181102391
1.25 1.5 2 3 -5570.271572107875 1.637834658810355
1.25 1.5 3 4 -4367.810800268348 1.559167526437691
1.25 1.5 4 5 -3171.343857746747 1.388245563741947
1.25 1.5 5 6 -2289.132777797975 1.227535889452178
1.25 1.5 6 7 -1665.329266055773 1.089786506153734
1.25 1.5 7 8 -1223.338961500162 0.9735302895554065
1.25 1.5 8 9 -906.0380553609984 0.8749151323721809
1.25 1.5 9 10 -674.6940892362054 0.7903620205914602
1.25 1.5 10 11 -503.3757918064152 0.7181292238252885
1.25 1.5 11 12 -374.8662237770095 0.6552309852377259
1.25 1.5 12 13 -277.3177452814768 0.6002353242739957
1.25 1.5 13 14 -202.5377473300805 0.5518199730749964
1.25 1.5 14 15 -144.7435045719578 0.5089332954926556
1.25 1.5 15 16 -99.78445745651243 0.4707309344104787
1.25 1.5 16 17 -64.63503787373861 0.4365284331293286
1.25 1.5 17 18 -37.05833572333472 0.4057658172964256
1.25 1.5 18 19 -15.37918942097781 0.3779809588950376
1.25 1.5 19 20 1.671491535597852 0.3527893764284203
1.25 1.5 20 21 15.06525166434972 0.3298687684589354
1.25 1.5 21 22 25.55288410041283 0.3089470635831537
1.25 1.5 22 23 33.71953334715329 0.2897930956108311
1.25 1.5 23 24 40.02474565700675 0.2722092657947118
1.25 1.5 24 25 44.83192744060364 0.2560257189861118
1.25 1.5 25 26 48.4302520897453 0.2431857387556505
1.25 1.5 26 27 51.05111706295804 0.2315836161281845
1.25 1.5 27 28 52.88062317768879 0.2207210187769962
1.25 1.5 28 29 54.06911984008889 0.2105381985486153
1.25 1.5 29 30 54.73856464451501 0.2009810856273358
1.25 1.5 30 31 54.98824005317965 0.1920007158140633
1.25 1.5 31 32 54.89922452310611 0.1835527066412707
1.25 1.5 32 33 54.53791182671466 0.1755967836073671
1.25 1.5 33 34 53.95879766648727 0.1680963536877258
1.25 1.5 34 35 53.20669832834284 0.1610181252071392
1.25 1.5 35 36 52.31852624510458 0.1543317672108382
1.25 1.5 36 37 51.32471775663629 0.1480096068382872
1.25 1.5 37 38 50.25038636558816 0.1420263603242956
1.25 1.5 38 39 49.11625815114303 0.136358892799321
1.25 1.5 39 40 47.93943341422329 0.1309860059449155
1.25 1.5 40 41 46.73400919921505 0.1258882474892274
1.25 1.5 41 42 45.511589694468 0.1210477426790413
1.25 1.5 42 43 44.28170616582321 0.116448044019819
1.25 1.5 43 44 43.05216341586271 0.1120739961480417
1.25 1.5 44 45 41.82932643018853 0.1079116164125189
1.25 1.5 45 46 40.61719583422368 0.1042977380555285
1.25 1.5 46 47 39.4221185224086 0.1025243887643693
1.25 1.5 47 48 38.24624366607435 0.1027500360445347
1.25 1.5 48 49 37.09219117917328 0.1048421831464203
1.25 1.5 49 50 35.96179709499543 0.107533645668191
1.5 1.75 0 1 4733.905486219537 0.9371488036600896
1.5 1.75 1 2 -2708.852291407947 0.6102236833783199
1.5 1.75 2 3 -5592.457711209285 1.602760425748931
1.5 1.75 3 4 -4334.891659466281 1.547525825758579
1.5 1.75 4 5 -3129.19277931733 1.390240514834202
1.5 1.75 5 6 -2248.58014106702 1.235272678994994
1.5 1.75 6 7 -1629.016906535935 1.099248803692453
1.5 1.75 7 8 -1191.605874555384 0.9828993282314654
1.5 1.75 8 9 -878.5352938681167 0.8829228781429869
1.5 1.75 9 10 -650.8938097091277 0.7982356141211978
1.5 1.75 10 11 -482.7620935054397 0.7243802002147579
1.5 1.75 11 12 -356.9605673488597 0.660432787596728
1.5 1.75 12 13 -261.7108053734551 0.6045019047692162
1.5 1.75 13 14 -188.8831086056159 0.5552703722033905
1.5 1.75 14 15 -132.7504124149057 0.5116795078291788
1.5 1.75 15 16 -89.20954339210834 0.4728734211096182
1.5 1.75 16 17 -55.2745580400067 0.4381551483201793
1.5 1.75 17 18 -28.74141450937077 0.4069527799894719
1.5 1.75 18 19 -7.962136617546321 0.3787934304201049
1.5 1.75 19 20 8.30988159361732 0.3532832000950605
1.5 1.75 20 21 21.02755851324378 0.3300916700719359
1.5 1.75 21 22 30.92621883305912 0.3089398309607653
1.5 1.75 22 23 38.57812239216537 0.2895906116286897
1.5 1.75 23 24 44.43204801575746 0.2718413961902749
1.5 1.75 24 25 48.84237374499617 0.2555180674260474
1.5 1.75 25 26 52.0906771916998 0.2404702310612484
1.5 1.75 26 27 54.40194393050285 0.2265673584632362
1.5 1.75 27 28 55.95684452768705 0.2136956530284428
1.5 1.75 28 29 56.90111479767472 0.2017554859092493
1.5 1.75 29 30 57.35278042719699 0.1906592852321372
1.5 1.75 30 31 57.4077628576315 0.180329789448959
1.5 1.75 31 32 57.14425915799939 0.1706985931654246
1.5 1.75 32 33 56.62618593883047 0.1617049303337416
1.5 1.75 33 34 55.90590344755589 0.1532946513018434
1.5 1.75 34 35 55.02638222451873 0.1454193587089969
1.5 1.75 35 36 54.02293528150153 0.1380356737383252
1.5 1.75 36 37 52.92460955283349 0.1311046119548179
1.5 1.75 37 38 51.75530867645875 0.1245910480533511
1.5 1.75 38 39 50.53470275245854 0.1184632570766531
1.5 1.75 39 40 49.27896833430691 0.112692519326454
1.5 1.75 40 41 48.0013926192421 0.1072527772131166
1.5 1.75 41 42 46.71286829614331 0.1021203395538818
1.5 1.75 42 43 45.42230024363755 0.09727362223853339
1.5 1.75 43 44 44.13694070171869 0.09269292341535385
1.5 1.75 44 45 42.86266626856946 0.08836022609453281
1.5 1.75 45 46 41.60306713752615 0.08497556189490293
1.5 1.75 46 47 40.36406463572209 0.08515457139438057
1.5 1.75 47 48 39.14748911833431 0.08897671118065155
1.5 1.75 48 49 37.95565713978922 0.0957744959038838
1.5 1.75 49 50 36.79013748524716 0.1029606910904341
1.75 2 0 1 4315.068992062555 1.082497075864026
1.75 2 1 2 -3073.680695422154 2.406383400595072
1.75 2 2 3 -5589.99788803243 2.758695958185589
1.75 2 3 4 -4281.95306858082 2.332461590055206
1.75 2 4 5 -3073.493857221767 1.952682733967182
1.75 2 5 6 -2199.345323656624 1.656845724525551
1.75 2 6 7 -1587.381385109557 1.426577423246701
1.75 2 7 8 -1156.830927907041 1.244240004273482
1.75 2 8 9 -849.5448501648775 1.096487236219551
1.75 2 9 10 -626.6800583680683 0.9748812895907796
1.75 2 10 11 -462.4678573908527 0.8735997840639018
1.75 2 11 12 -339.8858304998191 0.7876827638175323
1.75 2 12 13 -247.2886444757687 0.7141103498724301
1.75 2 13 14 -176.6555592611987 0.6504914938876495
1.75 2 14 15 -122.3467266606986 0.5950106626358952
1.75 2 15 16 -80.32837715471146 0.5462653063978575
1.75 2 16 17 -47.66981193559604 0.5031550902219251
1.75 2 17 18 -22.21110473565 0.464804825449508
1.75 2 18 19 -2.339669660819936 0.4305097919844903
1.75 2 19 20 13.16256185032671 0.3996962405547089
1.75 2 20 21 25.22537442979797 0.3718923846727443
1.75 2 21 22 34.56524127073283 0.3467067732523959
1.75 2 22 23 41.73898280120397 0.3238119422798776
1.75 2 23 24 47.18267224692056 0.3029319016280492
1.75 2 24 25 51.24018433704657 0.2838324465043593
1.75 2 25 26 54.18437678250496 0.2663135763678454
1.75 2 26 27 56.23296668159412 0.250203505021094
1.75 2 27 28 57.56054295700892 0.2353538862340555
1.75 2 28 29 58.30773459825502 0.2216359748904972
1.75 2 29 30 58.58826452738822 0.20893751798659
1.75 2 30 31 58.4944172803439 0.1971602179547439
1.75 2 31 32 58.10130651191804 0.1862176485442251
1.75 2 32 33 57.47022714688143 0.1760335331769506
1.75 2 33 34 56.65130423141414 0.1665403124120042
1.75 2 34 35 55.68559764807026 0.1576779476502938
1.75 2 35 36 54.60678311628084 0.1493929145389332
1.75 2 36 37 53.44250121041148 0.1416373542495904
1.75 2 37 38 52.21544483965198 0.1343683525437904
1.75 2 38 39 50.94423954569373 0.1275473260778254
1.75 2 39 40 49.64415883342565 0.1211394971364514
1.75 2 40 41 48.32770765595626 0.1151134426775779
1.75 2 41 42 47.00509983325605 0.1094407056273672
1.75 2 42 43 45.68465003564864 0.104095458571908
1.75 2 43 44 44.37309650366876 0.09905421170468001
1.75 2 44 45 43.07586747854913 0.09429555898988475
1.75 2 45 46 41.79619010131796 0.09015987979080638
1.75 2 46 47 40.53958955600888 0.08798994969359696
1.75 2 47 48 39.30762462676222 0.08796852010735226
1.75 2 48 49 38.10234849490504 0.09179672063740366
1.75 2 49 50 36.92509742478481 0.09870423822791162
2 2.25 0 1 3849.599612453389 1.1811891118457
2 2.25 1 2 -3465.807847860707 0.8870413989533276
2 2.25 2 3 -5578.936239231751 1.682629749590476
2 2.25 3 4 -4212.145801591936 1.557022644664208
2 2.25 4 5 -2998.543858190368 1.37176391158039
2 2.25 5 6 -2131.006692472251 1.207293963558356
2 2.25 6 7 -1527.827354766569 1.069405970779185
2 2.25 7 8 -1105.690661614072 0.9537067786403001
2 2.25 8 9 -805.7925272453544 0.8564925082311547
2 2.25 9 10 -589.2170977387837 0.7737545374844008
2 2.25 10 11 -430.3133981482915 0.7021062350590233
2 2.25 11 12 -312.1833380130092 0.6401518161680225
2 2.25 12 13 -223.3265166280355 0.5859883488438649
2 2.25 13 14 -155.844345174683 0.5383104583521301
2 2.25 14 15 -104.1994334432875 0.4960825245784849
2 2.25 15 16 -64.44230845270818 0.4584737137432312
2 2.25 16 17 -33.7110828804955 0.4248104990019081
2 2.25 17 18 -9.901886298018781 0.3945416010672679
2 2.25 18 19 8.552154957165158 0.3672117896255694
2 2.25 19 20 22.83173099592273 0.3424420775024503
2 2.25 20 21 33.83595235620373 0.3199145720008378
2 2.25 21 22 42.25601830362962 0.2993607736769799
2 2.25 22 23 48.62783704109609 0.2805524394549195
2 2.25 23 24 53.37010522224898 0.2632943887813047
2 2.25 24 25 56.81219861426428 0.2474187872596923
2 2.25 25 26 59.21482788800608 0.2327805697888671
2 2.25 26 27 60.78549354933182 0.219253746072213
2 2.25 27 28 61.69015909018947 0.2067283998318107
2 2.25 28 29 62.06214495707252 0.1951082329530839
2 2.25 29 30 62.00895975197045 0.1843085438142234
2 2.25 30 31 61.61758638531614 0.1742545542724802
2 2.25 31 32 60.95860097766649 0.1648800145019353
2 2.25 32 33 60.08940287584085 0.1561260372663834
2 2.25 33 34 59.05676273260184 0.1479401155194145
2 2.25 34 35 57.89884376850949 0.14027529288871
2 2.25 35 36 56.64681341214532 0.1330894589809857
2 2.25 36 37 55.32613447287576 0.1263447490779446
2 2.25 37 38 53.9576042174516 0.120007029770195
2 2.25 38 39 52.55819403474021 0.114045456791647
2 2.25 39 40 51.14173055522122 0.1084320950759629
2 2.25 40 41 49.71945023693593 0.1031415878280305
2 2.25 41 42 48.30045231618811 0.09815087118660883
2 2.25 42 43 46.89206999936926 0.09343892491546828
2 2.25 43 44 45.50017548386504 0.08898655433384384
2 2.25 44 45 44.12943127279527 0.08477620006479866
2 2.25 45 46 42.78241318709868 0.08145751156096148
2 2.25 46 47 41.46399323286604 0.08145633723969085
2 2.25 47 48 40.17522200480474 0.08483651073509216
2 2.25 48 49 38.91767608727793 0.09096874660276653
2 2.25 49 50 37.69226719658008 0.09745023033183182
2.25 2.5 0 1 3343.559980284739 2.050155389406124
2.25 2.5 1 2 -3877.836345376512 0.9651218877958206
2.25 2.5 2 3 -5537.25708749623 1.705410024151855
2.25 2.5 3 4 -4109.506696306825 1.571038202110297
2.25 2.5 4 5 -2897.070354308453 1.384336404946276
2.25 2.5 5 6 -2042.879945672181 1.233515166656229
2.25 2.5 6 7 -1453.919486738317 1.116783025109359
2.25 2.5 7 8 -1044.269738633737 1.009755069246956
2.25 2.5 8 9 -754.7525603172949 0.9145516088551244
2.25 2.5 9 10 -546.659584466363 0.8315331235468175
2.25 2.5 10 11 -394.6809214595407 0.7580799225524461
2.25 2.5 11 12 -282.2035599124733 0.6936552979447812
2.25 2.5 12 13 -197.9857789094121 0.6367910807875591
2.25 2.5 13 14 -134.3315222590668 0.586389290384131
2.25 2.5 14 15 -85.86299129452868 0.5415212401710249
2.25 2.5 15 16 -48.756064054425 0.5014084476671474
2.25 2.5 16 17 -20.24753071289206 0.4653996968035867
2.25 2.5 17 18 1.688425731405914 0.4329494678544975
2.25 2.5 18 19 18.55657173322743 0.4035993106481677
2.25 2.5 19 20 31.48786463359818 0.3769623460368868
2.25 2.5 20 21 41.34133737025331 0.3527105889403846
2.25 2.5 21 22 48.77569240342473 0.3305646555855912
2.25 2.5 22 23 54.30033224203476 0.3102854242715751
2.25 2.5 23 24 58.31221354623563 0.2916672741000644
2.25 2.5 24 25 61.1227870381731 0.2745325886675611
2.25 2.5 25 26 62.97791072026064 0.2587272725102872
2.25 2.5 26 27 64.072720996881 0.2441170781048757
2.25 2.5 27 28 64.5628438890617 0.2305845840761017
2.25 2.5 28 29 64.57292125199444 0.218026697338938
2.25 2.5 29 30 64.2031474990311 0.2063525786977186
2.25 2.5 30 31 63.53431864504512 0.1954819123364045
2.25 2.5 31 32 62.63175929522237 0.1853434557187565
2.25 2.5 32 33 61.54839656229456 0.1758738192041424
2.25 2.5 33 34 60.32718058928407 0.1670164342857602
2.25 2.5 34 35 59.00300111775414 0.1587206783371033
2.25 2.5 35 36 57.60421284024557 0.1509411284388538
2.25 2.5 36 37 56.15385517944281 0.1436369240830207
2.25 2.5 37 38 54.6706320674607 0.1367712188557642
2.25 2.5 38 39 53.16970218768972 0.1303107097956725
2.25 2.5 39 40 51.66331876096785 0.1242252295956957
2.25 2.5 40 41 50.16134944870424 0.1184873932003099
2.25 2.5 41 42 48.67170011438202 0.1130722911248311
2.25 2.5 42 43 47.20066137276055 0.1079572214013567
2.25 2.5 43 44 45.75319274814169 0.10312145553504
2.25 2.5 44 45 44.33315627958234 0.09854603274857957
2.25 2.5 45 46 42.94245821285929 0.0945278083476303
2.25 2.5 46 47 41.58528700166835 0.09222715006072543
2.25 2.5 47 48 40.26218150144933 0.09178081972662619
2.25 2.5 48 49 38.97423677515832 0.0930505470114783
2.25 2.5 49 50 37.72193949490739 0.09488360635451938
2.5 2.75 0 1 2786.184216888935 2.773294174678218
2.5 2.75 1 2 -4314.798459559261 1.107737629289571
2.5 2.75 2 3 -5475.794132528495 2.352214824275475
2.5 2.75 3 4 -3984.819420688413 2.437126942354865
2.5 2.75 4 5 -2775.709063591105 2.207288527304065
2.5 2.75 5 6 -1937.451798227411 1.952715364902999
2.5 2.75 6 7 -1365.138378513189 1.724884469100432
2.5 2.75 7 8 -970.1133297758656 1.530006187614798
2.5 2.75 8 9 -692.8080096727622 1.364750394913605
2.5 2.75 9 10 -494.7480327301091 1.224772183514873
2.5 2.75 10 11 -350.9954840283767 1.104815843890863
2.5 2.75 11 12 -245.2657595184894 1.001688268929037
2.5 2.75 12 13 -166.6091567800065 0.9122954151525891
2.5 2.75 13 14 -107.5619984046014 0.8342705082537799
2.5 2.75 14 15 -62.93094734531451 0.7657272339219342
2.5 2.75 15 16 -29.03764701810792 0.7051541325871106
2.5 2.75 16 17 -3.234208173227444 0.6513314123399687
2.5 2.75 17 18 16.41359105120318 0.6032669604310954
2.5 2.75 18 19 31.33738157264634 0.5601474655858715
2.5 2.75 19 20 42.60938284415374 0.521301054487742
2.5 2.75 20 21 51.04117028713176 0.4861686014383389
2.5 2.75 21 22 57.25287598743171 0.4542815571422952
2.5 2.75 22 23 61.72237568511423 0.4252446917677952
2.5 2.75 23 24 64.8207157804444 0.3987225619301681
2.5 2.75 24 25 66.83794217082561 0.3744288169269044
2.5 2.75 25 26 68.0021431922886 0.3521176867201645
2.5 2.75 26 27 68.49363488974495 0.3315771568423977
2.5 2.75 27 28 68.45562846627729 0.3126234587644598
2.5 2.75 28 29 68.00232285853474 0.2950965925429502
2.5 2.75 29 30 67.22509370304738 0.2788566650275965
2.5 2.75 30 31 66.19726199982472 0.2637808779336384
2.5 2.75 31 32 64.97779389234114 0.2497610356312591
2.5 2.75 32 33 63.61418957304323 0.2367014722965858
2.5 2.75 33 34 62.14475245910779 0.2245173183441117
2.5 2.75 34 35 60.60038141455721 0.2131330448222488
2.5 2.75 35 36 59.00599351254567 0.2024812339535647
2.5 2.75 36 37 57.38165884090694 0.1925015375223419
2.5 2.75 37 38 55.74350963238948 0.1831397899001969
2.5 2.75 38 39 54.10447155695238 0.1743472497694317
2.5 2.75 39 40 52.47485414873967 0.1660799503530608
2.5 2.75 40 41 50.86282924413516 0.1582981388408664
2.5 2.75 41 42 49.27481980260376 0.1509657933995366
2.5 2.75 42 43 47.71581691646816 0.1440502032248767
2.5 2.75 43 44 46.18963893080397 0.137521604416965
2.5 2.75 44 45 44.69914375824271 0.1313528619337077
2.5 2.75 45 46 43.24538900712355 0.1257386446225592
2.5 2.75 46 47 41.83171071328013 0.1214827329958451
2.5 2.75 47 48 40.45799306416782 0.1186971392464096
2.5 2.75 48 49 39.12471875196292 0.1173277363107367
2.5 2.75 49 50 37.83183074429709 0.116576757620189
2.75 3 0 1 2163.692156060648 2.327400307264675
2.75 3 1 2 -4755.286749696078 3.509087641368974
2.75 3 2 3 -5358.854653329363 5.676303764837699
2.75 3 3 4 -3807.032266322532 4.986605912666684
2.75 3 4 5 -2610.788852504814 4.201554733815724
2.75 3 5 6 -1797.650415040203 3.55374703793292
2.75 3 6 7 -1249.46152434969 3.039185197543385
2.75 3 7 8 -874.8806700206414 2.628800275096353
2.75 3 8 9 -614.2469377771986 2.297290346361713
2.75 3 9 10 -429.6737963894261 2.025888946648123
2.75 3 10 11 -296.8781710400669 1.799971506819469
2.75 3 11 12 -199.9607783701122 1.610539799724217
2.75 3 12 13 -128.5224527831658 1.44942558039737
2.75 3 13 14 -75.40260136011648 1.311200802101506
2.75 3 14 15 -35.66936838154675 1.191598274950869
2.75 3 15 16 -5.847610214533461 1.087320039635166
2.75 3 16 17 16.55198484609718 0.9957827445624157
2.75 3 17 18 33.33914616253082 0.9149376227896203
2.75 3 18 19 45.84710256210155 0.8431413546753697
2.75 3 19 20 55.06974492933648 0.7790620941021649
2.75 3 20 21 61.75586422973618 0.7216101360346847
2.75 3 21 22 66.47492935482148 0.6698860968063777
2.75 3 22 23 69.66367252783641 0.6231417098565106
2.75 3 23 24 71.65952569364072 0.5807498288018381
2.75 3 24 25 72.72491540776559 0.5421812319662122
2.75 3 25 26 73.06511529194324 0.5069865093771647
2.75 3 26 27 72.84150089020591 0.4747817890040936
2.75 3 27 28 72.181485030472 0.4452373916698469
2.75 3 28 29 71.18603062071963 0.4180687422032102
2.75 3 29 30 69.93537762586368 0.3930290331974815
2.75 3 30 31 68.4934414396435 0.369903262435364
2.75 3 31 32 66.91121422593324 0.3485033543695084
2.75 3 32 33 65.22941203325104 0.3286641445814367
2.75 3 33 34 63.48054710039833 0.3102400548494605
2.75 3 34 35 61.69055903095722 0.2931023253099089
2.75 3 35 36 59.88010522225818 0.277136698398907
2.75 3 36 37 58.06558647436617 0.2622414711388115
2.75 3 37 38 56.25996564983024 0.2483258503335909
2.75 3 38 39 54.47342372361649 0.235308556319201
2.75 3 39 40 52.71388740592135 0.2231166342513824
2.75 3 40 41 50.98745496844145 0.2116844365855913
2.75 3 41 42 49.2987408546843 0.2009527500943624
2.75 3 42 43 47.65115540821256 0.1908680435230319
2.75 3 43 44 46.04713246647708 0.1813818169900384
2.75 3 44 45 44.48831493405103 0.1724500379540613
2.75 3 45 46 42.97473755898909 0.1641870166813157
2.75 3 46 47 41.5087058746989 0.1571427248262364
2.75 3 47 48 40.08932015663075 0.1513945380282954
2.75 3 48 49 38.7163304949585 0.1469154312725586
2.75 3 49 50 37.38903058329007 0.1431406461349376
3 3.25 0 1 1479.171978142446 1.327216116598714
3 3.25 1 2 -5124.547785725659 8.879513983941383
3 3.25 2 3 -5126.911557583986 9.921291035133351
3 3.25 3 4 -3537.388235230515 8.18892659227982
3 3.25 4 5 -2377.48907875424 6.695407631345123
3 3.25 5 6 -1607.545395822829 5.555138602235349
3 3.25 6 7 -1096.6760050153 4.684382888645896
3 3.25 7 8 -752.1026808300717 4.007173981015511
3 3.25 8 9 -515.1443771642828 3.470014143706973
3 3.25 9 10 -349.2025857645899 3.035779686908555
3 3.25 10 11 -231.1395950671708 2.679255028153559
3 3.25 11 12 -145.9932916981043 2.382516248853247
3 3.25 12 13 -83.99661995578322 2.13234494304525
3 3.25 13 14 -38.51976533570996 1.91924372079067
3 3.25 14 15 -5.019195912086161 1.736022406906782
3 3.25 15 16 19.68530315597468 1.577191062114651
3 3.25 16 17 37.85724133613121 1.438493449905777
3 3.25 17 18 51.13194570660903 1.316584118982289
3 3.25 18 19 60.70674398556685 1.208800686573271
3 3.25 19 20 67.46871280187895 1.113000458531327
3 3.25 20 21 72.08200036410983 1.027441329195953
3 3.25 21 22 75.04848361615598 0.9506936829760273
3 3.25 22 23 76.75052865212808 0.881574346938322
3 3.25 23 24 77.48154450026618 0.8190964603173487
3 3.25 24 25 77.46808649933462 0.7624309899607339
3 3.25 25 26 76.88602850384706 0.7108768740319557
3 3.25 26 27 75.87251902019705 0.6638376336138126
3 3.25 27 28 74.53490501598355 0.6208028851390462
3 3.25 28 29 72.95745110388657 0.5813336033981782
3 3.25 29 30 71.20643962322288 0.5450502826083552
3 3.25 30 31 69.33407061482063 0.5116233556987405
3 3.25 31 32 67.38146451721315 0.4807653882457664
3 3.25 32 33 65.38098860070312 0.4522246772004734
3 3.25 33 34 63.35806991784534 0.4257799706334544
3 3.25 34 35 61.3326156552792 0.4012360864859282
3 3.25 35 36 59.3201313662974 0.3784202590215976
3 3.25 36 37 57.33260529431553 0.3571790758320559
3 3.25 37 38 55.37921061107576 0.3373758982159186
3 3.25 38 39 53.46686513770328 0.3188886786537676
3 3.25 39 40 51.60067896183438 0.301608106522077
3 3.25 40 41 49.78431355720809 0.2854360260221187
3 3.25 41 42 48.02027059725498 0.2702840815209417
3 3.25 42 43 46.31012483622632 0.2560725530169041
3 3.25 43 44 44.6547122598439 0.2427293517965729
3 3.25 44 45 43.05428233721645 0.2301891510840963
3 3.25 45 46 41.50771591283723 0.2184970214502977
3 3.25 46 47 40.01612644263275 0.2079967850416753
3 3.25 47 48 38.57774573508047 0.1987189938892412
3 3.25 48 49 37.19150635088162 0.1906311113462699
3 3.25 49 50 35.85598223281947 0.1833371591347022
3.25 3.5 0 1 760.757484412585 0.4691323520479864
3.25 3.5 1 2 -5299.633748082026 19.47151066467288
3.25 3.5 2 3 -4706.792079684929 15.86874815366705
3.25 3.5 3 4 -3134.372265320206 12.0883430432649
3.25 3.5 4 5 -2052.416724619063 9.473612702634048
3.25 3.5 5 6 -1354.334907839249 7.640060668417393
3.25 3.5 6 7 -900.3040718626467 6.30566736766849
3.25 3.5 7 8 -599.1468891916445 5.300926991011098
3.25 3.5 8 9 -395.2195059666321 4.522705951847475
3.25 3.5 9 10 -254.5168450242677 3.905636827264643
3.25 3.5 10 11 -155.9023482833263 3.406836038879065
3.25 3.5 11 12 -85.98076079246471 2.996885620175922
3.25 3.5 12 13 -35.95612639537467 2.655421209072625
3.25 3.5 13 14 0.0148807630328065 2.367513107404932
3.25 3.5 14 15 25.90141513711114 2.122269549189448
3.25 3.5 15 16 44.46249758580359 1.911478045226441
3.25 3.5 16 17 57.64551696249043 1.728854315172656
3.25 3.5 17 18 66.84588119968498 1.56951500013255
3.25 3.5 18 19 73.07688599821154 1.42961303220412
3.25 3.5 19 20 77.08303061113315 1.306080330903054
3.25 3.5 20 21 79.4169745557773 1.196442905812515
3.25 3.5 21 22 80.4926657202916 1.098685794759208
3.25 3.5 22 23 80.6225714972295 1.011152929568782
3.25 3.5 23 24 80.044128454727 0.9324718877826771
3.25 3.5 24 25 78.93876837717301 0.8614966435682404
3.25 3.5 25 26 77.44576084397295 0.7972635175032283
3.25 3.5 26 27 75.67238982106619 0.7389569276997662
3.25 3.5 27 28 73.70150660170771 0.6858825047149401
3.25 3.5 28 29 71.59718455412786 0.6374457986079548
3.25 3.5 29 30 69.40898656805939 0.5931352754459845
3.25 3.5 30 31 67.17520918193964 0.552508634460071
3.25 3.5 31 32 64.92536531394444 0.5151817181835425
3.25 3.5 32 33 62.68209594495966 0.4808194640544302
3.25 3.5 33 34 60.46265034125031 0.4491284748561942
3.25 3.5 34 35 58.28003803890977 0.4198508828170324
3.25 3.5 35 36 56.14392952295697 0.3927592533750266
3.25 3.5 36 37 54.06136334461598 0.3676523309275499
3.25 3.5 37 38 52.03730336475564 0.3443514692690935
3.25 3.5 38 39 50.07507932942246 0.3226976231966464
3.25 3.5 39 40 48.17673618977963 0.3025488011438277
3.25 3.5 40 41 46.34331180555915 0.2837778998142201
3.25 3.5 41 42 44.57505809090273 0.2662708556047191
3.25 3.5 42 43 42.87161744943757 0.249925061197378
3.25 3.5 43 44 41.2321636906612 0.2346480035173322
3.25 3.5 44 45 39.65551463234152 0.220356088941821
3.25 3.5 45 46 38.13940954140757 0.2070680444818428
3.25 3.5 46 47 36.68370872296552 0.1950801495114535
3.25 3.5 47 48 35.28581879276356 0.184414267178289
3.25 3.5 48 49 33.94387848063195 0.1750380951772053
3.25 3.5 49 50 32.65577493115487 0.1665853837137766
3.5 3.75 0 1 92.16822083245887 1.818173875307515
3.5 3.75 1 2 -5088.6128478193 25.90059051716092
3.5 3.75 2 3 -4018.207842401568 17.59063670674779
3.5 3.75 3 4 -2565.837290944301 12.59096709762387
3.5 3.75 4 5 -1625.784950129103 9.5210218392663
3.5 3.75 5 6 -1038.7853885362 7.488885631383409
3.5 3.75 6 7 -666.0600315786467 6.062219354097031
3.5 3.75 7 8 -423.9091032894955 5.015048963976524
3.5 3.75 8 9 -263.1428297944026 4.219803922645945
3.5 3.75 9 10 -154.4093873487657 3.599057863777198
3.5 3.75 10 11 -79.67467143756653 3.103846804083242
3.5 3.75 11 12 -27.9484097688312 2.701899098742952
3.5 3.75 12 13 8.157911010638827 2.369845307429609
3.5 3.75 13 14 33.24940175140068 2.092973234611985
3.5 3.75 14 15 50.67281203440507 1.858937865370887
3.5 3.75 15 16 62.57078027569992 1.659337779190125
3.5 3.75 16 17 70.47742888683536 1.48766202114882
3.5 3.75 17 18 75.48032590113553 1.338897657182826
3.5 3.75 18 19 78.36066385196693 1.209128210995085
3.5 3.75 19 20 79.68599132597512 1.095253706074486
3.5 3.75 20 21 79.87269277790591 0.9947916243721067
3.5 3.75 21 22 79.22879461936481 0.9057328895990642
3.5 3.75 22 23 77.98374100781297 0.8264360050251933
3.5 3.75 23 24 76.30939318156084 0.7555481171952155
3.5 3.75 24 25 74.33502574450682 0.6919453870797035
3.5 3.75 25 26 72.15815839988448 0.6346874080688419
3.5 3.75 26 27 69.85246093691183 0.5829819806460785
3.5 3.75 27 28 67.47357671069562 0.5361576163386049
3.5 3.75 28 29 65.06344953771452 0.4936418756140737
3.5 3.75 29 30 62.6535636242229 0.454944155046121
3.5 3.75 30 31 60.26738674443311 0.4196419007001934
3.5 3.75 31 32 57.92222436955862 0.3873694833948815
3.5 3.75 32 33 55.6306348600701 0.3578091600757248
3.5 3.75 33 34 53.40151520632108 0.3306836817964903
3.5 3.75 34 35 51.2409378307112 0.3057502123322035
3.5 3.75 35 36 49.15279812266127 0.2827952958279825
3.5 3.75 36 37 47.13931724770728 0.2616306706885205
3.5 3.75 37 38 45.20143372862867 0.2420897695426552
3.5 3.75 38 39 43.3391091199515 0.2240247792397353
3.5 3.75 39 40 41.55156702708612 0.2073041598635752
3.5 3.75 40 41 39.83748026813366 0.1918105425976218
3.5 3.75 41 42 38.19511744707688 0.1774389417132648
3.5 3.75 42 43 36.6224577398209 0.1640952275740491
3.5 3.75 43 44 35.11728069565771 0.1516948187712511
3.5 3.75 44 45 33.6772363238934 0.1401615582778864
3.5 3.75 45 46 32.29922095834445 0.1295442484746452
3.5 3.75 46 47 30.98201046503046 0.120246148095021
3.5 3.75 47 48 29.72246973613308 0.1123409230986247
3.5 3.75 48 49 28.51817606333952 0.1058300308431595
3.5 3.75 49 50 27.36655764740422 0.10028415178768
3.75 4 0 1 -410.5842074686398 2.07940957529631
3.75 4 1 2 -4346.110664233139 29.935230118612
3.75 4 2 3 -3042.563121532714 14.39113413214409
3.75 4 3 4 -1843.828036774172 8.626298895188221
3.75 4 4 5 -1117.937129755923 5.748686650706384
3.75 4 5 6 -682.3306527415036 4.07886252777587
3.75 4 6 7 -414.0071990522752 3.015663439448076
3.75 4 7 8 -244.3432886229664 2.294596717473358
3.75 4 8 9 -134.6714522307761 1.782535441595187
3.75 4 9 10 -62.55263617158766 1.406376490817999
3.75 4 10 11 -14.55273270591374 1.123305250487354
3.75 4 11 12 17.88210015550828 0.90400994209589
3.75 4 12 13 39.19642878239677 0.7318321495195768
3.75 4 13 14 53.62597767617126 0.5965370899882498
3.75 4 14 15 62.51246626459999 0.4878221850232963
3.75 4 15 16 68.0961206003002 0.4002367808967959
3.75 4 16 17 71.18897002202806 0.3296294341461409
3.75 4 17 18 72.52078834259197 0.2729279339721096
3.75 4 18 19 72.60772671646151 0.2293036102014708
3.75 4 19 20 71.81869482611063 0.2124779623589425
3.75 4 20 21 70.41963505648584 0.1972539607844733
3.75 4 21 22 68.60355680274728 0.18343325417795
3.75 4 22 23 66.51122511760974 0.1708478256270927
3.75 4 23 24 64.24560984192152 0.1593545370096016
3.75 4 24 25 61.88210337557322 0.1488307868164498
3.75 4 25 26 59.47582765588203 0.1391710295106847
3.75 4 26 27 57.06691255675202 0.1302839683153514
3.75 4 27 28 54.68434358882601 0.1295880075642633
3.75 4 28 29 52.34878958739046 0.1323816197844246
3.75 4 29 30 50.07469587641324 0.1352632692307886
3.75 4 30 31 47.87184370740567 0.13802759020158
3.75 4 31 32 45.74651862869473 0.1405555467224687
3.75 4 32 33 43.70239012417795 0.1427842273778418
3.75 4 33 34 41.74117660910998 0.144686382088344
3.75 4 34 35 39.86314985049495 0.1462569362145179
3.75 4 35 36 38.06751857154828 0.1475042307892415
3.75 4 36 37 36.35272068351256 0.1484443798117022
3.75 4 37 38 34.716646106756 0.1490976599550117
3.75 4 38 39 33.15680663904203 0.1494862189904947
3.75 4 39 40 31.67046527655268 0.1496326405892079
3.75 4 40 41 30.25473443566206 0.1495590642330885
3.75 4 41 42 28.90665019911926 0.1492866657334152
3.75 4 42 43 27.6232280944902 0.1488353708171486
3.75 4 43 44 26.40150462350934 0.1482237192318093
3.75 4 44 45 25.23856776400473 0.1474688239769912
3.75 4 45 46 24.13107618318823 0.1466566396604816
3.75 4 46 47 23.07716498566123 0.1460446149941428
3.75 4 47 48 22.07368671329084 0.145647354192895
3.75 4 48 49 21.1181092782727 0.1454388273427691
3.75 4 49 50 20.20783216769896 0.1452100267707495
4 5 0 1 -1178.429628308928 3.863478644946102
4 5 1 2 -4854.42079695621 10.86835324609561
4 5 2 3 -2794.662950279776 6.908454645281448
4 5 3 4 -1472.707631618547 4.866982027788267
4 5 4 5 -769.14281020303 3.55340313480053
4 5 5 6 -388.8900414427571 2.704986243697228
4 5 6 7 -175.0567482072515 2.164376387039539
4 5 7 8 -51.40927452267374 1.793094805490391
4 5 8 9 21.14813842732519 1.515241760776839
4 5 9 10 63.73011960999088 1.296772010246157
4 5 10 11 88.19798752696875 1.12453683462335
4 5 11 12 101.5086037893531 0.986595712475961
4 5 12 13 107.8486639995541 0.8711958235444284
4 5 13 14 109.7829157639496 0.77282764010731
4 5 14 15 108.925552812273 0.6895355318239249
4 5 15 16 106.3226066102438 0.6191310775160496
4 5 16 17 102.6606750151473 0.558650643309502
4 5 17 18 98.39047195846348 0.505687725390226
4 5 18 19 93.80793909217959 0.458887724722666
4 5 19 20 89.10830128429166 0.4175062348923629
4 5 20 21 84.42059518212335 0.3809137190252259
4 5 21 22 79.82924493742468 0.3484444254004296
4 5 22 23 75.38795520858943 0.3194619322427946
4 5 23 24 71.12916032022409 0.2934379807640029
4 5 24 25 67.07067635066608 0.2699679885061328
4 5 25 26 63.22039354153503 0.2487416523620253
4 5 26 27 59.57953970495677 0.2295061942748958
4 5 27 28 56.14492232316135 0.2120421816585222
4 5 28 29 52.91046655581007 0.1961534227318275
4 5 29 30 49.86827852810234 0.1816648226557398
4 5 30 31 47.00938809658217 0.1684224300151791
4 5 31 32 44.32427066073043 0.1562927797918482
4 5 32 33 41.80321256319704 0.1451609799056124
4 5 33 34 39.43656355798485 0.1349280476880506
4 5 34 35 37.2149071071829 0.1255081592035403
4 5 35 36 35.12917104757106 0.116826240152354
4 5 36 37 33.17069539607165 0.1088160563988341
4 5 37 38 31.33126974057664 0.1014187763438006
4 5 38 39 29.60314934905684 0.09458190295824404
4 5 39 40 27.97905660877797 0.0882584618214244
4 5 40 41 26.45217258236796 0.08240635438577726
4 5 41 42 25.01612203202305 0.07698781748999392
4 5 42 43 23.66495432503553 0.07196895125213915
4 5 43 44 22.39312194123724 0.06731929930608777
4 5 44 45 21.1954577462755 0.06301146983597514
4 5 45 46 20.06665458042509 0.05947502432536995
4 5 46 47 19.00288503026287 0.05834208561517661
4 5 47 48 17.99952959215999 0.05969413698178361
4 5 48 49 17.05276015763613 0.06377230899741668
4 5 49 50 16.15861295469887 0.06821859478328847
-5 5 0 50 -554981.4194588703 98.93178889913186
