#ylo yhi qTlo qThi PDF0  uncertainty
-5 -4 0 1 -1207.153905101139 3.749996612028779
-5 -4 1 2 -4888.524860311891 10.56430586433286
-5 -4 2 3 -2801.815357135297 6.734433001199095
-5 -4 3 4 -1467.980227173573 4.771993056137315
-5 -4 4 5 -761.0765738117284 3.486583332826878
-5 -4 5 6 -380.9829735382382 2.647474896306256
-5 -4 6 7 -168.2794025414585 2.112982935968348
-5 -4 7 8 -45.88439782546288 1.748002875002847
-5 -4 8 9 25.55060941442935 1.476885868387229
-5 -4 9 10 67.20294742838144 1.264532354314083
-5 -4 10 11 90.92133995315919 1.097377365638618
-5 -4 11 12 103.634346179427 0.9634229958184277
-5 -4 12 13 109.5006427671528 0.8517832682889263
-5 -4 13 14 111.0568449442758 0.7560343541763342
-5 -4 14 15 109.8979208763944 0.6750609172136983
-5 -4 15 16 107.0533453995509 0.6065997197504909
-5 -4 16 17 103.1972658698504 0.5477611328214257
-5 -4 17 18 98.770701022693 0.4961894489013037
-5 -4 18 19 94.06199663631202 0.4505730469445174
-5 -4 19 20 89.26041946353303 0.4102056758506842
-5 -4 20 21 84.49032476986997 0.3744885388489214
-5 -4 21 22 79.83243912460463 0.3427788584914297
-5 -4 22 23 75.33752431479388 0.314457529233719
-5 -4 23 24 71.03565492226394 0.289010217406616
-5 -4 24 25 66.94274363463708 0.266044157793683
-5 -4 25 26 63.06513849950429 0.2452591922558156
-5 -4 26 27 59.40281303812932 0.2264111280590916
-5 -4 27 28 55.95155082508447 0.2092876836076172
-5 -4 28 29 52.70443802102423 0.1936985965992448
-5 -4 29 30 49.65289068734738 0.1794737257470009
-5 -4 30 31 46.7873691090165 0.166463315680975
-5 -4 31 32 44.09787707360591 0.1545375050434792
-5 -4 32 33 41.57430934116489 0.1435845261949794
-5 -4 33 34 39.20668975345522 0.1335081194220861
-5 -4 34 35 36.98532995562613 0.1242248379287681
-5 -4 35 36 34.90093067587324 0.1156616839236019
-5 -4 36 37 32.94464187966427 0.1077542375950944
-5 -4 37 38 31.10809390059694 0.1004452538874564
-5 -4 38 39 29.3834084097176 0.09368362617827099
-5 -4 39 40 27.76319562273191 0.087423601192542
-5 -4 40 41 26.24054236309154 0.08162415658213158
-5 -4 41 42 24.80899419523851 0.07624848144397646
-5 -4 42 43 23.46253392994014 0.07126352212922209
-5 -4 43 44 22.19555813639692 0.06663957847348477
-5 -4 44 45 21.0028527498181 0.06234993905333162
-5 -4 45 46 19.87907170571844 0.05881594154911281
-5 -4 46 47 18.82035578316668 0.05763772533996586
-5 -4 47 48 17.82205826457696 0.05883482554073573
-5 -4 48 49 16.88032817268862 0.06283735095674392
-5 -4 49 50 15.99118398670184 0.06717634970841405
-4 -3.75 0 1 -432.5021233819783 2.031955371686631
-4 -3.75 1 2 -4362.795577970939 29.82215647678065
-4 -3.75 2 3 -3040.922258980059 14.33909335518677
-4 -3.75 3 4 -1835.984122048318 8.595229446811162
-4 -3.75 4 5 -1108.96281152735 5.727850726518207
-4 -3.75 5 6 -674.2399865063571 4.06413512169091
-4 -3.75 6 7 -407.2600906947994 3.004970588540923
-4 -3.75 7 8 -238.8867841203228 2.286728697945251
-4 -3.75 8 9 -130.2610054184261 1.776528092446551
-4 -3.75 9 10 -58.9473107741569 1.402012480676818
-4 -3.75 10 11 -11.66258421474015 1.120540273166826
-4 -3.75 11 12 19.70088982795835 0.9025996796812887
-4 -3.75 12 13 41.11681094478001 0.7294580998790411
-4 -3.75 13 14 54.9011094609333 0.5956050747919653
-4 -3.75 14 15 63.60688638009083 0.4874278894886391
-4 -3.75 15 16 68.95824384632238 0.4002531159529076
-4 -3.75 16 17 71.86334543245817 0.3299935937358074
-4 -3.75 17 18 73.04289579729834 0.27358679837387
-4 -3.75 18 19 73.00598503406457 0.2296236784416404
-4 -3.75 19 20 72.11599190664947 0.2128993262285031
-4 -3.75 20 21 70.63449846200012 0.1977531360161681
-4 -3.75 21 22 68.75105450063478 0.1839916947186144
-4 -3.75 22 23 66.60366321660695 0.1714508005929969
-4 -3.75 23 24 64.29307681541889 0.1599902892078842
-4 -3.75 24 25 61.89289744603369 0.1494898952366261
-4 -3.75 25 26 59.45679462468686 0.1398459224707036
-4 -3.75 26 27 57.02371449421005 0.1309685470764663
-4 -3.75 27 28 54.62167376942236 0.1301599924506621
-4 -3.75 28 29 52.27054534657506 0.1328210989670891
-4 -3.75 29 30 49.98411831697794 0.1355866253672831
-4 -3.75 30 31 47.77163113322979 0.1382505567403332
-4 -3.75 31 32 45.63891903759801 0.1406923439653274
-4 -3.75 32 33 43.58927692559936 0.1428473186105292
-4 -3.75 33 34 41.62411083478509 0.1446865219684784
-4 -3.75 34 35 39.74343144408199 0.1462033382299414
-4 -3.75 35 36 37.94622880856417 0.1474047677975419
-4 -3.75 36 37 36.23075736084436 0.1483057798059768
-4 -3.75 37 38 34.59475281572496 0.1489256815653618
-4 -3.75 38 39 33.03559718140284 0.149285802897941
-4 -3.75 39 40 31.55044407921214 0.1494080372213197
-4 -3.75 40 41 30.1363136598425 0.1493139407247932
-4 -3.75 41 42 28.79016411119049 0.1490241948248162
-4 -3.75 42 43 27.50894516026163 0.148558304898086
-4 -3.75 43 44 26.28963770836891 0.1479344519815018
-4 -3.75 44 45 25.12928274867834 0.1471694419042523
-4 -3.75 45 46 24.02450033688986 0.146349935180134
-4 -3.75 46 47 22.97338978807039 0.1457363341588984
-4 -3.75 47 48 21.97277648242628 0.1453419619397864
-4 -3.75 48 49 21.02010460994208 0.1451382598550643
-4 -3.75 49 50 20.11275332361639 0.1449127258159446
-3.75 -3.5 0 1 66.85588177194609 1.788564680458055
-3.75 -3.5 1 2 -5099.246683011824 25.72526305437238
-3.75 -3.5 2 3 -4006.299806105802 17.47288203694464
-3.75 -3.5 3 4 -2550.233813511274 12.50773891280362
-3.75 -3.5 4 5 -1611.347278530323 9.458818953364544
-3.75 -3.5 5 6 -1026.830883946718 7.440614840300577
-3.75 -3.5 6 7 -656.5512300415394 6.023741578013481
-3.75 -3.5 7 8 -416.4595247057127 4.983788978704603
-3.75 -3.5 8 9 -257.3419745096808 4.19384413822809
-3.75 -3.5 9 10 -149.9073838964812 3.577498337193934
-3.75 -3.5 10 11 -76.27745531072628 3.085902964815529
-3.75 -3.5 11 12 -25.12790410708294 2.685869020927125
-3.75 -3.5 12 13 10.35866924175161 2.356481643663534
-3.75 -3.5 13 14 34.89070928316175 2.081394944007206
-3.75 -3.5 14 15 51.93034371266197 1.8488844011249
-3.75 -3.5 15 16 63.52252326671578 1.650571813498795
-3.75 -3.5 16 17 71.18451856604997 1.479992077859854
-3.75 -3.5 17 18 75.99103601986883 1.332167491855421
-3.75 -3.5 18 19 78.71337086594656 1.20320903337784
-3.75 -3.5 19 20 79.91139140002667 1.090038390309541
-3.75 -3.5 20 21 79.99547375553198 0.9901903348832793
-3.75 -3.5 21 22 79.2689082474061 0.9016697322295933
-3.75 -3.5 22 23 77.95737964537983 0.8228464319916556
-3.75 -3.5 23 24 76.22974607585252 0.7523768937717304
-3.75 -3.5 24 25 74.21286934373501 0.6891449823678657
-3.75 -3.5 25 26 72.00232056079398 0.6322167094805989
-3.75 -3.5 26 27 69.67018846427675 0.5808052581720219
-3.75 -3.5 27 28 67.27082817578793 0.5342436814965038
-3.75 -3.5 28 29 64.8451298950045 0.4919633934757157
-3.75 -3.5 29 30 62.42371316638562 0.4534770776151688
-3.75 -3.5 30 31 60.02933400091553 0.4183649971828176
-3.75 -3.5 31 32 57.67871036176209 0.3862639487164439
-3.75 -3.5 32 33 55.38391447703103 0.3568582865070298
-3.75 -3.5 33 34 53.15344021150779 0.3298725823095043
-3.75 -3.5 34 35 50.99302505631664 0.3050655862109017
-3.75 -3.5 35 36 48.90628566511268 0.282225229288825
-3.75 -3.5 36 37 46.89521090725941 0.2611644662560388
-3.75 -3.5 37 38 44.96054548887111 0.2417178000237275
-3.75 -3.5 38 39 43.10208910801154 0.2237383612407601
-3.75 -3.5 39 40 41.31893012008223 0.2070954448306963
-3.75 -3.5 40 41 39.60962828943681 0.1916724219589298
-3.75 -3.5 41 42 37.97235771871836 0.1773649639636792
-3.75 -3.5 42 43 36.40501861815582 0.1640795258733585
-3.75 -3.5 43 44 34.90532460153179 0.151732047127985
-3.75 -3.5 44 45 33.47087068824555 0.1402468349938643
-3.75 -3.5 45 46 32.09851018029316 0.1296721670612541
-3.75 -3.5 46 47 30.78697607961701 0.1204074419483012
-3.75 -3.5 47 48 29.5331045037983 0.1125238020803402
-3.75 -3.5 48 49 28.33444680516543 0.1060198939073678
-3.75 -3.5 49 50 27.18841041428522 0.1004685798121993
-3.5 -3.25 0 1 732.304993675235 0.4578040622559209
-3.5 -3.25 1 2 -5304.605367574459 19.31670683464405
-3.5 -3.25 2 3 -4682.97485137382 15.75007102145087
-3.5 -3.25 3 4 -3109.328769259268 12.00025096460803
-3.5 -3.25 4 5 -2031.206665396272 9.405684975939488
-3.5 -3.25 5 6 -1337.550586042209 7.585994276753662
-3.5 -3.25 6 7 -887.3251928543482 6.261581301021864
-3.5 -3.25 7 8 -589.1810463760414 5.264300561125811
-3.5 -3.25 8 9 -387.577505059973 4.491825852258742
-3.5 -3.25 9 10 -248.6566979180511 3.87924492993962
-3.5 -3.25 10 11 -151.3907740663778 3.384113446028085
-3.5 -3.25 11 12 -82.51390979558323 2.977161746125406
-3.5 -3.25 12 13 -33.31804771128031 2.638122763434394
-3.5 -3.25 13 14 2.013064657549876 2.352272663804451
-3.5 -3.25 14 15 27.39549869356688 2.108770625541343
-3.5 -3.25 15 16 45.55730491666986 1.899466114513582
-3.5 -3.25 16 17 58.42270261433453 1.718122142362066
-3.5 -3.25 17 18 67.36958705748737 1.559892001209028
-3.5 -3.25 18 19 73.39787856362159 1.420957414591445
-3.5 -3.25 19 20 77.24175850947961 1.298273195910905
-3.5 -3.25 20 21 79.44585312979609 1.189383759743996
-3.5 -3.25 21 22 80.41780285401717 1.092289087990315
-3.5 -3.25 22 23 80.46508499293407 1.00534535668597
-3.5 -3.25 23 24 79.82116143955534 0.9271902587438534
-3.5 -3.25 24 25 78.66427895333356 0.8566861885692127
-3.5 -3.25 25 26 77.13114115934053 0.7928765249461448
-3.5 -3.25 26 27 75.32695496212102 0.7349516406435506
-3.5 -3.25 27 28 73.33288322565426 0.6822222199356556
-3.5 -3.25 28 29 71.21162164948998 0.6340981256594197
-3.5 -3.25 29 30 69.01160527021415 0.5900715233987972
-3.5 -3.25 30 31 66.7702045583888 0.5497033009883928
-3.5 -3.25 31 32 64.51617006093477 0.5126120616961249
-3.5 -3.25 32 33 62.2715137054488 0.4784651431237399
-3.5 -3.25 33 34 60.0529646696373 0.4469712430902358
-3.5 -3.25 34 35 57.87310175249507 0.4178743292315997
-3.5 -3.25 35 36 55.7412381871338 0.3909485806209916
-3.5 -3.25 36 37 53.66411587714578 0.3659941648754874
-3.5 -3.25 37 38 51.64645214040064 0.3428336950252318
-3.5 -3.25 38 39 49.6913717028232 0.321309243306892
-3.5 -3.25 39 40 47.80074897812744 0.3012798124588928
-3.5 -3.25 40 41 45.97547998184623 0.2826191862403091
-3.5 -3.25 41 42 44.21569870353241 0.2652140945033589
-3.5 -3.25 42 43 42.52094959440413 0.2489626412006073
-3.5 -3.25 43 44 40.89032521381191 0.2337729523919765
-3.5 -3.25 44 45 39.32257611437953 0.2195620099072027
-3.5 -3.25 45 46 37.81539044079702 0.2063475803042473
-3.5 -3.25 46 47 36.36857529370663 0.1944204780405679
-3.5 -3.25 47 48 34.97950418714105 0.1838010909355777
-3.5 -3.25 48 49 33.6462853659059 0.1744564172638862
-3.5 -3.25 49 50 32.36678292720308 0.1660250244494529
-3.25 -3 0 1 1447.987080897198 1.315166049295632
-3.25 -3 1 2 -5125.070281307153 8.76892703426128
-3.25 -3 2 3 -5091.830761869965 9.813778424298633
-3.25 -3 3 4 -3503.239904628219 8.102132375041426
-3.25 -3 4 5 -2349.687107277219 6.624745329487042
-3.25 -3 5 6 -1586.015651916736 5.496438590544792
-3.25 -3 6 7 -1080.250521476069 4.634728706641305
-3.25 -3 7 8 -739.6051639613261 3.964538424766124
-3.25 -3 8 9 -505.6216234771819 3.432949334275097
-3.25 -3 9 10 -341.9327113471375 3.00322967412472
-3.25 -3 10 11 -225.5862139557958 2.650416212095953
-3.25 -3 11 12 -141.7565286182421 2.356776621554209
-3.25 -3 12 13 -80.7803271137393 2.109223907467999
-3.25 -3 13 14 -36.10033964273521 1.898358638047527
-3.25 -3 14 15 -3.226421507165924 1.717064328493179
-3.25 -3 15 16 20.98240267406618 1.559907376581712
-3.25 -3 16 17 38.76046783586685 1.42267528075406
-3.25 -3 17 18 51.72114744679516 1.302057011110919
-3.25 -3 18 19 61.0450548502838 1.195417613373729
-3.25 -3 19 20 67.60640122552832 1.100636495698039
-3.25 -3 20 21 72.05933268875401 1.015989544783257
-3.25 -3 21 22 74.89788028048747 0.9400619280433331
-3.25 -3 22 23 76.4982064382524 0.8716827219582435
-3.25 -3 23 24 77.14878047065679 0.8098752950608559
-3.25 -3 24 25 77.07220001541668 0.753819217734325
-3.25 -3 25 26 76.44115071450631 0.7028207122595966
-3.25 -3 26 27 75.3902004065186 0.6562895045639426
-3.25 -3 27 28 74.02459832771325 0.6137205264800908
-3.25 -3 28 29 72.42689756130881 0.5746793304255826
-3.25 -3 29 30 70.66197942366682 0.5387903721367621
-3.25 -3 30 31 68.78089378126515 0.5057275288948954
-3.25 -3 31 32 66.82381442357763 0.4752063735696071
-3.25 -3 32 33 64.82232774473817 0.4469778396397795
-3.25 -3 33 34 62.80121541673259 0.4208229952761743
-3.25 -3 34 35 60.779850348563 0.3965487075490697
-3.25 -3 35 36 58.77329518147297 0.3739840263953315
-3.25 -3 36 37 56.79317058134751 0.3529771535262861
-3.25 -3 37 38 54.84834441128368 0.333392889409814
-3.25 -3 38 39 52.94548076809193 0.3151104734536613
-3.25 -3 39 40 51.0894788367292 0.2980217488230597
-3.25 -3 40 41 49.28382480384352 0.2820295969392179
-3.25 -3 41 42 47.5308747290307 0.2670465967651366
-3.25 -3 42 43 45.8320825161847 0.2529938724515621
-3.25 -3 43 44 44.1881839947319 0.2398000993842564
-3.25 -3 44 45 42.59934579487032 0.2274006440310031
-3.25 -3 45 46 41.06438625232065 0.215839824511409
-3.25 -3 46 47 39.58435294360939 0.2054566273982412
-3.25 -3 47 48 38.15743740399157 0.1962808036461759
-3.25 -3 48 49 36.78253478790076 0.1882799294393953
-3.25 -3 49 50 35.45819138045663 0.1810629337787201
-3 -2.75 0 1 2129.915071610427 2.217322624848703
-3 -2.75 1 2 -4753.446013787521 3.633314993566199
-3 -2.75 2 3 -5314.937226080793 5.690594179644296
-3 -2.75 3 4 -3765.603887603527 4.975550230058624
-3 -2.75 4 5 -2577.689361262709 4.182457772342226
-3 -2.75 5 6 -1772.287559529114 3.532127587985754
-3 -2.75 6 7 -1230.233564071555 3.017179288108463
-3 -2.75 7 8 -860.3073048886731 2.607309678877754
-3 -2.75 8 9 -603.1882716854898 2.276798124554482
-3 -2.75 9 10 -421.2439122685921 2.005966263369931
-3 -2.75 10 11 -290.4063578296348 1.781738327800698
-3 -2.75 11 12 -195.049726820549 1.593084642263333
-3 -2.75 12 13 -124.7974373832112 1.432959016712326
-3 -2.75 13 14 -72.60356367291683 1.295661780009623
-3 -2.75 14 15 -33.59869580136888 1.176923318004706
-3 -2.75 15 16 -4.353384633258656 1.07344711695506
-3 -2.75 16 17 17.58780912863722 0.9826531338882388
-3 -2.75 17 18 34.00917459775656 0.9024966999573761
-3 -2.75 18 19 46.22459227827289 0.8313388099686226
-3 -2.75 19 20 55.21306640216721 0.7678518487784963
-3 -2.75 20 21 61.71181364832842 0.7109501096249425
-3 -2.75 21 22 66.2812198334052 0.6597379084203374
-3 -2.75 22 23 69.35083042998451 0.613470359762289
-3 -2.75 23 24 71.25235004903584 0.5715233843290757
-3 -2.75 24 25 72.24361221285426 0.5333705309410111
-3 -2.75 25 26 72.52618690373777 0.4985648862603206
-3 -2.75 26 27 72.25844884351602 0.4667248259079764
-3 -2.75 27 28 71.56536925637624 0.4375226941078555
-3 -2.75 28 29 70.54591712348787 0.410675738135271
-3 -2.75 29 30 69.27869880172511 0.3859387933790734
-3 -2.75 30 31 67.82628747571687 0.3630983404913496
-3 -2.75 31 32 66.23856976847657 0.3419676441906501
-3 -2.75 32 33 64.55534913872424 0.3223827533047737
-3 -2.75 33 34 62.80838308861723 0.304199189611771
-3 -2.75 34 35 61.02298602280035 0.2872891923322084
-3 -2.75 35 36 59.21929674564916 0.2715394125625285
-3 -2.75 36 37 57.41328542144009 0.256848975609363
-3 -2.75 37 38 55.61755702159144 0.2431278439746613
-3 -2.75 38 39 53.84199492299643 0.2302954291198318
-3 -2.75 39 40 52.09427831132248 0.2182794088211937
-3 -2.75 40 41 50.38029959643879 0.2070147159875559
-3 -2.75 41 42 48.70450208471968 0.1964426704032225
-3 -2.75 42 43 47.070153967956 0.1865102312290561
-3 -2.75 43 44 45.4795711633115 0.1771693504221974
-3 -2.75 44 45 43.93429893624611 0.1683764123323342
-3 -2.75 45 46 42.43429828530464 0.1602457919498817
-3 -2.75 46 47 40.9817971107334 0.1533266878660177
-3 -2.75 47 48 39.57584794864363 0.1476965991382452
-3 -2.75 48 49 38.2161564483489 0.1433284587641241
-3 -2.75 49 50 36.90198361912252 0.139658195384757
-2.75 -2.5 0 1 2750.812583995768 2.62672744202967
-2.75 -2.5 1 2 -4311.045683037902 1.115214946650372
-2.75 -2.5 2 3 -5425.708232914158 2.406188097099296
-2.75 -2.5 3 4 -3938.672179616075 2.450649987762933
-2.75 -2.5 4 5 -2739.404312398406 2.204985746625762
-2.75 -2.5 5 6 -1909.895765904785 1.943371227272358
-2.75 -2.5 6 7 -1344.377539453993 1.712289734734319
-2.75 -2.5 7 8 -954.4455357322227 1.515842350014439
-2.75 -2.5 8 9 -680.9366584947834 1.350386200285769
-2.75 -2.5 9 10 -485.7251750670534 1.210301231445496
-2.75 -2.5 10 11 -344.1206299724327 1.090615795620081
-2.75 -2.5 11 12 -240.0363561353161 0.9879152054205429
-2.75 -2.5 12 13 -162.651408371665 0.8990193187438049
-2.75 -2.5 13 14 -104.596165457277 0.8215201711999175
-2.75 -2.5 14 15 -60.74491152431438 0.7535075524165168
-2.75 -2.5 15 16 -27.46855267159208 0.6934561942264321
-2.75 -2.5 16 17 -2.155602322050299 0.6401385024958393
-2.75 -2.5 17 18 17.10087930177451 0.5925581916399136
-2.75 -2.5 18 19 31.71180191491544 0.5498999900194308
-2.75 -2.5 19 20 42.73345346897383 0.5114914143932107
-2.75 -2.5 20 21 50.96502568541325 0.4767735472931987
-2.75 -2.5 21 22 57.01693127845044 0.4452785322298546
-2.75 -2.5 22 23 61.35935305658711 0.4166121070145059
-2.75 -2.5 23 24 64.35720360252651 0.3904399372619063
-2.75 -2.5 24 25 66.29560694586132 0.3664768388176859
-2.75 -2.5 25 26 67.39868025038425 0.3444782129347344
-2.75 -2.5 26 27 67.84352013832824 0.3242331888881858
-2.75 -2.5 27 28 67.7707170104627 0.3055590952164251
-2.75 -2.5 28 29 67.29232862527317 0.2882969716253919
-2.75 -2.5 29 30 66.49797580433898 0.272307902788201
-2.75 -2.5 30 31 65.45953745073484 0.2574700042578145
-2.75 -2.5 31 32 64.23479178728161 0.2436759317371438
-2.75 -2.5 32 33 62.87025845140704 0.2308308099526711
-2.75 -2.5 33 34 61.4034300455433 0.2188505027119855
-2.75 -2.5 34 35 59.86453397801728 0.2076601601876572
-2.75 -2.5 35 36 58.27793059071814 0.1971929933612478
-2.75 -2.5 36 37 56.66322791794425 0.1873892360768686
-2.75 -2.5 37 38 55.0361744476541 0.1781952612636648
-2.75 -2.5 38 39 53.40937700739465 0.1695628265387808
-2.75 -2.5 39 40 51.79288018299746 0.1614484269884517
-2.75 -2.5 40 41 50.1946356905631 0.1538127382109024
-2.75 -2.5 41 42 48.62088371839917 0.1466201354523059
-2.75 -2.5 42 43 47.07646374866462 0.1398382764046772
-2.75 -2.5 43 44 45.56506854912425 0.1334377398608714
-2.75 -2.5 44 45 44.08945223095981 0.127391708858108
-2.75 -2.5 45 46 42.65059455181293 0.1218966001186955
-2.75 -2.5 46 47 41.25174886681629 0.1177619605764167
-2.75 -2.5 47 48 39.89274933384038 0.1150999244964738
-2.75 -2.5 48 49 38.5740317979718 0.1138536173445935
-2.75 -2.5 49 50 37.29550529922017 0.1132184727663259
-2.5 -2.25 0 1 3309.373769173129 1.880818997961608
-2.5 -2.25 1 2 -3868.570885812363 0.970505214201262
-2.5 -2.25 2 3 -5480.161914080858 1.699770977613373
-2.5 -2.25 3 4 -4058.219153703444 1.565059187810889
-2.5 -2.25 4 5 -2857.401930785087 1.379227714815144
-2.5 -2.25 5 6 -2013.198008587 1.227155487502883
-2.5 -2.25 6 7 -1431.851234381418 1.107287425597814
-2.5 -2.25 7 8 -1027.831260563852 0.9985609957691796
-2.5 -2.25 8 9 -742.4654460018187 0.9032161774238222
-2.5 -2.25 9 10 -537.4589468916815 0.8198574909282703
-2.5 -2.25 10 11 -387.7873010705612 0.7464722479302258
-2.5 -2.25 11 12 -277.064432089719 0.6822860059547843
-2.5 -2.25 12 13 -194.1929751575756 0.6257366598293048
-2.5 -2.25 13 14 -131.5816553120023 0.5756892380618072
-2.5 -2.25 14 15 -83.92738849014836 0.5311928517212574
-2.5 -2.25 15 16 -47.46010074837727 0.4914555340056279
-2.5 -2.25 16 17 -19.45627676942536 0.4558178700155505
-2.5 -2.25 17 18 2.080311050317505 0.4237294174538247
-2.5 -2.25 18 19 18.63206196948249 0.3947288684490774
-2.5 -2.25 19 20 31.31280848151926 0.3684278023137684
-2.5 -2.25 20 21 40.9683220875072 0.344497535917597
-2.5 -2.25 21 22 48.24693217420304 0.322658527908565
-2.5 -2.25 22 23 53.6498563707944 0.3026718419869652
-2.5 -2.25 23 24 57.56754420493689 0.2843322562516274
-2.5 -2.25 24 25 60.30623947367906 0.2674626811442937
-2.5 -2.25 25 26 62.10761044184164 0.2519096185262156
-2.5 -2.25 26 27 63.16340616600212 0.2375394517080022
-2.5 -2.25 27 28 63.62650286722089 0.2242353982430288
-2.5 -2.25 28 29 63.61930237313697 0.2118949960704737
-2.5 -2.25 29 30 63.24016892205952 0.2004280186939356
-2.5 -2.25 30 31 62.56839945652115 0.1897547384431817
-2.5 -2.25 31 32 61.6680881197662 0.1798044729671129
-2.5 -2.25 32 33 60.59115028167571 0.1705143628508793
-2.5 -2.25 33 34 59.37970301737613 0.1618283394314736
-2.5 -2.25 34 35 58.06794938589985 0.1536962500324279
-2.5 -2.25 35 36 56.68367763685978 0.1460731125320444
-2.5 -2.25 36 37 55.24945973917426 0.1389184792302475
-2.5 -2.25 37 38 53.78361383515016 0.1321958902079434
-2.5 -2.25 38 39 52.30098031214658 0.1258724036739233
-2.5 -2.25 39 40 50.81354996970373 0.1199181901461363
-2.5 -2.25 40 41 49.33097437183903 0.1143061802159879
-2.5 -2.25 41 42 47.86098173995035 0.1090117597303409
-2.5 -2.25 42 43 46.40971700676144 0.1040125025880481
-2.5 -2.25 43 44 44.98202060137575 0.09928793864050398
-2.5 -2.25 44 45 43.58165760273707 0.09481934865650193
-2.5 -2.25 45 46 42.21046443124774 0.09090900792961761
-2.5 -2.25 46 47 40.87255237065125 0.08873625717982574
-2.5 -2.25 47 48 39.56841831830204 0.08843547316253805
-2.5 -2.25 48 49 38.29911750770245 0.08985679356013516
-2.5 -2.25 49 50 37.06510993320714 0.09319591668310608
-2.25 -2 0 1 3814.319165029539 1.057955566364462
-2.25 -2 1 2 -3459.616202290568 0.882918168042098
-2.25 -2 2 3 -5527.179094790927 1.66832297536991
-2.25 -2 3 4 -4165.271581010109 1.541672717952092
-2.25 -2 4 5 -2961.631231170858 1.358637554303071
-2.25 -2 5 6 -2102.658444848215 1.196978504888704
-2.25 -2 6 7 -1506.077067407839 1.061584326077497
-2.25 -2 7 8 -1088.89485236842 0.9478328364628035
-2.25 -2 8 9 -792.719627274716 0.8526760337215827
-2.25 -2 9 10 -578.9645995250767 0.7700036838084694
-2.25 -2 10 11 -422.2160960164538 0.699712945269113
-2.25 -2 11 12 -305.7609998526 0.6383817612412236
-2.25 -2 12 13 -218.2192161033299 0.5846867254307926
-2.25 -2 13 14 -151.7802958152756 0.5373632923053132
-2.25 -2 14 15 -100.9704565016884 0.4954053660859588
-2.25 -2 15 16 -61.88681309131516 0.4580034948880845
-2.25 -2 16 17 -31.70213249045173 0.4244997286050901
-2.25 -2 17 18 -8.338714757204798 0.3943542260154896
-2.25 -2 18 19 9.750267962872385 0.3671202304394665
-2.25 -2 19 20 23.72995231479968 0.3424250882291594
-2.25 -2 20 21 34.48724208891713 0.3199556816542607
-2.25 -2 21 22 42.70365995415489 0.2994471406502122
-2.25 -2 22 23 48.90737631628974 0.2806740019236052
-2.25 -2 23 24 53.51085382054998 0.2634432285218766
-2.25 -2 24 25 56.83841319863984 0.2475886500001699
-2.25 -2 25 26 59.14664313797277 0.2329665001296208
-2.25 -2 26 27 60.63966665527732 0.2194518081960878
-2.25 -2 27 28 61.4806680303426 0.2069354617030021
-2.25 -2 28 29 61.80067224600259 0.1953217994775167
-2.25 -2 29 30 61.705285688152 0.1845266262109234
-2.25 -2 30 31 61.27991023403968 0.1744755676020046
-2.25 -2 31 32 60.59380438015643 0.1651026974605177
-2.25 -2 32 33 59.70326667393539 0.1563493879443886
-2.25 -2 33 34 58.65414603420345 0.1481633406896613
-2.25 -2 34 35 57.48383227355828 0.1404977676217041
-2.25 -2 35 36 56.22284260951722 0.1333106941882127
-2.25 -2 36 37 54.8960922267043 0.1265643653423251
-2.25 -2 37 38 53.52391639039786 0.120224736151968
-2.25 -2 38 39 52.12289611401434 0.114261034355259
-2.25 -2 39 40 50.70652769355212 0.10864538255994
-2.25 -2 40 41 49.28576768580734 0.1033524707086132
-2.25 -2 41 42 47.86947786885634 0.09835927276539695
-2.25 -2 42 43 46.46478977724175 0.09364479853936741
-2.25 -2 43 44 45.07740416407739 0.0891898775824248
-2.25 -2 44 45 43.71183766488303 0.08497696990426425
-2.25 -2 45 46 42.37054900278974 0.08164779844546924
-2.25 -2 46 47 41.05829361525628 0.08159863607333906
-2.25 -2 47 48 39.77603871017752 0.08489121949788124
-2.25 -2 48 49 38.52528388279927 0.09090260256749728
-2.25 -2 49 50 37.3068798383386 0.09725829672817475
-2 -1.75 0 1 4287.837287978051 1.07467161583031
-2 -1.75 1 2 -3056.052905987837 2.562970489279443
-2 -1.75 2 3 -5537.680132509187 2.781480118729774
-2 -1.75 3 4 -4241.046467566596 2.319947241164657
-2 -1.75 4 5 -3045.538445421768 1.926801835302191
-2 -1.75 5 6 -2180.798460128238 1.626031014789446
-2 -1.75 6 7 -1575.23300200621 1.394671383938575
-2 -1.75 7 8 -1148.982176485998 1.212905110742277
-2 -1.75 8 9 -844.6053897799366 1.066748867983417
-2 -1.75 9 10 -623.733464867903 0.9476502269122449
-2 -1.75 10 11 -460.888987483147 0.8479977218556606
-2 -1.75 11 12 -339.2672356677715 0.7640400071172807
-2 -1.75 12 13 -247.3464225461296 0.6923093894403131
-2 -1.75 13 14 -177.1910681870636 0.6303910732511988
-2 -1.75 14 15 -123.2185928815279 0.5764651392928883
-2 -1.75 15 16 -81.43445101590601 0.5291342856911563
-2 -1.75 16 17 -48.93533630553702 0.4873078335221322
-2 -1.75 17 18 -23.58081280665829 0.4501218807983377
-2 -1.75 18 19 -3.772404636360534 0.4168831822307252
-2 -1.75 19 20 11.69758162476091 0.3870289364681996
-2 -1.75 20 21 23.75119764850979 0.3600974572750636
-2 -1.75 21 22 33.09908674988594 0.3357064364784392
-2 -1.75 22 23 40.29363316898718 0.3135365955013215
-2 -1.75 23 24 45.76750997865543 0.2933192261011682
-2 -1.75 24 25 49.86197212088382 0.2748265790231788
-2 -1.75 25 26 52.84785199735632 0.2578643675293713
-2 -1.75 26 27 54.94129859946997 0.2422658608041568
-2 -1.75 27 28 56.31568712668764 0.2278871867671798
-2 -1.75 28 29 57.11070925435956 0.2146035640359723
-2 -1.75 29 30 57.43936722264993 0.2023062555049528
-2 -1.75 30 31 57.39339526261188 0.1909000870407886
-2 -1.75 31 32 57.04749103306079 0.18030141162433
-2 -1.75 32 33 56.46263946276491 0.1704364300091871
-2 -1.75 33 34 55.68873926900733 0.1612397953507216
-2 -1.75 34 35 54.76668997870905 0.1526534480073928
-2 -1.75 35 36 53.73005886867844 0.1446256378850919
-2 -1.75 36 37 52.60641878313322 0.1371100988459895
-2 -1.75 37 38 51.41842667824949 0.1300653495964729
-2 -1.75 38 39 50.1846967849209 0.1234540977693472
-2 -1.75 39 40 48.9205102427689 0.1172427315272927
-2 -1.75 40 41 47.63839403714303 0.1114008815601857
-2 -1.75 41 42 46.34859479391497 0.1059010455121647
-2 -1.75 42 43 45.05946787684661 0.1007182619235585
-2 -1.75 43 44 43.77779781923277 0.09582982792927693
-2 -1.75 44 45 42.50906294383446 0.09121505387453122
-2 -1.75 45 46 41.25655375782966 0.08721847889020562
-2 -1.75 46 47 40.02583069296395 0.08519673428185504
-2 -1.75 47 48 38.8185173097734 0.08533131661861011
-2 -1.75 48 49 37.636720295147 0.09087330059219244
-2 -1.75 49 50 36.48183130864228 0.09770648904988984
-1.75 -1.5 0 1 4714.747203630819 0.9364434492696351
-1.75 -1.5 1 2 -2678.469079071257 0.7389863140903673
-1.75 -1.5 2 3 -5532.568305710511 1.688835135125185
-1.75 -1.5 3 4 -4285.606315894872 1.634547330378193
-1.75 -1.5 4 5 -3092.38866537866 1.463760734388282
-1.75 -1.5 5 6 -2221.425622794692 1.291470343008162
-1.75 -1.5 6 7 -1608.875426881667 1.139771963044472
-1.75 -1.5 7 8 -1176.518166686516 1.01062200275434
-1.75 -1.5 8 9 -867.1222868899326 0.9011761844444584
-1.75 -1.5 9 10 -642.1951688541753 0.8090645038656715
-1.75 -1.5 10 11 -476.0861817244727 0.7296595917869872
-1.75 -1.5 11 12 -351.8263288252231 0.6615953488582053
-1.75 -1.5 12 13 -257.7649263890112 0.6025910482401938
-1.75 -1.5 13 14 -185.8641043064774 0.5510691839479537
-1.75 -1.5 14 15 -130.46148130846 0.5057782000536205
-1.75 -1.5 15 16 -87.50028271383167 0.4657193377130618
-1.75 -1.5 16 17 -54.02845560936203 0.4300893364653944
-1.75 -1.5 17 18 -27.86714402573875 0.3982366733036399
-1.75 -1.5 18 19 -7.387390523598015 0.3696283831842425
-1.75 -1.5 19 20 8.642840286779347 0.3438248779528354
-1.75 -1.5 20 21 21.16516055099351 0.3204607338037908
-1.75 -1.5 21 22 30.90602353299369 0.2992299341309002
-1.75 -1.5 22 23 38.43066104026821 0.2798744376018517
-1.75 -1.5 23 24 44.18223835178389 0.2621752525059175
-1.75 -1.5 24 25 48.51061830634001 0.2459454087167854
-1.75 -1.5 25 26 51.69372508297556 0.2310243798498256
-1.75 -1.5 26 27 53.95357309832593 0.2172736210056307
-1.75 -1.5 27 28 55.468406141728 0.2045729744217423
-1.75 -1.5 28 29 56.38197052434202 0.1928177513515203
-1.75 -1.5 29 30 56.8106556971818 0.1819163499661615
-1.75 -1.5 30 31 56.84903368687753 0.1717882956571556
-1.75 -1.5 31 32 56.57418602286748 0.1623626222512259
-1.75 -1.5 32 33 56.04910519545939 0.1535765245465311
-1.75 -1.5 33 34 55.32538451747314 0.1453742330782234
-1.75 -1.5 34 35 54.44535704457394 0.1377060674894654
-1.75 -1.5 35 36 53.44380518788842 0.1305276389168046
-1.75 -1.5 36 37 52.34933374000485 0.1237991728862869
-1.75 -1.5 37 38 51.18547756016966 0.1174849324449473
-1.75 -1.5 38 39 49.97159893205725 0.1115527257616834
-1.75 -1.5 39 40 48.72361733922304 0.10597348355716
-1.75 -1.5 40 41 47.45460522252358 0.1007208938167815
-1.75 -1.5 41 42 46.17527584848062 0.09577108830872519
-1.75 -1.5 42 43 44.89438422251123 0.09110236818246488
-1.75 -1.5 43 44 43.61905745452157 0.08669496764718486
-1.75 -1.5 44 45 42.3550677575202 0.08253084643108334
-1.75 -1.5 45 46 41.10592635045938 0.07930003380890334
-1.75 -1.5 46 47 39.87747133074515 0.07958096297979825
-1.75 -1.5 47 48 38.67148060472257 0.08345222841065258
-1.75 -1.5 48 49 37.49022077622033 0.09025748550134638
-1.75 -1.5 49 50 36.3352272782534 0.09744320461030705
-1.5 -1.25 0 1 5117.555825501578 3.29130549481254
-1.5 -1.25 1 2 -2303.075754949073 4.138232009463949
-1.5 -1.25 2 3 -5510.415850882526 1.676901637374516
-1.5 -1.25 3 4 -4322.450357605136 1.600678053439989
-1.5 -1.25 4 5 -3139.831988513741 1.426137325284697
-1.5 -1.25 5 6 -2267.594258667831 1.259094677277268
-1.5 -1.25 6 7 -1650.656948560841 1.114767383936493
-1.5 -1.25 7 8 -1213.370830069155 0.9924116914920436
-1.5 -1.25 8 9 -899.3248919628918 0.8895494978223882
-1.5 -1.25 9 10 -670.2610104867967 0.8006605901457641
-1.5 -1.25 10 11 -500.5567160857577 0.7253924666354314
-1.5 -1.25 11 12 -373.2105101699462 0.6600328340293605
-1.5 -1.25 12 13 -276.5078384213386 0.6030937511042732
-1.5 -1.25 13 14 -202.3473868866934 0.5531441306150496
-1.5 -1.25 14 15 -145.0087453110843 0.5090459237648387
-1.5 -1.25 15 16 -100.3846939207508 0.469887090383212
-1.5 -1.25 16 17 -65.48037252210293 0.4349303917910581
-1.5 -1.25 17 18 -38.08101873173791 0.4035746666252519
-1.5 -1.25 18 19 -16.52771030525946 0.3753255418733993
-1.5 -1.25 19 20 0.4365573218951795 0.3497731741145836
-1.5 -1.25 20 21 13.77421480921703 0.3265752083045433
-1.5 -1.25 21 22 24.22910427167665 0.3054436308519409
-1.5 -1.25 22 23 32.38101780860291 0.2861345334244615
-1.5 -1.25 23 24 38.68534761335491 0.2684400806647782
-1.5 -1.25 24 25 43.50225564161371 0.2521821540214135
-1.5 -1.25 25 26 47.11836885288187 0.2387054986466319
-1.5 -1.25 26 27 49.76307899075084 0.227102583271846
-1.5 -1.25 27 28 51.62090337247002 0.2162614009371544
-1.5 -1.25 28 29 52.8409397944838 0.2061176807733084
-1.5 -1.25 29 30 53.54415656690435 0.1966136883105634
-1.5 -1.25 30 31 53.82905513537071 0.1876974793338329
-1.5 -1.25 31 32 53.77609886892287 0.1793222419090892
-1.5 -1.25 32 33 53.45119900419212 0.1714457163138743
-1.5 -1.25 33 34 52.90847479898969 0.1640296848518928
-1.5 -1.25 34 35 52.19245110869582 0.1570395233844763
-1.5 -1.25 35 36 51.33981709813133 0.1504438088734016
-1.5 -1.25 36 37 50.3808404821537 0.1442139719228517
-1.5 -1.25 37 38 49.34050991057785 0.1383239942044245
-1.5 -1.25 38 39 48.23946162084866 0.1327501387402056
-1.5 -1.25 39 40 47.09473401234675 0.1274707152731945
-1.5 -1.25 40 41 45.92038445633995 0.1224658709423681
-1.5 -1.25 41 42 44.72799507631038 0.1177174054881899
-1.5 -1.25 42 43 43.52708894929395 0.1132086091563317
-1.5 -1.25 43 44 42.32547354199357 0.1089241162443662
-1.5 -1.25 44 45 41.12952491852121 0.1048497776032502
-1.5 -1.25 45 46 39.94327034425035 0.1013103232141363
-1.5 -1.25 46 47 38.77306199405942 0.099553677704809
-1.5 -1.25 47 48 37.62108406052076 0.09974049584043097
-1.5 -1.25 48 49 36.48998491013887 0.101757470533542
-1.5 -1.25 49 50 35.381634093484 0.1043812960023583
-1.25 -1 0 1 5446.697180170759 1.563027269635806
-1.25 -1 1 2 -2018.568962290192 0.6528911426931739
-1.25 -1 2 3 -5510.864355548345 1.840520673656285
-1.25 -1 3 4 -4363.074403736279 1.789734785211367
-1.25 -1 4 5 -3183.277362355679 1.594572854879859
-1.25 -1 5 6 -2306.276806956153 1.404823779131915
-1.25 -1 6 7 -1683.480981721063 1.241506569831679
-1.25 -1 7 8 -1240.817600470136 1.103950649657413
-1.25 -1 8 9 -922.1980209993826 0.9887524980296188
-1.25 -1 9 10 -689.3409710299607 0.8899846434148404
-1.25 -1 10 11 -516.510186475834 0.8063519755995859
-1.25 -1 11 12 -386.593016881186 0.7339643520963615
-1.25 -1 12 13 -287.770152874434 0.6710043893438288
-1.25 -1 13 14 -211.8549342853621 0.6158369297634745
-1.25 -1 14 15 -153.0580526630536 0.5671726167793166
-1.25 -1 15 16 -107.2171667621828 0.523984730944152
-1.25 -1 16 17 -71.29338403144425 0.4854473564003249
-1.25 -1 17 18 -43.03669308465442 0.450889530978423
-1.25 -1 18 19 -20.75984334186478 0.4197610788963829
-1.25 -1 19 20 -3.182955865816439 0.3916069356268218
-1.25 -1 20 21 10.67496347706515 0.3660476653961183
-1.25 -1 21 22 21.57289786028036 0.3427645277714853
-1.25 -1 22 23 30.10304962425391 0.321487917484633
-1.25 -1 23 24 36.73103066875751 0.3019883296762217
-1.25 -1 24 25 41.82545622033251 0.2840692348324367
-1.25 -1 25 26 45.67997474242975 0.267561412264409
-1.25 -1 26 27 48.5298332610198 0.2523184061132662
-1.25 -1 27 28 50.56445000947679 0.2382128564409899
-1.25 -1 28 29 51.93703924802105 0.2251335123238494
-1.25 -1 29 30 52.77203827296 0.212982787646766
-1.25 -1 30 31 53.17088098848444 0.2016747460306793
-1.25 -1 31 32 53.21651698306971 0.1911334300451827
-1.25 -1 32 33 52.97697126262301 0.1812914695178568
-1.25 -1 33 34 52.50816495611161 0.1720889141928442
-1.25 -1 34 35 51.8561627762258 0.1634722515597488
-1.25 -1 35 36 51.05897297448388 0.1553935755923264
-1.25 -1 36 37 50.14799580147724 0.1478098799909343
-1.25 -1 37 38 49.14919437574241 0.1406824555943857
-1.25 -1 38 39 48.08404512220233 0.1339763736592961
-1.25 -1 39 40 46.97031226647726 0.1276600417926929
-1.25 -1 40 41 45.82268137711816 0.121704820371689
-1.25 -1 41 42 44.6532792366072 0.1160846903616702
-1.25 -1 42 43 43.47210194271662 0.1107759648793303
-1.25 -1 43 44 42.28736841827509 0.1057570377746312
-1.25 -1 44 45 41.10581316721317 0.1010081633730215
-1.25 -1 45 46 39.93175439519661 0.09688769242025115
-1.25 -1 46 47 38.77186131648847 0.09480174753361861
-1.25 -1 47 48 37.62853510148298 0.09495100010622129
-1.25 -1 48 49 36.50463314869617 0.09777608685895742
-1.25 -1 49 50 35.40221182742769 0.1054751521641991
-1 -0.75 0 1 5725.373809644045 1.913007546616571
-1 -0.75 1 2 -1759.517142927653 1.774624435272306
-1 -0.75 2 3 -5487.162225176115 1.600013308909742
-1 -0.75 3 4 -4374.830908189156 1.537293570904937
-1 -0.75 4 5 -3200.614041360291 1.372177173819359
-1 -0.75 5 6 -2322.909381808085 1.215815861576972
-1 -0.75 6 7 -1698.081204756583 1.081774969428564
-1 -0.75 7 8 -1253.290985882044 0.9683480725498202
-1 -0.75 8 9 -932.7642968705941 0.8728097114175727
-1 -0.75 9 10 -698.2778399210024 0.7898032267869723
-1 -0.75 10 11 -524.0758144609849 0.7191676813227031
-1 -0.75 11 12 -393.0148318099205 0.6574399895170229
-1 -0.75 12 13 -293.2384897782254 0.6033378778929177
-1 -0.75 13 14 -216.5278497492172 0.5555990463157351
-1 -0.75 14 15 -157.0662037872744 0.5132190753179583
-1 -0.75 15 16 -110.668486455452 0.4753903745585731
-1 -0.75 16 17 -74.27714132829396 0.4414570378704797
-1 -0.75 17 18 -45.62687881467696 0.4108812947736051
-1 -0.75 18 19 -23.01794243116092 0.3832183484137141
-1 -0.75 19 20 -5.160199987352144 0.3580973088295848
-1 -0.75 20 21 8.93576982548916 0.3352065865579636
-1 -0.75 21 22 20.03589638955145 0.3142825955614756
-1 -0.75 22 23 28.73812481196933 0.2951009228855473
-1 -0.75 23 24 35.51282914162243 0.2774693680271945
-1 -0.75 24 25 40.73258521904143 0.2612224081035267
-1 -0.75 25 26 44.69434483770306 0.2462167598032601
-1 -0.75 26 27 47.6361176180269 0.2323277958717701
-1 -0.75 27 28 49.74963812759017 0.2194466292685675
-1 -0.75 28 29 51.19006755092335 0.2074777263455158
-1 -0.75 29 30 52.08348342059026 0.1963369384911886
-1 -0.75 30 31 52.53270455565007 0.1859498723414108
-1 -0.75 31 32 52.62185233646665 0.1762505288546401
-1 -0.75 32 33 52.41994521166339 0.1671801654994922
-1 -0.75 33 34 51.98374814374307 0.1586863351661858
-1 -0.75 34 35 51.36004388840126 0.1507220751526955
-1 -0.75 35 36 50.58745274231524 0.1432452164899272
-1 -0.75 36 37 49.69789749190278 0.136217794959522
-1 -0.75 37 38 48.71778805284089 0.1296055464745478
-1 -0.75 38 39 47.66898343426067 0.1233774721204106
-1 -0.75 39 40 46.56957590211829 0.117505464480896
-1 -0.75 40 41 45.43453265212827 0.111963981147556
-1 -0.75 41 42 44.27622252841422 0.1067297642394105
-1 -0.75 42 43 43.10484990712155 0.1017815934065756
-1 -0.75 43 44 41.92881309682139 0.09710007046685194
-1 -0.75 44 45 40.75500123806069 0.0926674317441695
-1 -0.75 45 46 39.58784698055678 0.08923201322704596
-1 -0.75 46 47 38.43417099251934 0.08958937426680523
-1 -0.75 47 48 37.29645467333287 0.09383337908757933
-1 -0.75 48 49 36.17764117671805 0.1012594781309175
-1 -0.75 49 50 35.07985788743363 0.1091031591838249
-0.75 -0.5 0 1 5941.563077914781 2.665595178923093
-0.75 -0.5 1 2 -1562.226674712233 2.061554848736893
-0.75 -0.5 2 3 -5472.1451666789 1.604870123342866
-0.75 -0.5 3 4 -4387.977349868825 1.548425276207519
-0.75 -0.5 4 5 -3218.54532513851 1.383397497915116
-0.75 -0.5 5 6 -2340.405265029471 1.225413716730343
-0.75 -0.5 6 7 -1713.891750557435 1.089405854967461
-0.75 -0.5 7 8 -1267.227953728021 0.9741967710001666
-0.75 -0.5 8 9 -944.9498971519383 0.8765526501501391
-0.75 -0.5 9 10 -708.9109932297115 0.7937816166078988
-0.75 -0.5 10 11 -533.3646350001291 0.7216061721485961
-0.75 -0.5 11 12 -401.1502520166741 0.659237539282946
-0.75 -0.5 12 13 -300.3871452678989 0.6046532655596891
-0.75 -0.5 13 14 -222.8323685759678 0.556551805966039
-0.75 -0.5 14 15 -162.6475137182445 0.5145357120308175
-0.75 -0.5 15 16 -115.628734174895 0.4791448393926035
-0.75 -0.5 16 17 -78.70255002787781 0.4470876094034288
-0.75 -0.5 17 18 -49.59030264975831 0.4179645694975114
-0.75 -0.5 18 19 -26.58105802138834 0.3914309168070566
-0.75 -0.5 19 20 -8.375348803736642 0.3671892500940893
-0.75 -0.5 20 21 6.024048002374457 0.3449827852508838
-0.75 -0.5 21 22 17.38959284751877 0.3245893420670709
-0.75 -0.5 22 23 26.32471051146536 0.3058161583019535
-0.75 -0.5 23 24 33.30438432896801 0.2884954832857597
-0.75 -0.5 24 25 38.70507780556966 0.2724808613798423
-0.75 -0.5 25 26 42.82703085339938 0.2576440079469091
-0.75 -0.5 26 27 45.91104186602252 0.2438721866721075
-0.75 -0.5 27 28 48.1512172005356 0.2310660054908206
-0.75 -0.5 28 29 49.70474068108854 0.2191375614203743
-0.75 -0.5 29 30 50.69941933291761 0.2080088756547291
-0.75 -0.5 30 31 51.23955467494034 0.1976105695880301
-0.75 -0.5 31 32 51.41054246360261 0.1878807418204946
-0.75 -0.5 32 33 51.28249921321128 0.1787640114336441
-0.75 -0.5 33 34 50.91313835163601 0.1702107023424455
-0.75 -0.5 34 35 50.35006384394012 0.1621761433243593
-0.75 -0.5 35 36 49.63260868204105 0.1546200678044133
-0.75 -0.5 36 37 48.79331559205417 0.1475060950766124
-0.75 -0.5 37 38 47.85913495701402 0.1408012834938663
-0.75 -0.5 38 39 46.85239800490467 0.1344757411140654
-0.75 -0.5 39 40 45.79161047916853 0.1285022888368698
-0.75 -0.5 40 41 44.69210238128699 0.1228561655094762
-0.75 -0.5 41 42 43.56656155566873 0.1175147705239781
-0.75 -0.5 42 43 42.42547342952588 0.1124574379549876
-0.75 -0.5 43 44 41.2774844164507 0.1076652382935307
-0.75 -0.5 44 45 40.1297031021669 0.1031208036834386
-0.75 -0.5 45 46 38.98674323130228 0.0992071930322232
-0.75 -0.5 46 47 37.85562151016734 0.09741061861376001
-0.75 -0.5 47 48 36.7389597494348 0.09792776416048497
-0.75 -0.5 48 49 35.6398381898359 0.1017108735661764
-0.75 -0.5 49 50 34.56050546495817 0.1097427388227357
-0.5 -0.25 0 1 6084.031936427991 2.597473611534086
-0.5 -0.25 1 2 -1438.056175383444 1.454497786280667
-0.5 -0.25 2 3 -5466.943776208558 1.58088528287325
-0.5 -0.25 3 4 -4399.83218831484 1.541911253215823
-0.5 -0.25 4 5 -3232.488370697311 1.385488001246037
-0.5 -0.25 5 6 -2353.316884336213 1.275739203231859
-0.5 -0.25 6 7 -1725.168580057262 1.159843295415394
-0.5 -0.25 7 8 -1276.896662886569 1.052164763600639
-0.5 -0.25 8 9 -953.1962259659454 0.9567738894252515
-0.5 -0.25 9 10 -715.9378238590393 0.8710884173351602
-0.5 -0.25 10 11 -539.3633326602185 0.7968518599397825
-0.5 -0.25 11 12 -406.2843291717591 0.731029815197932
-0.5 -0.25 12 13 -304.7944823048426 0.6727812772141148
-0.5 -0.25 13 14 -226.6278282684075 0.6210256551419543
-0.5 -0.25 14 15 -165.9264669422216 0.5748440655142123
-0.5 -0.25 15 16 -118.4703793080535 0.5334634016949957
-0.5 -0.25 16 17 -81.17278103836702 0.4962351098616828
-0.5 -0.25 17 18 -51.74409708431654 0.4626146131770757
-0.5 -0.25 18 19 -28.46443197262852 0.4321432938671725
-0.5 -0.25 19 20 -10.02694604610451 0.4044333857225128
-0.5 -0.25 20 21 4.571666774393407 0.3791555565808694
-0.5 -0.25 21 22 16.10890319334044 0.3560287898772813
-0.5 -0.25 22 23 25.19237222507377 0.3348121667473192
-0.5 -0.25 23 24 32.30054576666726 0.3152981861192147
-0.5 -0.25 24 25 37.81280584996591 0.2973073264200267
-0.5 -0.25 25 26 42.03184210257791 0.2806836000561325
-0.5 -0.25 26 27 45.20051565877054 0.2652909072164266
-0.5 -0.25 27 28 47.51467504713332 0.2510100314763514
-0.5 -0.25 28 29 49.13297979130391 0.2377361524674452
-0.5 -0.25 29 30 50.18449037806033 0.2253767784767476
-0.5 -0.25 30 31 50.77457585734965 0.2138500189057732
-0.5 -0.25 31 32 50.98954349348924 0.203083135344422
-0.5 -0.25 32 33 50.90029000351672 0.1930113203293914
-0.5 -0.25 33 34 50.56519821100619 0.1835766644161884
-0.5 -0.25 34 35 50.03244772012079 0.174727277511402
-0.5 -0.25 35 36 49.34186762879949 0.1664165411578469
-0.5 -0.25 36 37 48.52642913814395 0.1586024665523639
-0.5 -0.25 37 38 47.61345345672902 0.1512471441857478
-0.5 -0.25 38 39 46.62559338740243 0.144316268561474
-0.5 -0.25 39 40 45.58163407525802 0.1377787279723591
-0.5 -0.25 40 41 44.49714873741755 0.1316062473065959
-0.5 -0.25 41 42 43.38503731497991 0.1257730782335268
-0.5 -0.25 42 43 42.25597051867197 0.1202557279066978
-0.5 -0.25 43 44 41.11875689621786 0.1150327223654241
-0.5 -0.25 44 45 39.98064714131561 0.1100843975456279
-0.5 -0.25 45 46 38.84637059846636 0.1057734613899745
-0.5 -0.25 46 47 37.72307176870521 0.1035204835669485
-0.5 -0.25 47 48 36.61345980750448 0.1035296972213674
-0.5 -0.25 48 49 35.52070007465875 0.1056739245589432
-0.5 -0.25 49 50 34.44711742191672 0.1110947822813293
-0.25 0 0 1 6155.708928083923 2.725292445923169
-0.25 0 1 2 -1375.171841623751 1.961432381214518
-0.25 0 2 3 -5463.603782246754 1.603772714690084
-0.25 0 3 4 -4404.525337357129 1.554490478469574
-0.25 0 4 5 -3237.891107733601 1.391461725905443
-0.25 0 5 6 -2358.062531743732 1.2339615196036
-0.25 0 6 7 -1729.077705589724 1.097913052554879
-0.25 0 7 8 -1280.049454608182 0.9824236199508103
-0.25 0 8 9 -955.7177557822656 0.8851669114986369
-0.25 0 9 10 -717.9453149704277 0.8038058451655417
-0.25 0 10 11 -540.9542548684017 0.7386092707942915
-0.25 0 11 12 -407.5389126887158 0.6800892770138025
-0.25 0 12 13 -305.7769400995617 0.6278525739466999
-0.25 0 13 14 -227.3897046843483 0.581112484798075
-0.25 0 14 15 -166.5092281572645 0.5391634591005848
-0.25 0 15 16 -118.9075064970032 0.501390576334877
-0.25 0 16 17 -81.49141844427299 0.4672647811141152
-0.25 0 17 18 -51.96633898209848 0.4363332597057971
-0.25 0 18 19 -28.6083275187757 0.4082088919414449
-0.25 0 19 20 -10.10728683123125 0.3825603485249872
-0.25 0 20 21 4.542726023418254 0.3591033701409197
-0.25 0 21 22 16.12135234616471 0.3375933214053782
-0.25 0 22 23 25.23795287864618 0.3178189324066158
-0.25 0 23 24 32.37243582043129 0.2995970789129502
-0.25 0 24 25 37.90536485260293 0.2827684428167407
-0.25 0 25 26 42.14040462804223 0.267193906186785
-0.25 0 26 27 45.3212228946195 0.2527515517780395
-0.25 0 27 28 47.64433697576214 0.2393341619463259
-0.25 0 28 29 49.26896199926307 0.2268471274765909
-0.25 0 29 30 50.32462079608752 0.2152066944677984
-0.25 0 30 31 50.91706769953976 0.2043384867177666
-0.25 0 31 32 51.13293141883878 0.194176259766512
-0.25 0 32 33 51.04337710727884 0.1846608426656099
-0.25 0 33 34 50.7070119181144 0.1757392390103856
-0.25 0 34 35 50.17220301401551 0.1673638581905176
-0.25 0 35 36 49.47893634468323 0.1594918579437107
-0.25 0 36 37 48.66031427771691 0.1520845778948041
-0.25 0 37 38 47.74376767605207 0.145107051658677
-0.25 0 38 39 46.75204095361391 0.1385275850811361
-0.25 0 39 40 45.70399571699954 0.1323173892863602
-0.25 0 40 41 44.61526891133951 0.1264502619858212
-0.25 0 41 42 43.49881349274784 0.1209023090035124
-0.25 0 42 43 42.36534416872121 0.1156517008080061
-0.25 0 43 44 41.22370588444829 0.1106784583011639
-0.25 0 44 45 40.08117932694654 0.105964265357263
-0.25 0 45 46 38.94251309928535 0.101889816893178
-0.25 0 46 47 37.81488283440007 0.09993716016511887
-0.25 0 47 48 36.70100837123653 0.1003093287412308
-0.25 0 48 49 35.60406790188645 0.1028989336886516
-0.25 0 49 50 34.52639673917599 0.1110647439016967
0 0.25 0 1 6155.45479998662 2.72529914292031
0 0.25 1 2 -1375.669181529702 1.961458409241319
0 0.25 2 3 -5463.970873928727 1.603736912086861
0 0.25 3 4 -4404.681617585462 1.554399168678941
0 0.25 4 5 -3237.911442091442 1.391370524119715
0 0.25 5 6 -2358.016793486299 1.233899324246679
0 0.25 6 7 -1729.005479611526 1.097882240661872
0 0.25 7 8 -1279.970634553355 0.9824171731746333
0 0.25 8 9 -955.6412768142791 0.8851744331614461
0 0.25 9 10 -717.8745744783187 0.8038241168238557
0 0.25 10 11 -540.8902159902877 0.7386307312583518
0 0.25 11 12 -407.4810833667157 0.680111941708999
0 0.25 12 13 -305.7245041969691 0.6278748626106706
0 0.25 13 14 -227.3417934507941 0.5811335760096121
0 0.25 14 15 -166.4650717006796 0.5391829787463706
0 0.25 15 16 -118.8664812950644 0.5014084037141429
0 0.25 16 17 -81.45304612775362 0.467280933236503
0 0.25 17 18 -51.93026519084242 0.4363478239214432
0 0.25 18 19 -28.57429530949912 0.4082219876645356
0 0.25 19 20 -10.07511139452595 0.3825721059996288
0 0.25 20 21 4.573178650254249 0.359113918845791
0 0.25 21 22 16.15018194214099 0.3376027843856861
0 0.25 22 23 25.26523740606149 0.3178274233815566
0 0.25 23 24 32.39824018918864 0.2996047016727167
0 0.25 24 25 37.92974685224669 0.2827752906478804
0 0.25 25 26 42.16341873229408 0.2672000629200084
0 0.25 26 27 45.34292252856551 0.2527570921275498
0 0.25 27 28 47.66477571355972 0.2393391524905855
0 0.25 28 29 49.28819404931312 0.2268516275527721
0 0.25 29 30 50.34270103207041 0.2152107565432672
0 0.25 30 31 50.93405142654422 0.2043421575949837
0 0.25 31 32 51.14887400154851 0.1941795808356399
0 0.25 32 33 51.05833354790036 0.1846638508582804
0 0.25 33 34 50.7210364371598 0.1757419669556033
0 0.25 34 35 50.18534866789759 0.1673663350073048
0 0.25 35 36 49.49125469745371 0.1594941093641273
0 0.25 36 37 48.67185513366422 0.1520866269385954
0 0.25 37 38 47.7545788737786 0.145108918771602
0 0.25 38 39 46.76216821791229 0.1385292883892465
0 0.25 39 40 45.71348256348961 0.1323189449728868
0 0.25 40 41 44.62415659531706 0.1264516845125654
0 0.25 41 42 43.50714099776951 0.1209036112518943
0 0.25 42 43 42.3731482250422 0.1156528942473877
0 0.25 43 44 41.23102101319347 0.1106795533029956
0 0.25 44 45 40.08803790383604 0.1059652709767231
0 0.25 45 46 38.94894540392323 0.1018907530449754
0 0.25 46 47 37.82091721053513 0.09993808720742013
0 0.25 47 48 36.70667124589119 0.1003103048293833
0 0.25 48 49 35.60938391956492 0.1029000029413551
0 0.25 49 50 34.53138883358599 0.1110658564250517
0.25 0.5 0 1 6083.296190816969 2.597477963967496
0.25 0.5 1 2 -1439.489420390257 1.45449375174897
0.25 0.5 2 3 -5467.991482336406 1.580781174825969
0.25 0.5 3 4 -4400.271284958562 1.54175689165437
0.25 0.5 4 5 -3232.541992366466 1.385361382482433
0.25 0.5 5 6 -2353.186635690905 1.275672704832852
0.25 0.5 6 7 -1724.966177558109 1.159826807122454
0.25 0.5 7 8 -1276.677200231357 1.052182572886994
0.25 0.5 8 9 -952.9825647005032 0.9560837520534428
0.25 0.5 9 10 -715.7428922236418 0.8718793083369216
0.25 0.5 10 11 -539.1854252159251 0.796900052797253
0.25 0.5 11 12 -406.123190822153 0.7310774366284292
0.25 0.5 12 13 -304.6477479893933 0.6728264288296312
0.25 0.5 13 14 -226.4930699861191 0.6210674567832406
0.25 0.5 14 15 -165.8015841254874 0.5748822226486486
0.25 0.5 15 16 -118.3537083084707 0.5334979404122626
0.25 0.5 16 17 -81.06307594497707 0.4962662208453492
0.25 0.5 17 18 -51.64046036350987 0.4626425613872799
0.25 0.5 18 19 -28.36623380726951 0.4321683690519472
0.25 0.5 19 20 -9.933750074078716 0.4044558752706436
0.25 0.5 20 21 4.660164691494174 0.3791757318599448
0.25 0.5 21 22 16.19292204887915 0.3560469005038659
0.25 0.5 22 23 25.27208016116651 0.3348284382982106
0.25 0.5 23 24 32.37608384360828 0.3153128209155816
0.25 0.5 24 25 37.88430365787315 0.2973205043510506
0.25 0.5 25 26 42.09942733309254 0.2806954808919485
0.25 0.5 26 27 45.26431937995358 0.2653016324434934
0.25 0.5 27 28 47.57483404805203 0.251019726271367
0.25 0.5 28 29 49.1896370173755 0.2377449276512427
0.25 0.5 29 30 50.23779420625533 0.2253847320408609
0.25 0.5 30 31 50.82467873169128 0.213857237550121
0.25 0.5 31 32 51.03660028053616 0.2030896959496747
0.25 0.5 32 33 50.94445630005578 0.1930172910404676
0.25 0.5 33 34 50.60662874683555 0.1835821055112961
0.25 0.5 34 35 50.0712949389582 0.1747322427828469
0.25 0.5 35 36 49.37828048454571 0.1664210782810424
0.25 0.5 36 37 48.56055211741688 0.1586066178102697
0.25 0.5 37 38 47.64542582064604 0.1512509472984007
0.25 0.5 38 39 46.65554861377234 0.14431975730933
0.25 0.5 39 40 45.6096994803936 0.1377819322548567
0.25 0.5 40 41 44.52344524978531 0.131609193968006
0.25 0.5 41 42 43.40967937800252 0.125775791232436
0.25 0.5 42 43 42.27906609882524 0.1202582286468627
0.25 0.5 43 44 41.14040757400534 0.1150350299852729
0.25 0.5 44 45 40.00094826810596 0.1100865293491022
0.25 0.5 45 46 38.86541143692182 0.1057754630549967
0.25 0.5 46 47 37.74093589208724 0.1035225080584898
0.25 0.5 47 48 36.63022519687638 0.1035318971192433
0.25 0.5 48 49 35.53643948415288 0.1056764227183061
0.25 0.5 49 50 34.46189858216457 0.1110975217845337
0.5 0.75 0 1 5940.291846183474 2.665600214283462
0.5 0.75 1 2 -1564.668703206045 2.061563453098246
0.5 0.75 2 3 -5473.869236491924 1.604805533339988
0.5 0.75 3 4 -4388.640201613875 1.548316604039077
0.5 0.75 4 5 -3218.566931469217 1.383304129786583
0.5 0.75 5 6 -2340.139313890228 1.225358705664809
0.5 0.75 6 7 -1713.524396911509 1.089385282303611
0.5 0.75 7 8 -1266.846340666865 0.9742020140524402
0.5 0.75 8 9 -944.5884788919793 0.8772366355659823
0.5 0.75 9 10 -708.5844334663616 0.7931141569510655
0.5 0.75 10 11 -533.0711486722939 0.7216347103129034
0.5 0.75 11 12 -400.886760330879 0.6592666966011058
0.5 0.75 12 13 -300.1487912791138 0.6046815468401679
0.5 0.75 13 14 -222.6145540813113 0.5565784363968377
0.5 0.75 14 15 -162.4464055016269 0.5145603244840823
0.5 0.75 15 16 -115.4413571129357 0.4791672601684673
0.5 0.75 16 17 -78.5267019590915 0.447107935515863
0.5 0.75 17 18 -49.42440790212049 0.4179829625353086
0.5 0.75 18 19 -26.42401527120046 0.3914475626320588
0.5 0.75 19 20 -8.22639716102708 0.3672043358072935
0.5 0.75 20 21 6.165436934301397 0.3449964873271669
0.5 0.75 21 22 17.52379696185881 0.3246018205492998
0.5 0.75 22 23 26.45201657231087 0.3058275554690024
0.5 0.75 23 24 33.42502908016547 0.2885059235147948
0.5 0.75 24 25 38.81927507195428 0.2724904526066528
0.5 0.75 25 26 42.93498832671651 0.2576528435531437
0.5 0.75 26 27 46.01297057230306 0.2438803473246443
0.5 0.75 27 28 48.24733596438602 0.2310735607490683
0.5 0.75 28 29 49.795277323444 0.2191445715776907
0.5 0.75 29 30 50.78460985468257 0.2080153930619663
0.5 0.75 30 31 51.31964131221127 0.1976166398829227
0.5 0.75 31 32 51.4857712177436 0.1878864050060414
0.5 0.75 32 33 51.35311724830751 0.1787693027632509
0.5 0.75 33 34 50.97939150862351 0.1702156529572282
0.5 0.75 34 35 50.4121944110791 0.1621807809734059
0.5 0.75 35 36 49.69085349189356 0.1546244170267938
0.5 0.75 36 37 48.84790446778726 0.1475101781840686
0.5 0.75 37 38 47.91028950038577 0.1408051203576751
0.5 0.75 38 39 46.90033070111519 0.1344793498762404
0.5 0.75 39 40 45.83652408224077 0.1285056857633944
0.5 0.75 40 41 44.7341895444502 0.1228593654862034
0.5 0.75 41 42 43.60600466455747 0.1175177871214354
0.5 0.75 42 43 42.46244460417142 0.1124602836443542
0.5 0.75 43 44 41.31214564724746 0.1076679243923965
0.5 0.75 44 45 40.16220649082288 0.1031233405977013
0.5 0.75 45 46 39.01723122169636 0.09920963630563404
0.5 0.75 46 47 37.88422746796533 0.09741318972808197
0.5 0.75 47 48 36.76580816368326 0.09793069089956544
0.5 0.75 48 49 35.66504523243805 0.1017143056275363
0.5 0.75 49 50 34.58417930815733 0.1097465486018208
0.75 1 0 1 5723.508456830296 1.912932362708284
0.75 1 1 2 -1763.072377464689 1.774158411623349
0.75 1 2 3 -5489.623222490151 1.599457535291827
0.75 1 3 4 -4375.728208834655 1.537095493741463
0.75 1 4 5 -3200.587941970104 1.372334013083196
0.75 1 5 6 -2322.480326415276 1.216187491261565
0.75 1 6 7 -1697.517031153076 1.082230306831307
0.75 1 7 8 -1252.714929264219 0.9688083509877926
0.75 1 8 9 -932.2255927397 0.8732202419451564
0.75 1 9 10 -697.7910801116327 0.7901751354654295
0.75 1 10 11 -523.6425952755853 0.7194776927779485
0.75 1 11 12 -392.6282875665775 0.6576982275878737
0.75 1 12 13 -292.8910984362767 0.6035506178018351
0.75 1 13 14 -216.2125589265993 0.5557730381791045
0.75 1 14 15 -156.7771190343742 0.5133606979246355
0.75 1 15 16 -110.4009859047176 0.4755052971512154
0.75 1 16 17 -74.02774545848661 0.4415501292277347
0.75 1 17 18 -45.39303753920353 0.4109566482845994
0.75 1 18 19 -22.79781614758213 0.3832793570103511
0.75 1 19 20 -4.952467182531109 0.3581467562945385
0.75 1 20 21 9.132068053615285 0.3352467400743016
0.75 1 21 22 20.2214751545232 0.3143152909064787
0.75 1 22 23 28.91354235877111 0.2951276397990625
0.75 1 23 24 35.67854796613392 0.2774912953592746
0.75 1 24 25 40.88901332857665 0.2612404979810086
0.75 1 25 26 44.84186230318994 0.2462317735399279
0.75 1 26 27 47.77509259411704 0.2323403407712147
0.75 1 27 28 49.88043558276183 0.2194571895886903
0.75 1 28 29 51.31305313659504 0.207486687469937
0.75 1 29 30 52.19902425062514 0.1963446074532398
0.75 1 30 31 52.64116815228124 0.1859564931388174
0.75 1 31 32 52.72360460618131 0.1762562961543618
0.75 1 32 33 52.51534802974345 0.16718523394692
0.75 1 33 34 52.07315691393364 0.1586908283399134
0.75 1 34 35 51.44380529890003 0.1507260915920401
0.75 1 35 36 50.66590283704949 0.143248835034316
0.75 1 36 37 49.77136010906941 0.1362210788776444
0.75 1 37 38 48.78657363686671 0.1296085464400656
0.75 1 38 39 47.73338820114708 0.1233802291679815
0.75 1 39 40 46.62988132508326 0.1175080117410853
0.75 1 40 41 45.49100522380132 0.1119663457036533
0.75 1 41 42 44.32911375642169 0.1067319682358542
0.75 1 42 43 43.15439650022557 0.1017836547478768
0.75 1 43 44 41.97523730346722 0.0971020044701921
0.75 1 44 45 40.79851130003823 0.09266925082438454
0.75 1 45 46 39.62863752582263 0.08923378075279209
0.75 1 46 47 38.47242398975209 0.08959134073438561
0.75 1 47 48 37.33233969812872 0.09383578480072381
0.75 1 48 49 36.2113162592789 0.101262499854119
0.75 1 49 50 35.11146999438688 0.1091067813923924
1 1.25 0 1 5444.21752226965 1.563279394423202
1 1.25 1 2 -2023.288872629857 0.6553943826074652
1 1.25 2 3 -5514.122640177819 1.840916327364502
1 1.25 3 4 -4364.25307735465 1.789392823269242
1 1.25 4 5 -3183.226381151675 1.593919435070872
1 1.25 5 6 -2305.684541410544 1.404158874871915
1 1.25 6 7 -1682.70362597645 1.240942390821788
1 1.25 7 8 -1240.02157787566 1.103509413426465
1 1.25 8 9 -921.4516394656844 0.9884015125950751
1 1.25 9 10 -688.6658048942641 0.8897373001009877
1 1.25 10 11 -515.9097324826021 0.806162090121923
1 1.25 11 12 -386.0587907482268 0.7338247683381101
1 1.25 12 13 -287.2923262716786 0.6709036594030882
1 1.25 13 14 -211.4239925738327 0.6157663329030491
1 1.25 14 15 -152.6658377058554 0.5671254234744315
1 1.25 15 16 -106.8571169417198 0.5239556737438026
1 1.25 16 17 -70.9604188629944 0.4854322689756377
1 1.25 17 18 -42.72696703729707 0.450885099414823
1 1.25 18 19 -20.47047735873048 0.4197646644053459
1 1.25 19 20 -2.911794518357738 0.391616441264252
1 1.25 20 21 10.92955225421065 0.3660614322152823
1 1.25 21 22 21.81217861116716 0.3427812517566207
1 1.25 22 23 30.32803558252931 0.3215065815720104
1 1.25 23 24 36.94256738446734 0.3020081481252207
1 1.25 24 25 42.02427976097772 0.2840896075823682
1 1.25 25 26 45.86675080528175 0.2675818870647202
1 1.25 26 27 48.70518240891772 0.2523386484534285
1 1.25 27 28 50.72896311551642 0.2382326240191486
1 1.25 28 29 52.09128624601226 0.2251526353133367
1 1.25 29 30 52.91657249103935 0.2130011523628187
1 1.25 30 31 53.30624070184808 0.2016922817887338
1 1.25 31 32 53.34322533005218 0.1911500990748407
1 1.25 32 33 53.09553530133076 0.1813072585345356
1 1.25 33 34 52.6190743738963 0.172103828136395
1 1.25 34 35 51.9598885740009 0.1634863086181418
1 1.25 35 36 51.15596631281221 0.1554068028289086
1 1.25 36 37 50.23868710872858 0.1478223109493557
1 1.25 37 38 49.23399275680976 0.1406941275861615
1 1.25 38 39 48.16333806699492 0.133987326211559
1 1.25 39 40 47.04446563877076 0.1276703151969496
1 1.25 40 41 45.89203964839527 0.1217144546366128
1 1.25 41 42 44.71816592643677 0.116093724916232
1 1.25 42 43 43.5328202256415 0.1107844378761848
1 1.25 43 44 42.34420185956856 0.105764985515501
1 1.25 44 45 41.15902655361236 0.1010156206417796
1 1.25 45 46 39.98159437030239 0.09689478344986559
1 1.25 46 47 38.81855799210686 0.09480892254067974
1 1.25 47 48 37.67230230363239 0.09495870319005185
1 1.25 48 49 36.54566968623328 0.09778460901873061
1 1.25 49 50 35.4407022034342 0.1054841127673933
1.25 1.5 0 1 5114.60194897466 3.29137699398963
1.25 1.5 1 2 -2308.609396452551 4.138599598661812
1.25 1.5 2 3 -5514.08971675372 1.678093512190173
1.25 1.5 3 4 -4323.652186185837 1.601333340243452
1.25 1.5 4 5 -3139.652655803134 1.426076539176752
1.25 1.5 5 6 -2266.84865393583 1.258526049159604
1.25 1.5 6 7 -1649.740647337499 1.113958542994057
1.25 1.5 7 8 -1212.458223875781 0.9915561970820931
1.25 1.5 8 9 -898.4810721270055 0.8881488799028788
1.25 1.5 9 10 -669.5058380992932 0.8005450822221964
1.25 1.5 10 11 -499.8874919086738 0.7247862238285198
1.25 1.5 11 12 -372.616107014258 0.6595312532442458
1.25 1.5 12 13 -275.9760428550167 0.6026857830707028
1.25 1.5 13 14 -201.8670228540266 0.5528165488359679
1.25 1.5 14 15 -144.5705397104396 0.5087857158221115
1.25 1.5 15 16 -99.98136243774525 0.469682484245883
1.25 1.5 16 17 -65.10638314658695 0.4347711918524495
1.25 1.5 17 18 -37.73225518310073 0.4034522613887573
1.25 1.5 18 19 -16.20113833357482 0.375232770253679
1.25 1.5 19 20 0.7431784766349665 0.3497041416185331
1.25 1.5 20 21 14.06256374178474 0.3265250977910408
1.25 1.5 21 22 24.50047363226179 0.3054085263124521
1.25 1.5 22 23 32.63644328626549 0.2861112649856973
1.25 1.5 23 24 38.92569904976233 0.2684260915769986
1.25 1.5 24 25 43.72829914785189 0.2521753884430685
1.25 1.5 25 26 47.33080750619547 0.2387043162883846
1.25 1.5 26 27 49.96257819718392 0.2271056018776357
1.25 1.5 27 28 51.80810558952828 0.2162675145451503
1.25 1.5 28 29 53.01647211783029 0.2061260252381845
1.25 1.5 29 30 53.70863372719248 0.1966235907376165
1.25 1.5 30 31 53.98307970812323 0.1877084185150639
1.25 1.5 31 32 53.92025994129756 0.17933381632919
1.25 1.5 32 33 53.58607012807306 0.1714576189901959
1.25 1.5 33 34 53.03461176406574 0.1640416830830713
1.25 1.5 34 35 52.31038986073639 0.1570514430483135
1.25 1.5 35 36 51.45007198010171 0.1504555214450182
1.25 1.5 36 37 50.48390288257559 0.1442253848047882
1.25 1.5 37 38 49.43684733969093 0.1383350422618287
1.25 1.5 38 39 48.32951719494713 0.1327607786595169
1.25 1.5 39 40 47.17892630893681 0.1274809201110811
1.25 1.5 40 41 45.99910768607475 0.1224756262534075
1.25 1.5 41 42 44.80161952198983 0.1177267067052403
1.25 1.5 42 43 43.59596161425594 0.1132174585103821
1.25 1.5 43 44 42.38991896407043 0.1089325214457102
1.25 1.5 44 45 41.18984610218001 0.1048577500440897
1.25 1.5 45 46 39.99974953430072 0.1013179795574608
1.25 1.5 46 47 38.82596234412452 0.0995615046641093
1.25 1.5 47 48 37.67065009517435 0.09974898522550212
1.25 1.5 48 49 36.536443916395 0.1017670105326624
1.25 1.5 49 50 35.42519694311778 0.1043918850594681
1.5 1.75 0 1 4711.219182325398 0.9369808857438169
1.5 1.75 1 2 -2685.013500579002 0.7434608970084564
1.5 1.75 2 3 -5536.793812913676 1.691370498137666
1.5 1.75 3 4 -4286.858892297567 1.635781894558431
1.5 1.75 4 5 -3092.032152757308 1.463489836284261
1.5 1.75 5 6 -2220.441925540143 1.290278191364911
1.5 1.75 6 7 -1607.725836308733 1.13822566183427
1.5 1.75 7 8 -1175.398839704617 1.009060886223506
1.5 1.75 8 9 -866.1031379525994 0.8997645094249007
1.5 1.75 9 10 -641.2905983585633 0.8078229403251976
1.5 1.75 10 11 -475.2930493152235 0.7286352724698975
1.5 1.75 11 12 -351.1279377005246 0.6607561620554399
1.5 1.75 12 13 -257.1453200389005 0.6019121428917772
1.5 1.75 13 14 -185.3090101129278 0.550524887355987
1.5 1.75 14 15 -129.9591396802653 0.5053449601894278
1.5 1.75 15 16 -87.04144150510137 0.4653767234181671
1.5 1.75 16 17 -53.60603502836193 0.4298201461644009
1.5 1.75 17 18 -27.47581151379291 0.3980266718144057
1.5 1.75 18 19 -7.023153389742447 0.3694659124340417
1.5 1.75 19 20 8.982982296160344 0.343700453821882
1.5 1.75 20 21 21.48349256472716 0.3203666750011063
1.5 1.75 21 22 31.20432716904725 0.299160039378105
1.5 1.75 22 23 38.7103703738785 0.2798237124283395
1.5 1.75 23 24 44.44455149189605 0.2621396819857828
1.5 1.75 24 25 48.75657498426222 0.2459217709824526
1.5 1.75 25 26 51.92425903966023 0.2310100933963568
1.5 1.75 26 27 54.1695462945155 0.2172666203737635
1.5 1.75 27 28 55.67063019729892 0.2045716099205016
1.5 1.75 28 29 56.57121943197569 0.1928207075071803
1.5 1.75 29 30 56.98767275743478 0.1819225796048786
1.5 1.75 30 31 57.01453477255666 0.1717969674546626
1.5 1.75 31 32 56.72886063629073 0.1623730774905987
1.5 1.75 32 33 56.19361631658467 0.1535882432734625
1.5 1.75 33 34 55.46036789726838 0.1453868060622766
1.5 1.75 34 35 54.57142035929257 0.1377191743386271
1.5 1.75 35 36 53.56152729960371 0.1305410301913304
1.5 1.75 36 37 52.45926419600733 0.123812655501094
1.5 1.75 37 38 51.28813638948418 0.1174983585396723
1.5 1.75 38 39 50.06747674583767 0.1115659833369185
1.5 1.75 39 40 48.81317571824763 0.1059864890813544
1.5 1.75 40 41 47.53827735440939 0.1007335861055917
1.5 1.75 41 42 46.25346737380113 0.0957834240959112
1.5 1.75 42 43 44.96747424527638 0.09111431819627897
1.5 1.75 43 44 43.68739967663799 0.08670651353930388
1.5 1.75 44 45 42.41899169687005 0.08254197812164527
1.5 1.75 45 46 41.16573832088596 0.07931083149281976
1.5 1.75 46 47 39.93345647783696 0.07959180473584346
1.5 1.75 47 48 38.72390343522275 0.08346348170975997
1.5 1.75 48 49 37.53932679073785 0.09026941889346475
1.5 1.75 49 50 36.38124393335255 0.09745578739190816
1.75 2 0 1 4284.040498138951 1.074987786847551
1.75 2 1 2 -3063.075850938017 2.563495425358177
1.75 2 2 3 -5542.198086227949 2.781599414073727
1.75 2 3 4 -4242.393387544231 2.319559794350744
1.75 2 4 5 -3045.177978809178 1.926219893775922
1.75 2 5 6 -2179.763590042561 1.625498233280592
1.75 2 6 7 -1574.007843235196 1.394261771606959
1.75 2 7 8 -1147.776516164279 1.212788576261565
1.75 2 8 9 -843.4990656664841 1.066374127991295
1.75 2 9 10 -622.7445709979161 0.9475033621095239
1.75 2 10 11 -460.0176992935058 0.8479103928073513
1.75 2 11 12 -338.4975963373795 0.7639860694201767
1.75 2 12 13 -246.6625362719462 0.6922797727539995
1.75 2 13 14 -176.57829784461 0.6303794741557516
1.75 2 14 15 -122.6646383898283 0.5764670047365864
1.75 2 15 16 -80.92947484880483 0.529146195712907
1.75 2 16 17 -48.47169129965778 0.4873271422036406
1.75 2 17 18 -23.15264316134926 0.4501465051208921
1.75 2 18 19 -3.375246172814059 0.4169114716743839
1.75 2 19 20 12.06714977841784 0.387059584933503
1.75 2 20 21 24.0958346272937 0.3601294388257611
1.75 2 21 22 33.42090672710549 0.3357389542247094
1.75 2 22 23 40.59436632287293 0.3135690401335954
1.75 2 23 24 46.04861851369208 0.2933511407814602
1.75 2 24 25 50.12473167923861 0.2748576301236632
1.75 2 25 26 53.09340729835287 0.2578943199492044
1.75 2 26 27 55.17070042229875 0.2422945572519619
1.75 2 27 28 56.52991613507891 0.2279145311557775
1.75 2 28 29 57.31069078316273 0.214629507297706
1.75 2 29 30 57.6259800368407 0.2023307843394735
1.75 2 30 31 57.56747643931055 0.1909232147916377
1.75 2 31 32 57.2098384665573 0.180323171264359
1.75 2 32 33 56.6140130138437 0.1704568681039041
1.75 2 33 34 55.82986123260599 0.1612589677206498
1.75 2 34 35 54.89824530024657 0.152671416370281
1.75 2 35 36 53.85269536458657 0.1446424669704101
1.75 2 36 37 52.72074750933433 0.1371258545607287
1.75 2 37 38 51.52502251076828 0.1300800972914391
1.75 2 38 39 50.28409922952136 0.1234679017231636
1.75 2 39 40 49.0132244593857 0.1172556533787624
1.75 2 40 41 47.72489205223036 0.1114129806275126
1.75 2 41 42 46.42931686095272 0.1059123777870552
1.75 2 42 43 45.13482394984402 0.1007288803701366
1.75 2 43 44 43.8481690994696 0.09583978231528649
1.75 2 44 45 42.57480346875582 0.09122439061897633
1.75 2 45 46 41.31799162171802 0.08722735830841814
1.75 2 46 47 40.08327063865099 0.08520573133723321
1.75 2 47 48 38.87224125306247 0.08534099385948339
1.75 2 48 49 37.6869892860808 0.09088368072885007
1.75 2 49 50 36.52888669579093 0.09771746114271686
2 2.25 0 1 3810.112713457631 1.057932341139342
2 2.25 1 2 -3467.317255234998 0.8825992097549173
2 2.25 2 3 -5531.970704476934 1.667936927562258
2 2.25 3 4 -4166.499883092623 1.541317958128708
2 2.25 4 5 -2961.006111081794 1.358524722687092
2 2.25 5 6 -2101.352654019121 1.1970975631491
2 2.25 6 7 -1504.620922146992 1.061835659698964
2 2.25 7 8 -1087.506389370927 0.9481500144517654
2 2.25 8 9 -791.4712713751464 0.852439762358959
2 2.25 9 10 -577.8701549132729 0.7708328247729233
2 2.25 10 11 -421.2657083453114 0.699960588675117
2 2.25 11 12 -304.933155637867 0.6385953278337166
2 2.25 12 13 -217.493180696109 0.5848686657174457
2 2.25 13 14 -151.1377124752514 0.5375174262509624
2 2.25 14 15 -100.396172721202 0.4955357533747665
2 2.25 15 16 -61.36879604432193 0.4581139278699731
2 2.25 16 17 -31.23103625120166 0.4245935409916362
2 2.25 17 18 -7.907362068722705 0.3944342537926713
2 2.25 18 19 10.14737352599946 0.3671888411217485
2 2.25 19 20 24.09704017017248 0.3424842359472483
2 2.25 20 21 34.82760547613475 0.3200069692546967
2 2.25 21 22 43.01991021827928 0.2994918780090688
2 2.25 22 23 49.20163277530969 0.2807132581369097
2 2.25 23 24 53.78488228925698 0.2634778763960643
2 2.25 24 25 57.09372506843499 0.2476194030232338
2 2.25 25 26 59.38456498223752 0.2329939431737908
2 2.25 26 27 60.86138830770733 0.2194764218433271
2 2.25 27 28 61.68727525464192 0.2069576428999181
2 2.25 28 29 61.99316858934355 0.1953418767955121
2 2.25 29 30 61.88460689620467 0.1845448737750413
2 2.25 30 31 61.44693365912434 0.1744922147383174
2 2.25 31 32 60.74935511082708 0.1651179370610931
2 2.25 32 33 59.8481215807945 0.1563633833398829
2 2.25 33 34 58.78903655411199 0.148176230960095
2 2.25 34 35 57.60944646938225 0.1405096716950147
2 2.25 35 36 56.3398268596776 0.133321714452276
2 2.25 36 37 55.00505275685089 0.1265745902829159
2 2.25 37 38 53.6254207740256 0.1202342429114741
2 2.25 38 39 52.21747480504609 0.1142698900626651
2 2.25 39 40 50.79467561761396 0.1086536464013491
2 2.25 40 41 49.36794589238764 0.1033601948037525
2 2.25 41 42 47.9461152315414 0.09836650314381902
2 2.25 42 43 46.53628472686123 0.0936515763637762
2 2.25 43 44 45.14412643100317 0.0891962394025403
2 2.25 44 45 43.77413001317632 0.0849829485095151
2 2.25 45 46 42.4287285509667 0.08165350892317985
2 2.25 46 47 41.1126545200764 0.08160449271395694
2 2.25 47 48 39.8268527231923 0.0848976137227475
2 2.25 48 49 38.57280234793828 0.09090981742334824
2 2.25 49 50 37.35133487440712 0.09726630668523456
2.25 2.5 0 1 3305.353823862674 1.880822844544613
2.25 2.5 1 2 -3875.779524033357 0.9704824980083017
2.25 2.5 2 3 -5484.406181518703 1.699597031267877
2.25 2.5 3 4 -4059.098765807993 1.564793543408876
2.25 2.5 4 5 -2856.668626731564 1.379048590321667
2.25 2.5 5 6 -2011.942406830568 1.22710424797877
2.25 2.5 6 7 -1430.521520874242 1.107319536687309
2.25 2.5 7 8 -1026.594654475625 0.9986504215889139
2.25 2.5 8 9 -741.3688330758682 0.903308427967412
2.25 2.5 9 10 -536.5015889748538 0.8199270088983603
2.25 2.5 10 11 -386.9584074804097 0.7465534851780941
2.25 2.5 11 12 -276.3412963421879 0.6823590373578169
2.25 2.5 12 13 -193.5563684380445 0.6258015151786854
2.25 2.5 13 14 -131.0152889831186 0.5757466814131651
2.25 2.5 14 15 -83.41821314276012 0.5312438479026798
2.25 2.5 15 16 -46.99799249956686 0.4915010195283896
2.25 2.5 16 17 -19.03352596736363 0.4558586697815272
2.25 2.5 17 18 2.469524214054445 0.42376622627743
2.25 2.5 18 19 18.99212976361673 0.3947622593965149
2.25 2.5 19 20 31.64707281752578 0.3684582434909698
2.25 2.5 20 21 41.27936757927671 0.34452540938877
2.25 2.5 21 22 48.5368059621793 0.3226841463122722
2.25 2.5 22 23 53.92022845058739 0.3026954631149996
2.25 2.5 23 24 57.81982155173353 0.2843540945019929
2.25 2.5 24 25 60.54164544510866 0.2674829165712383
2.25 2.5 25 26 62.32723877676312 0.2519284043709515
2.25 2.5 26 27 63.36825682796393 0.2375569196660994
2.25 2.5 27 28 63.8175052045068 0.2242516630349067
2.25 2.5 28 29 63.79732962896696 0.2119101582406923
2.25 2.5 29 30 63.4060470010557 0.2004421676352742
2.25 2.5 30 31 62.72291200453259 0.1897679541883427
2.25 2.5 31 32 61.81197933715163 0.1798168273201075
2.25 2.5 32 33 60.7251264344514 0.1705259209928311
2.25 2.5 33 34 59.50443327604916 0.1618391606482502
2.25 2.5 34 35 58.18406639337815 0.1537063883643414
2.25 2.5 35 36 56.7917780449759 0.146082617659701
2.25 2.5 36 37 55.35010484688598 0.1389273964676426
2.25 2.5 37 38 53.87733038915547 0.1322042614891195
2.25 2.5 38 39 52.38826148746773 0.1258802673165776
2.25 2.5 39 40 50.89485651910127 0.1199255815934333
2.25 2.5 40 41 49.40673592034761 0.1143131321479091
2.25 2.5 41 42 47.93159819261203 0.1090183023300904
2.25 2.5 42 43 46.47556003554968 0.1040186635448551
2.25 2.5 43 44 45.04343518154133 0.09929374365296857
2.25 2.5 44 45 43.63896356814996 0.09482482149466913
2.25 2.5 45 46 42.26395773609696 0.09091426419341585
2.25 2.5 46 47 40.92250734366391 0.08874174896188045
2.25 2.5 47 48 39.61508840625405 0.08844165872844924
2.25 2.5 48 49 38.34273705069117 0.08986404502961402
2.25 2.5 49 50 37.10589526367758 0.09320412529407243
2.5 2.75 0 1 2747.064247259727 2.626738824721712
2.5 2.75 1 2 -4317.715085371036 1.115338301438703
2.5 2.75 2 3 -5429.542218021055 2.406104387960301
2.5 2.75 3 4 -3939.365765229266 2.450433562939844
2.5 2.75 4 5 -2738.633789785792 2.204790417746407
2.5 2.75 5 6 -1908.676504575542 1.943256822563549
2.5 2.75 6 7 -1343.114756875347 1.712241710856818
2.5 2.75 7 8 -953.2848437754187 1.515983780691751
2.5 2.75 8 9 -679.9166153794422 1.350261949630686
2.5 2.75 9 10 -484.8402237022069 1.210316148470901
2.5 2.75 10 11 -343.3590150000543 1.090646546148102
2.5 2.75 11 12 -239.3755300202688 0.9879465231891384
2.5 2.75 12 13 -162.072631315267 0.8990497602057563
2.5 2.75 13 14 -104.0837329456365 0.8215491490917062
2.5 2.75 14 15 -60.28631008681373 0.753534880629397
2.5 2.75 15 16 -27.05409703915916 0.6934818631459546
2.5 2.75 16 17 -1.77791905709455 0.6401625732913181
2.5 2.75 17 18 17.44736263300547 0.5925807491677876
2.5 2.75 18 19 32.03129962255457 0.5499211231789236
2.5 2.75 19 20 43.02917974296975 0.5115112088246268
2.5 2.75 20 21 51.23947129859926 0.4767920832947883
2.5 2.75 21 22 57.27207062684818 0.4452958849106659
2.5 2.75 22 23 61.59679514198501 0.4166283468873559
2.5 2.75 23 24 64.5782997352801 0.3904551309074661
2.5 2.75 24 25 66.50152604074731 0.3664910494785401
2.5 2.75 25 26 67.59046044654406 0.3444915008773043
2.5 2.75 26 27 68.02210349390191 0.3242456117029601
2.5 2.75 27 28 67.93697234721265 0.3055707077881279
2.5 2.75 28 29 67.44706624991807 0.288307826448703
2.5 2.75 29 30 66.6419567932877 0.272318049565523
2.5 2.75 30 31 65.5934793966922 0.2574794903769927
2.5 2.75 31 32 64.35937232365649 0.2436848018435698
2.5 2.75 32 33 62.98611745005718 0.2308391062915064
2.5 2.75 33 34 61.51117107839531 0.21885826497399
2.5 2.75 34 35 59.96472542130152 0.2076674255533074
2.5 2.75 35 36 58.3711066058043 0.1971997966315693
2.5 2.75 36 37 56.74988944020873 0.1873956097229007
2.5 2.75 37 38 55.11679025118764 0.178201235585068
2.5 2.75 38 39 53.4843848715638 0.1695684295945266
2.5 2.75 39 40 51.86268815987779 0.1614536849734552
2.5 2.75 40 41 50.25962346013117 0.1538176752693831
2.5 2.75 41 42 48.68140400762326 0.1466247739303229
2.5 2.75 42 43 47.13284379357708 0.1398426371423773
2.5 2.75 43 44 45.61761157377177 0.1334418419069817
2.5 2.75 44 45 44.13843892325008 0.1273955698993655
2.5 2.75 45 46 42.6962842604581 0.1219003052540965
2.5 2.75 46 47 41.29438166197957 0.117765843711948
2.5 2.75 47 48 39.93254672116353 0.1151043378913066
2.5 2.75 48 49 38.61119833488181 0.1138588725338892
2.5 2.75 49 50 37.33022959881117 0.113224620433343
2.75 3 0 1 2126.620553793662 2.21733607838762
2.75 3 1 2 -4759.235399995648 3.633376227688111
2.75 3 2 3 -5318.137762776121 5.690581062892873
2.75 3 3 4 -3766.045834659574 4.975446131806261
2.75 3 4 5 -2576.905860419529 4.182339143442587
2.75 3 5 6 -1771.166428383842 3.532040024768985
2.75 3 6 7 -1229.110575736305 3.017124367751021
2.75 3 7 8 -859.2950055509718 2.607278248098145
2.75 3 8 9 -602.2950059984164 2.27658457037085
2.75 3 9 10 -420.4762096215086 2.00652231592708
2.75 3 10 11 -289.7903671741083 1.781371485327149
2.75 3 11 12 -194.4949590015335 1.593087124888505
2.75 3 12 13 -124.3144257138067 1.432963616438476
2.75 3 13 14 -72.17808987419744 1.295667767680405
2.75 3 14 15 -33.21957403069996 1.176930225717575
2.75 3 15 16 -4.012031181770453 1.073454623552152
2.75 3 16 17 17.89788927229756 0.9826610063565314
2.75 3 17 18 34.29286755450357 0.902504762841996
2.75 3 18 19 46.48557969860906 0.8313469286563426
2.75 3 19 20 55.45414699703599 0.7678599195096409
2.75 3 20 21 61.93514907695408 0.7109580529394885
2.75 3 21 22 66.48851740950749 0.6597456643244611
2.75 3 22 23 69.54347577340877 0.6134778840979584
2.75 3 23 24 71.4315014916375 0.5715306459098661
2.75 3 24 25 72.41026676816091 0.533377508840561
2.75 3 25 26 72.68122556197591 0.4985715680211066
2.75 3 26 27 72.40266713064239 0.4667312056778576
2.75 3 27 28 71.69949748870192 0.4375287713295864
2.75 3 28 29 70.67063359822265 0.4106815161127758
2.75 3 29 30 69.39463824591775 0.3859442786539045
2.75 3 30 31 67.93404639572015 0.363103541731364
2.75 3 31 32 66.33870983409571 0.3419725717000948
2.75 3 32 33 64.64839937568939 0.3223874184060771
2.75 3 33 34 62.89484138853715 0.3042036043279193
2.75 3 34 35 61.10332030318239 0.2872933689095082
2.75 3 35 36 59.29394596101622 0.2715433634322721
2.75 3 36 37 57.48266054658035 0.2568527129177042
2.75 3 37 38 55.68204206719724 0.2431313797014563
2.75 3 38 39 53.90194801105892 0.2302987747982896
2.75 3 39 40 52.15003281451871 0.2182825755465636
2.75 3 40 41 50.43216533215076 0.2070177143072356
2.75 3 41 42 48.7527665484107 0.1964455103704814
2.75 3 42 43 47.11508359026658 0.1865129223516827
2.75 3 43 44 45.52141257046225 0.1771719016139976
2.75 3 44 45 43.97328020083415 0.1683788320072108
2.75 3 45 46 42.47062995256229 0.1602481330947368
2.75 3 46 47 41.01567386866913 0.1533291696686644
2.75 3 47 48 39.60744928503672 0.1476994616448453
2.75 3 48 49 38.2456479792738 0.1433319285175577
2.75 3 49 50 36.92951791885537 0.1396623311557401
3 3.25 0 1 1445.245946194036 1.315173226862296
3 3.25 1 2 -5129.814554399192 8.768946181396432
3 3.25 2 3 -5094.32402824868 9.813770831940797
3 3.25 3 4 -3503.438921491859 8.102072005943
3 3.25 4 5 -2348.927064412739 6.624675512132794
3 3.25 5 6 -1585.030981268751 5.496387548272092
3 3.25 6 7 -1079.300834772582 4.634697550549576
3 3.25 7 8 -738.7687508053814 3.964521518125749
3 3.25 8 9 -504.911983778934 3.432930060442872
3 3.25 9 10 -341.3297130204173 3.003227696183207
3 3.25 10 11 -225.0707880130883 2.65043148185989
3 3.25 11 12 -141.3218521686247 2.356779205056057
3 3.25 12 13 -80.40531067161214 2.109227483454252
3 3.25 13 14 -35.77261588610531 1.898362785495816
3 3.25 14 15 -2.936397002920557 1.717068791403635
3 3.25 15 16 21.24201725744319 1.559911991417732
3 3.25 16 17 38.99514701021826 1.422679938546677
3 3.25 17 18 51.9349841807441 1.302061637177361
3 3.25 18 19 61.24111549816666 1.19542215588996
3 3.25 19 20 67.7870029215328 1.10064091880329
3 3.25 20 21 72.22625320976942 1.015993824191036
3 3.25 21 22 75.05251294790719 0.9400660479677799
3 3.25 22 23 76.64167217439717 0.8716866729777183
3 3.25 23 24 77.28200745725837 0.8098790725365352
3 3.25 24 25 77.19597942519795 0.7538228205591507
3 3.25 25 26 76.55617511500668 0.7028241420342777
3 3.25 26 27 75.49708983293863 0.6562927647924597
3 3.25 27 28 74.12391772853033 0.6137236220890357
3 3.25 28 29 72.51916831035055 0.5746822673039218
3 3.25 29 30 70.7476868277634 0.5387931568676958
3 3.25 30 31 68.86049194378768 0.5057301683550972
3 3.25 31 32 66.89772940722634 0.4752088748804598
3 3.25 32 33 64.89095967570682 0.4469802099632766
3 3.25 33 34 62.86493996198328 0.4208252416932813
3 3.25 34 35 60.83901984299143 0.3965508369387216
3 3.25 35 36 58.82823958220035 0.3739860454492879
3 3.25 36 37 56.84419835532842 0.3529790686410841
3 3.25 37 38 54.89574341249187 0.3333947067363859
3 3.25 38 39 52.98951913458211 0.3151121987712467
3 3.25 39 40 51.13040591579175 0.2980233876257944
3 3.25 40 41 49.32187210387954 0.2820311543815651
3 3.25 41 42 47.56625688921969 0.2670480777247364
3 3.25 42 43 45.86499828456084 0.2529952814444527
3 3.25 43 44 44.21881720250784 0.2398014406970927
3 3.25 44 45 42.627866317269 0.2274019216193408
3 3.25 45 46 41.09095081003969 0.2158410676969081
3 3.25 46 47 39.60910632210727 0.205457960659186
3 3.25 47 48 38.18051300830578 0.196282366571251
3 3.25 48 49 36.80405563489602 0.1882818597288249
3 3.25 49 50 35.47827072018448 0.181065277152535
3.25 3.5 0 1 730.077139054177 0.4577719899305043
3.25 3.5 1 2 -5308.387589246579 19.31671403923026
3.25 3.5 2 3 -4684.828185534438 15.75007051032854
3.25 3.5 3 4 -3109.315881584562 12.00021454170955
3.25 3.5 4 5 -2030.473202814112 9.405636910392984
3.25 3.5 5 6 -1336.690615787198 7.585955425477992
3.25 3.5 6 7 -886.5310972477982 6.261554269485227
3.25 3.5 7 8 -588.5016543750303 5.264282579643423
3.25 3.5 8 9 -387.0145065159218 4.491818057844184
3.25 3.5 9 10 -248.1971079940693 3.879269385708308
3.25 3.5 10 11 -150.997581796368 3.384089726253934
3.25 3.5 11 12 -82.17615788193552 2.977137769021263
3.25 3.5 12 13 -33.04069818973016 2.638120322364108
3.25 3.5 13 14 2.251929155625021 2.352271117593994
3.25 3.5 14 15 27.60411863394938 2.108769767845105
3.25 3.5 15 16 45.74188609429575 1.899465793919782
3.25 3.5 16 17 58.58787716033476 1.718122242349644
3.25 3.5 17 18 67.51880133195903 1.559892429581003
3.25 3.5 18 19 73.53370203359236 1.420958097460791
3.25 3.5 19 20 77.36612121130804 1.298274073676872
3.25 3.5 20 21 79.56022370093638 1.189384784321836
3.25 3.5 21 22 80.52331944572984 1.092290220609003
3.25 3.5 22 23 80.5626500229705 1.005346566176025
3.25 3.5 23 24 79.91150924448999 0.9271915201091802
3.25 3.5 24 25 78.74802350950227 0.8566874818661038
3.25 3.5 25 26 77.20880937015266 0.792877834367039
3.25 3.5 26 27 75.39900963865142 0.7349529537297622
3.25 3.5 27 28 73.3997388023401 0.6822235269372554
3.25 3.5 28 29 71.2736548464074 0.6340994190826986
3.25 3.5 29 30 69.06916228783831 0.5900727975367317
3.25 3.5 30 31 66.82360592884442 0.5497045516045835
3.25 3.5 31 32 64.56571394158652 0.5126132856726432
3.25 3.5 32 33 62.31747815866578 0.4784663383247867
3.25 3.5 33 34 60.09560929748886 0.4469724081576718
3.25 3.5 34 35 57.91266893347282 0.4178754633391082
3.25 3.5 35 36 55.77795407578276 0.3909496834410833
3.25 3.5 36 37 53.69819126898642 0.3659952364230485
3.25 3.5 37 38 51.67808326516055 0.3428347356650855
3.25 3.5 38 39 49.72074098116656 0.3213102535230464
3.25 3.5 39 40 47.82802576105902 0.3012807929532188
3.25 3.5 40 41 46.00082128039102 0.2826201378129969
3.25 3.5 41 42 44.23924991080176 0.2652150180354
3.25 3.5 42 43 42.54284519698913 0.2489635376266528
3.25 3.5 43 44 40.91068948917615 0.2337738226647934
3.25 3.5 44 45 39.34152381052982 0.2195628550316286
3.25 3.5 45 46 37.83302734922832 0.2063484193895143
3.25 3.5 46 47 36.38499906075377 0.1944213991256133
3.25 3.5 47 48 34.99480473507722 0.1838021961684625
3.25 3.5 48 49 33.66054556789284 0.1744578108545891
3.25 3.5 49 50 32.38007902740442 0.1660267464422681
3.5 3.75 0 1 65.06794925716758 1.788536489249401
3.5 3.75 1 2 -5102.211595969435 25.72526367593181
3.5 3.75 2 3 -4007.623558241312 17.47288233969612
3.5 3.75 3 4 -2550.061312194699 12.5077139739048
3.5 3.75 4 5 -1610.653743306441 9.458783196893009
3.5 3.75 5 6 -1026.088387241292 7.440584653311142
3.5 3.75 6 7 -655.8958566876072 6.023719712854443
3.5 3.75 7 8 -415.9165724877848 4.983774804613391
3.5 3.75 8 9 -256.9042148028934 4.193830953036594
3.5 3.75 9 10 -149.559443806874 3.577499950090607
3.5 3.75 10 11 -76.00383901454506 3.085758967605575
3.5 3.75 11 12 -24.88356053565826 2.685614186818621
3.5 3.75 12 13 10.5771853475751 2.356890465556764
3.5 3.75 13 14 35.05689924028616 2.081392324199226
3.5 3.75 14 15 52.07269045894225 1.848882373845392
3.5 3.75 15 16 63.64624380677265 1.650570263427739
3.5 3.75 16 17 71.29348461212749 1.479990916055467
3.5 3.75 17 18 76.0881154857185 1.332166647928606
3.5 3.75 18 19 78.80069247587801 1.203208450874267
3.5 3.75 19 20 79.99054484048452 1.090038023546095
3.5 3.75 20 21 80.06765842458634 0.9901901466629135
3.5 3.75 21 22 79.33504229653073 0.9016696921249115
3.5 3.75 22 23 78.01817902447368 0.8228465149556101
3.5 3.75 23 24 76.28578129704329 0.7523770791521145
3.5 3.75 24 25 74.26460591388309 0.6891452529757434
3.5 3.75 25 26 72.05014757735353 0.6322170510247374
3.5 3.75 26 27 69.71443871482455 0.5808056586980889
3.5 3.75 27 28 67.31179219515167 0.5342441310108
3.5 3.75 28 29 64.88306575998172 0.4919638835621815
3.5 3.75 29 30 62.45885331239037 0.4534776012056543
3.5 3.75 30 31 60.06188997470372 0.418365548347048
3.5 3.75 31 32 57.70887615800694 0.3862645224757256
3.5 3.75 32 33 55.41186891203171 0.3568588787034193
3.5 3.75 33 34 53.17934865156275 0.3298731894312458
3.5 3.75 34 35 51.01704071419013 0.3050662053519688
3.5 3.75 35 36 48.92855061469544 0.2822258580088575
3.5 3.75 36 37 46.91585691318028 0.261165102596421
3.5 3.75 37 38 44.97969471576295 0.2417184423369468
3.5 3.75 38 39 43.11985475119849 0.2237390082193951
3.5 3.75 39 40 41.33541698397116 0.2070960954351221
3.5 3.75 40 41 39.62493332840988 0.1916730753818888
3.5 3.75 41 42 37.98657054978439 0.1773656196314065
3.5 3.75 42 43 36.41822200994937 0.1640801833509887
3.5 3.75 43 44 34.91759494191507 0.1517327061788293
3.5 3.75 44 45 33.48227843064022 0.1402474955301715
3.5 3.75 45 46 32.10912022443758 0.1296728452545409
3.5 3.75 46 47 30.79684826187068 0.1204082169815165
3.5 3.75 47 48 29.5422938930548 0.1125247691038742
3.5 3.75 48 49 28.34300412111004 0.1060211512978677
3.5 3.75 49 50 27.19638228711432 0.1004701668075225
3.75 4 0 1 -433.8865504967566 2.031917522806534
3.75 4 1 2 -4365.027705936726 29.82215268047024
3.75 4 2 3 -3041.803420873062 14.33909340591273
3.75 4 3 4 -1835.715730323877 8.59521212901622
3.75 4 4 5 -1108.3476849879 5.727820913054256
3.75 4 5 6 -673.6347205385723 4.064107369320975
3.75 4 6 7 -406.7507443613947 3.004949008784849
3.75 4 7 8 -238.4794665605129 2.286713150955463
3.75 4 8 9 -129.9399215791211 1.776516840132671
3.75 4 9 10 -58.69043393317679 1.401145435862364
3.75 4 10 11 -11.44838908206225 1.119215249877975
3.75 4 11 12 20.0846833938275 0.9079613652077833
3.75 4 12 13 41.09676432892491 0.7315255435578104
3.75 4 13 14 54.91924275787551 0.5900295873514042
3.75 4 14 15 63.69711952405908 0.4874210268775818
3.75 4 15 16 69.03520388407173 0.4002466374238631
3.75 4 16 17 71.9299866512045 0.329987466528304
3.75 4 17 18 73.10138763117772 0.2735810122134071
3.75 4 18 19 73.05792457752813 0.229618268273944
3.75 4 19 20 72.16256139349679 0.2128947437575993
3.75 4 20 21 70.67658071422659 0.1977492655425982
3.75 4 21 22 68.78931683652519 0.1839884402016484
3.75 4 22 23 66.638617998651 0.1714480811769371
3.75 4 23 24 64.32512487574968 0.1599880361179168
3.75 4 24 25 61.9223590682561 0.1494880493157131
3.75 4 25 26 59.48393154748743 0.1398444323527969
3.75 4 26 27 57.0487454792576 0.1309673680630717
3.75 4 27 28 54.64478558395101 0.1301591368230887
3.75 4 28 29 52.29190049674949 0.1328205181400957
3.75 4 29 30 50.00386049315392 0.1355862563696123
3.75 4 30 31 47.78988905222403 0.1382503493194882
3.75 4 31 32 45.65580916957967 0.1406922589831869
3.75 4 32 33 43.60490544826482 0.1428473256418222
3.75 4 33 34 41.63857505716541 0.1446865976139176
3.75 4 34 35 39.75682086623259 0.1462034643823647
3.75 4 35 36 37.95862593455033 0.1474049305342892
3.75 4 36 37 36.24223834314077 0.1483059683494339
3.75 4 37 38 34.60538798585448 0.1489258876621713
3.75 4 38 39 33.04545150198297 0.1492860200556417
3.75 4 39 40 31.5595775414283 0.1494082605524492
3.75 4 40 41 30.14478164225844 0.1493141664124143
3.75 4 41 42 28.79801770877783 0.1490244199656333
3.75 4 42 43 27.51623149076201 0.1485585272806187
3.75 4 43 44 26.29640019880243 0.1479346699669765
3.75 4 44 45 25.13556140519101 0.1471696542604295
3.75 4 45 46 24.03033198317481 0.146350147590486
3.75 4 46 47 22.97880832057302 0.1457365754938112
3.75 4 47 48 21.9778130788172 0.1453422625038503
3.75 4 48 49 21.02478796177393 0.1451386474955474
3.75 4 49 50 20.11710978689946 0.1449132062076482
4 5 0 1 -1208.88121403297 3.753557278152851
4 5 1 2 -4891.206089356788 10.5655758280401
4 5 2 3 -2802.666436115675 6.732134733914938
4 5 3 4 -1467.402320610282 4.779041227780998
4 5 4 5 -760.1809898215747 3.493509762507417
4 5 5 6 -380.2083246831896 2.648590733782636
4 5 6 7 -167.6819892323826 2.112670588444678
4 5 7 8 -45.43471890018532 1.747969471855525
4 5 8 9 25.8934012604841 1.476934780921159
4 5 9 10 67.46654606545474 1.264354295881897
4 5 10 11 91.12603297561213 1.096825237375779
4 5 11 12 103.7964804843143 0.963083465535632
4 5 12 13 109.6299055117343 0.8512477780786117
4 5 13 14 111.1617029591208 0.7555089363682318
4 5 14 15 109.9843409409233 0.6745826243425317
4 5 15 16 107.1256808475602 0.606176778122348
4 5 16 17 103.2587117420289 0.5473958795063024
4 5 17 18 98.82360927726808 0.495880731318269
4 5 18 19 94.10810662921659 0.4503167996914979
4 5 19 20 89.30102571753099 0.4099961173043157
4 5 20 21 84.52639916258369 0.374319443290136
4 5 21 22 79.86471967526364 0.3426442925254784
4 5 22 23 75.36657930899301 0.314352102432248
4 5 23 24 71.06192894383418 0.2889291234868641
4 5 24 25 66.9665905147782 0.2659831739683536
4 5 25 26 63.08684491729022 0.2452146731513992
4 5 26 27 59.42261547040735 0.2263799830506604
4 5 27 28 55.96964775545692 0.2092673313479016
4 5 28 29 52.72099875746878 0.1936869027678634
4 5 29 30 49.66806175084113 0.1794689363642821
4 5 30 31 46.80127888167382 0.1664639940234818
4 5 31 32 44.11063920587721 0.1545424767530536
4 5 32 33 41.58602527589358 0.143592833416517
4 5 33 34 39.21745062261014 0.1335189829402909
4 5 34 35 36.99521803193944 0.1242376257233052
4 5 35 36 34.91002050660872 0.115675885416197
4 5 36 37 32.95300119281427 0.1077694416192492
4 5 37 38 31.1157843456816 0.1004611310054031
4 5 38 39 29.39048617748663 0.09369991343505353
4 5 39 40 27.76971197389844 0.0874400896398231
4 5 40 41 26.24654408819516 0.08164068122887015
4 5 41 42 24.81452401957162 0.07626491257644569
4 5 42 43 23.46763087598337 0.07127975838193942
4 5 43 44 22.20025784900284 0.06665554141202652
4 5 44 45 21.00718779206072 0.06236556835947125
4 5 45 46 19.88307175856011 0.0588312420829856
4 5 46 47 18.82404807742004 0.05765273712237629
4 5 47 48 17.82546761700607 0.05884957598825972
4 5 48 49 16.88347726963376 0.06285161432500215
4 5 49 50 15.99409353536783 0.06719012743593235
-5 5 0 50 -549124.3277352139 98.28533359391703
