#ylo yhi qTlo qThi PDF0  uncertainty
-5 -4 0 1 -1206.703394346591 3.427207543608777
-5 -4 1 2 -4882.953920780151 9.478257490897018
-5 -4 2 3 -2794.248525841071 6.093589451314562
-5 -4 3 4 -1463.974585764964 4.353530697898249
-5 -4 4 5 -759.5204379546924 3.204955607463504
-5 -4 5 6 -380.6963792782283 2.443133860024066
-5 -4 6 7 -168.647013554212 1.955149418636107
-5 -4 7 8 -46.58695371695921 1.620714655125781
-5 -4 8 9 24.68862832078275 1.371232718243419
-5 -4 9 10 66.27373470422071 1.175197977752344
-5 -4 10 11 89.97706752937495 1.020665906676019
-5 -4 11 12 102.703973136263 0.8969027067276201
-5 -4 12 13 108.59849826407 0.7931534862130548
-5 -4 13 14 110.1922071947578 0.7044825189862336
-5 -4 14 15 109.0740188304117 0.6293012627191822
-5 -4 15 16 106.2712751615102 0.5657239690021595
-5 -4 16 17 102.4566391188365 0.5110551400366324
-5 -4 17 18 98.07026997415608 0.4630938210421527
-5 -4 18 19 93.40003410818576 0.4206289171209579
-5 -4 19 20 88.63495831560647 0.3830202506687933
-5 -4 20 21 83.89930840118529 0.3497222518684142
-5 -4 21 22 79.27381302252482 0.3201410531105527
-5 -4 22 23 74.80928949860757 0.2937013462624102
-5 -4 23 24 70.53589786299094 0.2699252009575449
-5 -4 24 25 66.46965197899604 0.2484487131075941
-5 -4 25 26 62.61700810166789 0.2289946328237341
-5 -4 26 27 58.97804950425575 0.211337608502082
-5 -4 27 28 55.54866754371608 0.1952814769621032
-5 -4 28 29 52.32205200496333 0.1806500715138396
-5 -4 29 30 49.28971715002255 0.1672856175853289
-5 -4 30 31 46.44221541575401 0.1550491381187975
-5 -4 31 32 43.76963649165631 0.143820093938535
-5 -4 32 33 41.26195485567588 0.1334947486585895
-5 -4 33 34 38.90926810561848 0.1239837676371554
-5 -4 34 35 36.70195599018867 0.1152097036965477
-5 -4 35 36 34.63078204021863 0.1071047910083942
-5 -4 36 37 32.68695408941092 0.09960920238794198
-5 -4 37 38 30.86215577069372 0.09266974757578045
-5 -4 38 39 29.14855784061119 0.08623891528714647
-5 -4 39 40 27.53881572533136 0.08027415122649241
-5 -4 40 41 26.02605790226333 0.07473728787450316
-5 -4 41 42 24.60386832994146 0.06959406896805174
-5 -4 42 43 23.26626522961725 0.06481373602960898
-5 -4 43 44 22.0076778496508 0.0603686609712094
-5 -4 44 45 20.82292230663241 0.05623401629975963
-5 -4 45 46 19.70668085314838 0.05281772572859482
-5 -4 46 47 18.65511301932777 0.05167925365965233
-5 -4 47 48 17.66359711788646 0.05284569356999001
-5 -4 48 49 16.72830494110785 0.05621976704104089
-5 -4 49 50 15.84526939560953 0.06086772796868794
-4 -3.75 0 1 -435.8414236238199 2.052572625156393
-4 -3.75 1 2 -4369.95475060052 29.98329217622029
-4 -3.75 2 3 -3045.913040703828 14.36946967403961
-4 -3.75 3 4 -1840.199794095863 8.593976338767007
-4 -3.75 4 5 -1112.329539642644 5.716231557525862
-4 -3.75 5 6 -676.8227328018079 4.048920829195476
-4 -3.75 6 7 -409.2239413848345 2.988765674734168
-4 -3.75 7 8 -240.384541666692 2.270647354968739
-4 -3.75 8 9 -131.4116732830119 1.761051493153293
-4 -3.75 9 10 -59.83863128817143 1.387442366416599
-4 -3.75 10 11 -12.36932056834871 1.106779148633014
-4 -3.75 11 12 19.14610166357727 0.8867953966786506
-4 -3.75 12 13 40.47892622937445 0.7223805420129104
-4 -3.75 13 14 54.80040576895067 0.5842263753341684
-4 -3.75 14 15 63.34428688635978 0.4779562004039287
-4 -3.75 15 16 68.75366850999148 0.3919123672960916
-4 -3.75 16 17 71.70556841023779 0.3228574063007246
-4 -3.75 17 18 72.92314092968979 0.2677564738119519
-4 -3.75 18 19 72.91732014711732 0.2325194041153997
-4 -3.75 19 20 72.05288949646666 0.2155510674346333
-4 -3.75 20 21 70.59251298490477 0.2001866376442724
-4 -3.75 21 22 68.7265824335355 0.1862292839405895
-4 -3.75 22 23 66.59376260903122 0.1735119320991193
-4 -3.75 23 24 64.29533012030163 0.161891990850097
-4 -3.75 24 25 61.90530619848977 0.1512471336755236
-4 -3.75 25 26 59.47769781317555 0.1414719052138325
-4 -3.75 26 27 57.05172473926405 0.1333958304151377
-4 -3.75 27 28 54.65562701668532 0.1358722351439601
-4 -3.75 28 29 52.30946090939423 0.1386479081814043
-4 -3.75 29 30 50.02716691296709 0.141433142195269
-4 -3.75 30 31 47.81810914502231 0.1440530433005056
-4 -3.75 31 32 45.68822765680599 0.146408823045369
-4 -3.75 32 33 43.64090515341468 0.1484507645957076
-4 -3.75 33 34 41.67762155198224 0.1501601130639156
-4 -3.75 34 35 39.79844993543696 0.1515372060565578
-4 -3.75 35 36 38.00243326461359 0.1525937842073592
-4 -3.75 36 37 36.28787097969841 0.1533480482543882
-4 -3.75 37 38 34.65253720757315 0.1538215037767582
-4 -3.75 38 39 33.09384683799665 0.1540369667377894
-4 -3.75 39 40 31.60898171867733 0.1540173228406739
-4 -3.75 40 41 30.19498629435446 0.153784775688379
-4 -3.75 41 42 28.84883971328794 0.1533604125085091
-4 -3.75 42 43 27.5675098279459 0.1527639744247013
-4 -3.75 43 44 26.34799324647712 0.1520137584401762
-4 -3.75 44 45 25.18734459979222 0.1511266021331995
-4 -3.75 45 46 24.08219536446002 0.1501885055519971
-4 -3.75 46 47 23.03065392103409 0.1494578245291039
-4 -3.75 47 48 22.02955440122359 0.1489481092648734
-4 -3.75 48 49 21.07634900601513 0.1486312202036517
-4 -3.75 49 50 20.16842125216149 0.1482966149194437
-3.75 -3.5 0 1 67.02950384849021 1.802580039869043
-3.75 -3.5 1 2 -5103.541132677319 26.08683725115629
-3.75 -3.5 2 3 -4011.380839227525 17.68444566830461
-3.75 -3.5 3 4 -2555.831532899349 12.64943016279181
-3.75 -3.5 4 5 -1616.452982644779 9.561403230001861
-3.75 -3.5 5 6 -1031.090282876523 7.518626887318868
-3.75 -3.5 6 7 -660.0060949836015 6.085105966384291
-3.75 -3.5 7 8 -419.2452966281237 5.033259909466297
-3.75 -3.5 8 9 -259.5923512256309 4.234486496942967
-3.75 -3.5 9 10 -151.7330205345418 3.611362088488307
-3.75 -3.5 10 11 -77.74963192885343 3.114292141566423
-3.75 -3.5 11 12 -26.39600744483846 2.710148886416476
-3.75 -3.5 12 13 9.29808217372738 2.377628094397423
-3.75 -3.5 13 14 34.02366001877829 2.099432884007983
-3.75 -3.5 14 15 51.20019184203932 1.864552069096538
-3.75 -3.5 15 16 62.90465002899737 1.664242821322322
-3.75 -3.5 16 17 70.6594614282244 1.491966263012033
-3.75 -3.5 17 18 75.54326647997721 1.342688473213076
-3.75 -3.5 18 19 78.33038979514879 1.212476923802681
-3.75 -3.5 19 20 79.58305428651011 1.098219170962477
-3.75 -3.5 20 21 79.71348301223583 0.9974228805296899
-3.75 -3.5 21 22 79.02642772704525 0.9080711530564359
-3.75 -3.5 22 23 77.74873926870771 0.8285161884441
-3.75 -3.5 23 24 76.05021348733629 0.7574000040944728
-3.75 -3.5 24 25 74.05847186452684 0.6935945498599859
-3.75 -3.5 25 26 71.86970522076359 0.6361559332931896
-3.75 -3.5 26 27 69.55651111031585 0.5842890479066221
-3.75 -3.5 27 28 67.17366496976206 0.5373199643346317
-3.75 -3.5 28 29 64.76240618771624 0.4946741805863784
-3.75 -3.5 29 30 62.35364596202729 0.4558593403602387
-3.75 -3.5 30 31 59.9703851269048 0.4204513920417043
-3.75 -3.5 31 32 57.62954812922874 0.38808342046523
-3.75 -3.5 32 33 55.34338211999741 0.3584365733092518
-3.75 -3.5 33 34 53.12052977171851 0.3312326408133864
-3.75 -3.5 34 35 50.96685566697795 0.3062279512418645
-3.75 -3.5 35 36 48.88608540932609 0.2832083197844626
-3.75 -3.5 36 37 46.88030159613177 0.2619848466410302
-3.75 -3.5 37 38 44.95032983512019 0.2423904043536425
-3.75 -3.5 38 39 43.09603987652889 0.2242766867455069
-3.75 -3.5 39 40 41.31658091552288 0.2075117192402069
-3.75 -3.5 40 41 39.61056570573145 0.1919777492741905
-3.75 -3.5 41 42 37.97621462681647 0.1775694516051738
-3.75 -3.5 42 43 36.41146840805149 0.1641923966066596
-3.75 -3.5 43 44 34.91407622751936 0.1517617376837835
-3.75 -3.5 44 45 33.48166439324407 0.1402010837721491
-3.75 -3.5 45 46 32.11111347764562 0.1295599544194003
-3.75 -3.5 46 47 30.8011797890352 0.1202449126215452
-3.75 -3.5 47 48 29.54872080722475 0.1123292465060382
-3.75 -3.5 48 49 28.35130707539977 0.1058122274939284
-3.75 -3.5 49 50 27.2063609840435 0.1002603872231419
-3.5 -3.25 0 1 737.7301657217538 0.4576276242159414
-3.5 -3.25 1 2 -5301.279868555473 19.40702923288719
-3.5 -3.25 2 3 -4686.480857532207 15.84831143775807
-3.5 -3.25 3 4 -3115.627405811452 12.08160212813819
-3.5 -3.25 4 5 -2037.78156752735 9.472593892616176
-3.5 -3.25 5 6 -1343.421321741838 7.641825515459857
-3.5 -3.25 6 7 -892.3082878673708 6.308907360759503
-3.5 -3.25 7 8 -593.3417870186506 5.30497934010861
-3.5 -3.25 8 9 -391.0381593554343 4.527203054288075
-3.5 -3.25 9 10 -251.536894698562 3.910285851281935
-3.5 -3.25 10 11 -153.8285258155015 3.411728498405181
-3.5 -3.25 11 12 -84.58027664092651 3.001745565746915
-3.5 -3.25 12 13 -35.06152855804339 2.660218704737873
-3.5 -3.25 13 14 0.5231894792655112 2.37223461188819
-3.5 -3.25 14 15 26.11546609504808 2.126892896911868
-3.5 -3.25 15 16 44.45211770113167 1.9159894827738
-3.5 -3.25 16 17 57.46418660956851 1.733245780548146
-3.5 -3.25 17 18 66.5348975181987 1.573782318692252
-3.5 -3.25 18 19 72.66835746871095 1.433754698426639
-3.5 -3.25 19 20 76.60205922645923 1.310096673158747
-3.5 -3.25 20 21 78.8832669713986 1.200335506542471
-3.5 -3.25 21 22 79.92173787005845 1.102457083871996
-3.5 -3.25 22 23 80.02665985444719 1.014805896996424
-3.5 -3.25 23 24 79.43288675265489 0.9360098790591177
-3.5 -3.25 24 25 78.3198053925359 0.8649232140814098
-3.5 -3.25 25 26 76.8250590084906 0.8005823283071549
-3.5 -3.25 26 27 75.05463348091342 0.7421716712632344
-3.5 -3.25 27 28 73.09034108403722 0.6889968522966852
-3.5 -3.25 28 29 70.99542176633736 0.6404633633246023
-3.5 -3.25 29 30 68.81876894938108 0.596059586817223
-3.5 -3.25 30 31 66.59814098247546 0.55534312127133
-3.5 -3.25 31 32 64.36261808484994 0.517929697613029
-3.5 -3.25 32 33 62.13449355666739 0.4834841351602772
-3.5 -3.25 33 34 59.93073767686698 0.4517129155111234
-3.5 -3.25 34 35 57.76413661137369 0.4223580488363541
-3.5 -3.25 35 36 55.64418257998037 0.3951919795368393
-3.5 -3.25 36 37 53.57777249641555 0.3700133331221435
-3.5 -3.25 37 38 51.56975835422369 0.3466433475237569
-3.5 -3.25 38 39 49.62338224238997 0.3249228652330571
-3.5 -3.25 39 40 47.74062114716017 0.304709786324838
-3.5 -3.25 40 41 45.92246097625642 0.2858769033104671
-3.5 -3.25 41 42 44.16911470546665 0.2683100527017863
-3.5 -3.25 42 43 42.48019636287123 0.2519065313869604
-3.5 -3.25 43 44 40.85485994242541 0.2365737348919263
-3.5 -3.25 44 45 39.29191036625906 0.2222279820775805
-3.5 -3.25 45 46 37.78908399484061 0.2088864751948457
-3.5 -3.25 46 47 36.34622930120545 0.1968394915432051
-3.5 -3.25 47 48 34.96075802403139 0.1861065622856044
-3.5 -3.25 48 49 33.63081245179349 0.1766537834380709
-3.5 -3.25 49 50 32.35428530922141 0.1681192811739803
-3.25 -3 0 1 1457.108068644398 1.411990279677719
-3.25 -3 1 2 -5114.744677456341 8.611702915199709
-3.25 -3 2 3 -5094.135812328965 9.751802900126446
-3.25 -3 3 4 -3510.327311851217 8.0712173706091
-3.25 -3 4 5 -2357.65773336878 6.607987847162816
-3.25 -3 5 6 -1593.366936041828 5.487213292905273
-3.25 -3 6 7 -1086.615309235302 4.629885604879633
-3.25 -3 7 8 -744.994340496331 3.962473791759009
-3.25 -3 8 9 -510.1541729708908 3.432544214370981
-3.25 -3 9 10 -345.7550291331729 3.004036203285562
-3.25 -3 10 11 -228.8223403501408 2.652269349564451
-3.25 -3 11 12 -144.4996808415883 2.359011423833159
-3.25 -3 12 13 -83.12176902828287 2.11184000712566
-3.25 -3 13 14 -38.10881673623544 1.901234687566612
-3.25 -3 14 15 -4.957329398315551 1.720113644381547
-3.25 -3 15 16 19.48428691217782 1.56306712682674
-3.25 -3 16 17 37.45876390724447 1.425899399409271
-3.25 -3 17 18 50.58611829256279 1.305311434379704
-3.25 -3 18 19 60.05223878296329 1.198677004615801
-3.25 -3 19 20 66.73554801920875 1.103881949866924
-3.25 -3 20 21 71.29357474032111 1.019206952001568
-3.25 -3 21 22 74.22308427790483 0.9432407891095304
-3.25 -3 22 23 75.90246349726885 0.8748152796411622
-3.25 -3 23 24 76.62200274552583 0.8129558892191026
-3.25 -3 24 25 76.60579953288482 0.756843801623385
-3.25 -3 25 26 76.02778204630209 0.7057864862392456
-3.25 -3 26 27 75.02355319881485 0.6591946361514369
-3.25 -3 27 28 73.69922901012143 0.6165639351880798
-3.25 -3 28 29 72.13809203663112 0.5774605207900595
-3.25 -3 29 30 70.40564040427586 0.5415093038121684
-3.25 -3 30 31 68.55344785339804 0.5083845145944265
-3.25 -3 31 32 66.62213499225123 0.4778019989782351
-3.25 -3 32 33 64.64367083469409 0.4495129000462466
-3.25 -3 33 34 62.64316593731343 0.423298445187396
-3.25 -3 34 35 60.64027691796491 0.3989656208506545
-3.25 -3 35 36 58.65031198865358 0.3763435644683674
-3.25 -3 36 37 56.68510506003349 0.3552805399189529
-3.25 -3 37 38 54.75370973719782 0.3356413895713262
-3.25 -3 38 39 52.86295237411861 0.3173053784652298
-3.25 -3 39 40 51.01787429036912 0.3001643627659373
-3.25 -3 40 41 49.22208650941886 0.2841212264033524
-3.25 -3 41 42 47.47805500974499 0.2690885429388399
-3.25 -3 42 43 45.78733071189481 0.2549874246381788
-3.25 -3 43 44 44.15073526976803 0.241746530115721
-3.25 -3 44 45 42.568511403374 0.2293012050938611
-3.25 -3 45 46 41.03954540734063 0.2176959722504939
-3.25 -3 46 47 39.56494279198478 0.2072704804473044
-3.25 -3 47 48 38.14294919635623 0.1980541544621266
-3.25 -3 48 49 36.77250770110182 0.1900140442757146
-3.25 -3 49 50 35.45220564783976 0.1827583640355495
-3 -2.75 0 1 2139.965399769799 2.284980518250538
-3 -2.75 1 2 -4740.602888524961 3.462836162904169
-3 -2.75 2 3 -5318.091721792995 5.590619081808088
-3 -2.75 3 4 -3774.34988774044 4.909257748212692
-3 -2.75 4 5 -2587.356996335257 4.135162592060893
-3 -2.75 5 6 -1781.157660364891 3.496703845141294
-3 -2.75 6 7 -1237.893500200516 2.989696308294658
-3 -2.75 7 8 -866.7803024410441 2.585530568848955
-3 -2.75 8 9 -608.6267916963593 2.258967593130465
-3 -2.75 9 10 -425.8196918018837 1.991696439391863
-3 -2.75 10 11 -294.2528518258989 1.769569290561593
-3 -2.75 11 12 -198.3101124654056 1.582939073305469
-3 -2.75 12 13 -127.5699948089207 1.424372483882207
-3 -2.75 13 14 -74.97170186622498 1.288348716785416
-3 -2.75 14 15 -35.62968981425661 1.170662911026429
-3 -2.75 15 16 -6.101666909605683 1.06806582864299
-3 -2.75 16 17 16.0779719322536 0.9780126402151135
-3 -2.75 17 18 32.70156768081324 0.8984853680960622
-3 -2.75 18 19 45.08940221249998 0.8278655527443253
-3 -2.75 19 20 54.22559603378704 0.7648416117398349
-3 -2.75 20 21 60.85147978317048 0.7083405035760432
-3 -2.75 21 22 65.53076826643564 0.6574766600767991
-3 -2.75 22 23 68.69571788026906 0.6115133562202953
-3 -2.75 23 24 70.68025458138845 0.5698331557783447
-3 -2.75 24 25 71.74404300354615 0.5319150599240808
-3 -2.75 25 26 72.09017122793182 0.4973166649041096
-3 -2.75 26 27 71.87827944751882 0.4656601017884814
-3 -2.75 27 28 71.23439923532788 0.4366208628005886
-3 -2.75 28 29 70.25839240780607 0.4099188493247145
-3 -2.75 29 30 69.02962059476744 0.3853111474032134
-3 -2.75 30 31 67.61129868981715 0.362586155524186
-3 -2.75 31 32 66.05386079793305 0.3415587808493485
-3 -2.75 32 33 64.39757930259179 0.3220664849217129
-3 -2.75 33 34 62.6746148357787 0.3039660098243452
-3 -2.75 34 35 60.91062958884538 0.2871306530046425
-3 -2.75 35 36 59.12606340608824 0.2714479867716099
-3 -2.75 36 37 57.33714785286412 0.2568179407850555
-3 -2.75 37 38 55.55671556216089 0.2431511827209296
-3 -2.75 38 39 53.79484875265396 0.2303677436571387
-3 -2.75 39 40 52.05940075102123 0.2183958477489445
-3 -2.75 40 41 50.35641686761369 0.2071709108608953
-3 -2.75 41 42 48.69047498916663 0.1966346808984994
-3 -2.75 42 43 47.06496203923388 0.186734497430523
-3 -2.75 43 44 45.48229891676749 0.1774226510945291
-3 -2.75 44 45 43.9441239092321 0.1686558287931934
-3 -2.75 45 46 42.45048117561393 0.1605498635539752
-3 -2.75 46 47 41.00366927113589 0.1536584442345475
-3 -2.75 47 48 39.60280688511489 0.1480594215916161
-3 -2.75 48 49 38.24765809792856 0.1437250863842594
-3 -2.75 49 50 36.93753412107966 0.1400874635104697
-2.75 -2.5 0 1 2760.232385138334 2.642021185147599
-2.75 -2.5 1 2 -4299.246936415798 1.130230967154043
-2.75 -2.5 2 3 -5431.226102125498 2.349227708145349
-2.75 -2.5 3 4 -3949.627999500329 2.409236545592935
-2.75 -2.5 4 5 -2750.899849572899 2.173817891679441
-2.75 -2.5 5 6 -1920.238526628705 1.91910490965394
-2.75 -2.5 6 7 -1353.212718588401 1.692880700595176
-2.75 -2.5 7 8 -961.8553923359905 1.499966191456284
-2.75 -2.5 8 9 -687.1218589445125 1.337196474796635
-2.75 -2.5 9 10 -490.8940699226432 1.199193671311397
-2.75 -2.5 10 11 -348.4517245364877 1.081130578559963
-2.75 -2.5 11 12 -243.6818088441562 0.9797443315282999
-2.75 -2.5 12 13 -165.7330084284315 0.8919214537410259
-2.75 -2.5 13 14 -107.2117225848501 0.815309754004203
-2.75 -2.5 14 15 -62.97301477949532 0.7480394583682533
-2.75 -2.5 15 16 -29.37260144594188 0.6886152233756964
-2.75 -2.5 16 17 -3.787031896868712 0.6358320017206591
-2.75 -2.5 17 18 15.70007550986293 0.5887107682419581
-2.75 -2.5 18 19 30.50711605730271 0.546449653286292
-2.75 -2.5 19 20 41.69634722129194 0.5083867131492534
-2.75 -2.5 20 21 50.07175194909496 0.473971414328992
-2.75 -2.5 21 22 56.24761387886338 0.4427426395207949
-2.75 -2.5 22 23 60.69726367829958 0.4143115953450085
-2.75 -2.5 23 24 63.78819004773993 0.3883484236638566
-2.75 -2.5 24 25 65.80763808400127 0.3645716339154885
-2.75 -2.5 25 26 66.98148148588598 0.3427396971084441
-2.75 -2.5 26 27 67.48827953616956 0.3226443114172051
-2.75 -2.5 27 28 67.46984693213687 0.3041049687030069
-2.75 -2.5 28 29 67.03927125337168 0.2869645409530943
-2.75 -2.5 29 30 66.28704358408135 0.2710856732851038
-2.75 -2.5 30 31 65.28578148004021 0.2563478169984648
-2.75 -2.5 31 32 64.09389270768219 0.2426447765584349
-2.75 -2.5 32 33 62.75843555618093 0.2298826692984011
-2.75 -2.5 33 34 61.31736521665363 0.2179782196727348
-2.75 -2.5 34 35 59.80130775345378 0.2068573279242404
-2.75 -2.5 35 36 58.23496820752536 0.196453860549085
-2.75 -2.5 36 37 56.6382535923745 0.186708626226416
-2.75 -2.5 37 38 55.0271724919649 0.1775685042305769
-2.75 -2.5 38 39 53.41455864149827 0.1689856988998895
-2.75 -2.5 39 40 51.81065511154003 0.1609171010850291
-2.75 -2.5 40 41 50.22358768259994 0.1533237378376575
-2.75 -2.5 41 42 48.65974955951771 0.1461702972240876
-2.75 -2.5 42 43 47.12411504863979 0.1394247164655001
-2.75 -2.5 43 44 45.62049597151582 0.1330578240843127
-2.75 -2.5 44 45 44.15175178653439 0.1270430275103071
-2.75 -2.5 45 46 42.71895624581924 0.1215795287065732
-2.75 -2.5 46 47 41.3254426447435 0.1174865064910683
-2.75 -2.5 47 48 39.97111971124022 0.1148768342596042
-2.75 -2.5 48 49 38.65648909806768 0.1136918703115231
-2.75 -2.5 49 50 37.3815163398335 0.1131178873722303
-2.5 -2.25 0 1 3318.177907300024 1.862706493818245
-2.5 -2.25 1 2 -3858.542195977767 0.9877378029442194
-2.5 -2.25 2 3 -5487.960033683272 1.715633888750467
-2.5 -2.25 3 4 -4070.961441614335 1.57790311661882
-2.5 -2.25 4 5 -2870.250962145293 1.389758013085686
-2.5 -2.25 5 6 -2024.588257644531 1.223647081074807
-2.5 -2.25 6 7 -1441.507220845338 1.10438815227656
-2.5 -2.25 7 8 -1035.889965522003 0.9961377017781057
-2.5 -2.25 8 9 -749.1667851645288 0.901194308278262
-2.5 -2.25 9 10 -543.0402206683793 0.8181565217642864
-2.5 -2.25 10 11 -392.4501567980142 0.7450030720463064
-2.5 -2.25 11 12 -280.9771394221352 0.6810125682086701
-2.5 -2.25 12 13 -197.4900567560505 0.6246215846543447
-2.5 -2.25 13 14 -134.3707839046965 0.5747035245610758
-2.5 -2.25 14 15 -86.29487542379775 0.5303138039588234
-2.5 -2.25 15 16 -49.47545298071395 0.4906652291416893
-2.5 -2.25 16 17 -21.17580565537355 0.4551020260755527
-2.5 -2.25 17 18 0.6106853263675021 0.4230765537971232
-2.5 -2.25 18 19 17.37464406437675 0.3941296787390475
-2.5 -2.25 19 20 30.23645382110544 0.3678746831460794
-2.5 -2.25 20 21 40.04713840120473 0.3439842284708132
-2.5 -2.25 21 22 47.45926689108046 0.3221798441217583
-2.5 -2.25 22 23 52.9775019771987 0.3022234531028194
-2.5 -2.25 23 24 56.9951105054314 0.2839105279021487
-2.5 -2.25 24 25 59.82065436871187 0.267064544046752
-2.5 -2.25 25 26 61.69772028526643 0.2515324665893358
-2.5 -2.25 26 27 62.81965378400082 0.2371810604229095
-2.5 -2.25 27 28 63.34066654410458 0.2238938594920636
-2.5 -2.25 28 29 63.38428301071451 0.2115686653842822
-2.5 -2.25 29 30 63.04981550300175 0.2001154727264867
-2.5 -2.25 30 31 62.41736515288409 0.1894547398186671
-2.5 -2.25 31 32 61.55171106088113 0.1795159418138158
-2.5 -2.25 32 33 60.50535427997221 0.170236352903898
-2.5 -2.25 33 34 59.32091452994513 0.1615600187297587
-2.5 -2.25 34 35 58.03302775665179 0.1534368843022306
-2.5 -2.25 35 36 56.66985624965167 0.1458220517163458
-2.5 -2.25 36 37 55.25429618299762 0.138675145770984
-2.5 -2.25 37 38 53.80494754106661 0.131959769413809
-2.5 -2.25 38 39 52.33689641438883 0.1256430356197377
-2.5 -2.25 39 40 50.86234837195946 0.1196951624004704
-2.5 -2.25 40 41 49.39114318301819 0.1140891220195785
-2.5 -2.25 41 42 47.93117439244259 0.1088003369491547
-2.5 -2.25 42 43 46.4887324874997 0.1038064131960007
-2.5 -2.25 43 44 45.06878632614405 0.09908690887764784
-2.5 -2.25 44 45 43.67521453832109 0.09462312995283514
-2.5 -2.25 45 46 42.30995465552181 0.09072091401871316
-2.5 -2.25 46 47 40.97720422519546 0.08857263287367137
-2.5 -2.25 47 48 39.67754022817135 0.08831305297430483
-2.5 -2.25 48 49 38.41208861287578 0.08978860334950857
-2.5 -2.25 49 50 37.18137005546976 0.09356755456065909
-2.25 -2 0 1 3822.9036687639 1.063899586504033
-2.25 -2 1 2 -3451.081412171368 0.9011769423249726
-2.25 -2 2 3 -5537.132417205043 1.684612181819966
-2.25 -2 3 4 -4179.565070572748 1.554620651821997
-2.25 -2 4 5 -2975.516105954659 1.369232385034425
-2.25 -2 5 6 -2114.745779904689 1.205907689140974
-2.25 -2 6 7 -1516.203392511677 1.069276627341977
-2.25 -2 7 8 -1097.268931309509 0.95455393503082
-2.25 -2 8 9 -799.6280940750912 0.8586417069207057
-2.25 -2 9 10 -584.6758787800532 0.7753113658382136
-2.25 -2 10 11 -426.9547192565838 0.7044885694624019
-2.25 -2 11 12 -309.7097257711339 0.6426980405625586
-2.25 -2 12 13 -221.5232419613394 0.5886064467428588
-2.25 -2 13 14 -154.5549957870078 0.5409374464406499
-2.25 -2 14 15 -103.3077803520744 0.4986760145566466
-2.25 -2 15 16 -63.86044831560844 0.4610057793903323
-2.25 -2 16 17 -33.37152354913655 0.427263325127008
-2.25 -2 17 18 -9.752151048720862 0.3969044262556618
-2.25 -2 18 19 8.553286526995407 0.3694787624644985
-2.25 -2 19 20 22.71689897696774 0.3446107512180682
-2.25 -2 20 21 33.63116170083356 0.3219848438311531
-2.25 -2 21 22 41.98208067421456 0.3013341350236549
-2.25 -2 22 23 48.30145869994749 0.2824314445120141
-2.25 -2 23 24 53.00472079888425 0.265082276540607
-2.25 -2 24 25 56.41861877442932 0.2491192135499801
-2.25 -2 25 26 58.80174818802743 0.2343974167214106
-2.25 -2 26 27 60.35989801105779 0.2207909882414901
-2.25 -2 27 28 61.25764275607105 0.2081900100408862
-2.25 -2 28 29 61.62717330472367 0.1964981176944598
-2.25 -2 29 30 61.57507837733056 0.185630500072442
-2.25 -2 30 31 61.18759116533391 0.1755122402938661
-2.25 -2 31 32 60.53467659803295 0.1660769333012728
-2.25 -2 32 33 59.67323588382499 0.1572655269383348
-2.25 -2 33 34 58.64963397591754 0.1490253452713546
-2.25 -2 34 35 57.50170408928392 0.1413092635371198
-2.25 -2 35 36 56.26034569322962 0.1340750062498921
-2.25 -2 36 37 54.95080453584455 0.1272845478786163
-2.25 -2 37 38 53.59370259276164 0.1209036008829062
-2.25 -2 38 39 52.20587024814932 0.1149011735931351
-2.25 -2 39 40 50.8010212683572 0.1092491908652513
-2.25 -2 40 41 49.39030233799622 0.1039221632613851
-2.25 -2 41 42 47.9827418542036 0.09889690186675629
-2.25 -2 42 43 46.58561770016644 0.094152268631498
-2.25 -2 43 44 45.20475944852652 0.08966895787266035
-2.25 -2 44 45 43.8447973563018 0.08542930657978129
-2.25 -2 45 46 42.50829080273502 0.08207738733434992
-2.25 -2 46 47 41.20008154220974 0.08201833656012318
-2.25 -2 47 48 39.92121608601005 0.08531392468204553
-2.25 -2 48 49 38.67326410617321 0.09133868827769956
-2.25 -2 49 50 37.45713621109601 0.0977095053707381
-2 -1.75 0 1 4297.417031121617 1.08214265538668
-2 -1.75 1 2 -3046.640752634341 2.606246333080031
-2 -1.75 2 3 -5548.292801262196 2.810298940792793
-2 -1.75 3 4 -4256.186258012154 2.340250862963368
-2 -1.75 4 5 -3060.280875452703 1.941898472221694
-2 -1.75 5 6 -2193.70816835341 1.637753456536708
-2 -1.75 6 7 -1586.118174879382 1.40409089008517
-2 -1.75 7 8 -1158.040442118696 1.220530412453009
-2 -1.75 8 9 -852.1212892939629 1.073472440679628
-2 -1.75 9 10 -629.9810765609418 0.9532859006284767
-2 -1.75 10 11 -466.1000122813116 0.8529016628133278
-2 -1.75 11 12 -343.6315569652386 0.7683567188013666
-2 -1.75 12 13 -251.0163024213302 0.6961442664504387
-2 -1.75 13 14 -180.2882756441725 0.6338239812808124
-2 -1.75 14 15 -125.840709368113 0.579557967815335
-2 -1.75 15 16 -83.66005271677727 0.5319359370445953
-2 -1.75 16 17 -50.82808088150318 0.489857609220022
-2 -1.75 17 18 -25.19260955402774 0.452451837647235
-2 -1.75 18 19 -5.145861694978066 0.4190198093424847
-2 -1.75 19 20 10.52726629875087 0.3889943738930675
-2 -1.75 20 21 22.75476922696919 0.361910398634869
-2 -1.75 21 22 32.25208897899063 0.3373828079546918
-2 -1.75 22 23 39.5755097358591 0.315090075951876
-2 -1.75 23 24 45.16089425939492 0.2947616496068601
-2 -1.75 24 25 49.35212206195968 0.2761682510029909
-2 -1.75 25 26 52.42219752341794 0.2591143159563369
-2 -1.75 26 27 54.58907683514178 0.2434320374999553
-2 -1.75 27 28 56.02764660192361 0.2289766307206162
-2 -1.75 28 29 56.87886864943596 0.2156225344135309
-2 -1.75 29 30 57.25681750424258 0.2032603416631516
-2 -1.75 30 31 57.25413655080854 0.1917942992233678
-2 -1.75 31 32 56.94629742923439 0.1811402575703285
-2 -1.75 32 33 56.39494651287919 0.1712239785582445
-2 -1.75 33 34 55.65054984774235 0.161979730485809
-2 -1.75 34 35 54.75449524311091 0.1533491151306676
-2 -1.75 35 36 53.740771595551 0.1452800831530923
-2 -1.75 36 37 52.63731693323376 0.137726102589734
-2 -1.75 37 38 51.46710544156616 0.130645455936117
-2 -1.75 38 39 50.24902768883766 0.1240006397929297
-2 -1.75 39 40 48.99860616727716 0.1177578529949445
-2 -1.75 40 41 47.7285791860449 0.1118865563831234
-2 -1.75 41 42 46.44937884310275 0.10635909478733
-2 -1.75 42 43 45.1695236532409 0.1011503682339445
-2 -1.75 43 44 43.89594197369723 0.09623754910310965
-2 -1.75 44 45 42.63423917356636 0.09159983372555881
-2 -1.75 45 46 41.38781858589221 0.08758357137948806
-2 -1.75 46 47 40.16233745567621 0.08555261483510822
-2 -1.75 47 48 38.95950853379597 0.08568947105594306
-2 -1.75 48 49 37.78151734884349 0.09126862365171232
-2 -1.75 49 50 36.62982324685603 0.09812333534075757
-1.75 -1.5 0 1 4725.73178862855 0.9452980739335368
-1.75 -1.5 1 2 -2666.877850379406 0.7657277024660002
-1.75 -1.5 2 3 -5542.545029900382 1.712913425143795
-1.75 -1.5 3 4 -4300.14266681352 1.655083991841173
-1.75 -1.5 4 5 -3106.494047179341 1.480581355226956
-1.75 -1.5 5 6 -2233.726277952981 1.305083810317297
-1.75 -1.5 6 7 -1619.206299139649 1.150819404453277
-1.75 -1.5 7 8 -1185.083035553399 1.01966939639793
-1.75 -1.5 8 9 -874.2040408027374 0.9086638448622804
-1.75 -1.5 9 10 -648.0607842888876 0.8153355086937362
-1.75 -1.5 10 11 -480.9622702539277 0.7349639794308819
-1.75 -1.5 11 12 -355.8962360259509 0.6661237065055342
-1.75 -1.5 12 13 -261.175473501321 0.6064880993095585
-1.75 -1.5 13 14 -188.7323642027693 0.5544464483419039
-1.75 -1.5 14 15 -132.8810342958566 0.5087227803494048
-1.75 -1.5 15 16 -89.5463107071721 0.4683001628533989
-1.75 -1.5 16 17 -55.76173627361004 0.432361628506748
-1.75 -1.5 17 18 -29.33713661760817 0.4002451778271756
-1.75 -1.5 18 19 -8.634610791088107 0.3714097348193202
-1.75 -1.5 19 20 7.58498938628577 0.3454093555408314
-1.75 -1.5 20 21 20.26897132142221 0.321873579627998
-1.75 -1.5 21 22 30.14837946642592 0.3004923582239089
-1.75 -1.5 22 23 37.79217123849207 0.2810043906903054
-1.75 -1.5 23 24 43.64655431878873 0.2631880275993003
-1.75 -1.5 24 25 48.06389103651031 0.2468541143094957
-1.75 -1.5 25 26 51.32417078597939 0.2318403154690329
-1.75 -1.5 26 27 53.65112360894182 0.2180065776271579
-1.75 -1.5 27 28 55.22442578531798 0.2052314772246155
-1.75 -1.5 28 29 56.18902547090454 0.1934092567816214
-1.75 -1.5 29 30 56.66232503645347 0.18244740726776
-1.75 -1.5 30 31 56.73975386373763 0.1722646801370306
-1.75 -1.5 31 32 56.49912210557432 0.1627894452624847
-1.75 -1.5 32 33 56.00404384492577 0.153958325834893
-1.75 -1.5 33 34 55.30664459779473 0.145715057458302
-1.75 -1.5 34 35 54.44971465170892 0.1380095305135888
-1.75 -1.5 35 36 53.46843051351112 0.1307969811612045
-1.75 -1.5 36 37 52.39173769869609 0.1240373070572882
-1.75 -1.5 37 38 51.24346650359615 0.1176944834786723
-1.75 -1.5 38 39 50.04323609094484 0.1117360646458304
-1.75 -1.5 39 40 48.80718988428032 0.106132757271799
-1.75 -1.5 40 41 47.54859603451848 0.1008580505576255
-1.75 -1.5 41 42 46.27833925306066 0.09588789929070349
-1.75 -1.5 42 43 45.00532507030613 0.09120044754168444
-1.75 -1.5 43 44 43.73681303624295 0.08677578865922217
-1.75 -1.5 44 45 42.47869212838469 0.08259575602588881
-1.75 -1.5 45 46 41.2345768602878 0.07935289169364008
-1.75 -1.5 46 47 40.01039429613533 0.07963512528699536
-1.75 -1.5 47 48 38.80800366166739 0.08352138292987603
-1.75 -1.5 48 49 37.62974346762201 0.09035308242971855
-1.75 -1.5 49 50 36.47721093269237 0.0975674137574556
-1.5 -1.25 0 1 5130.179269552772 3.292439199012875
-1.5 -1.25 1 2 -2288.713771079769 4.127711247767284
-1.5 -1.25 2 3 -5519.953703027776 1.695654104937982
-1.5 -1.25 3 4 -4337.101884723506 1.616715096606175
-1.5 -1.25 4 5 -3154.22928483349 1.439645141271412
-1.5 -1.25 5 6 -2280.250415035343 1.270464472639348
-1.5 -1.25 6 7 -1661.355521856652 1.124387431726909
-1.5 -1.25 7 8 -1222.291324207107 1.00061623359155
-1.5 -1.25 8 9 -906.739173618927 0.8966041212712559
-1.5 -1.25 9 10 -676.4319500747747 0.8067858268846551
-1.5 -1.25 10 11 -505.7110136511819 0.7307461257329084
-1.5 -1.25 11 12 -377.5324513771006 0.6647468485158259
-1.5 -1.25 12 13 -280.1461751690338 0.6072704411616181
-1.5 -1.25 13 14 -205.4213746056637 0.5568651358540619
-1.5 -1.25 14 15 -147.6141495052373 0.5123770916271322
-1.5 -1.25 15 16 -102.5987632053459 0.4728820981729708
-1.5 -1.25 16 17 -67.36578040462518 0.4376334386502809
-1.5 -1.25 17 18 -39.68893347273797 0.40602248972356
-1.5 -1.25 18 19 -17.90017253780456 0.3775489410605092
-1.5 -1.25 19 20 -0.7352078944891218 0.3517981771040009
-1.5 -1.25 20 21 12.77424315187045 0.3284239709341502
-1.5 -1.25 21 22 23.37675410372196 0.3071351396200279
-1.5 -1.25 22 23 31.65596675515735 0.2876851590446237
-1.5 -1.25 23 24 38.07042483145858 0.2698640190112514
-1.5 -1.25 24 25 42.98288540325132 0.253491779772363
-1.5 -1.25 25 26 46.68212427210528 0.2398039860041924
-1.5 -1.25 26 27 49.39932188613159 0.2281172940990977
-1.5 -1.25 27 28 51.32049192073669 0.2172000352817558
-1.5 -1.25 28 29 52.59598987235734 0.2069870536725112
-1.5 -1.25 29 30 53.34784587240995 0.1974198531939636
-1.5 -1.25 30 31 53.67546159585845 0.1884458328124347
-1.5 -1.25 31 32 53.66006668597595 0.18001761054323
-1.5 -1.25 32 33 53.3682270936402 0.1720924300092262
-1.5 -1.25 33 34 52.85462347318423 0.1646316393396008
-1.5 -1.25 34 35 52.16426369161388 0.1576002334339483
-1.5 -1.25 35 36 51.33425382000559 0.1509664533336944
-1.5 -1.25 36 37 50.39522252049568 0.1447014330818661
-1.5 -1.25 37 38 49.37247184635828 0.1387788912152741
-1.5 -1.25 38 39 48.2869109062529 0.1331748570144326
-1.5 -1.25 39 40 47.15581630294582 0.1278674315901058
-1.5 -1.25 40 41 45.99345386333306 0.1228365754540027
-1.5 -1.25 41 42 44.81158856727842 0.1180639214906563
-1.5 -1.25 42 43 43.61990425108445 0.1135326093487383
-1.5 -1.25 43 44 42.42635001937697 0.1092271383850352
-1.5 -1.25 44 45 41.23742697926963 0.1051332371229792
-1.5 -1.25 45 46 40.05727324700908 0.101576969165765
-1.5 -1.25 46 47 38.89233625108872 0.0998116536725681
-1.5 -1.25 47 48 37.74488773353005 0.09999917690166123
-1.5 -1.25 48 49 36.61765351565879 0.1020266182293521
-1.5 -1.25 49 50 35.51256968948144 0.104665897430024
-1.25 -1 0 1 5460.851575381094 1.571668178526351
-1.25 -1 1 2 -2001.385141342935 0.6660965101442623
-1.25 -1 2 3 -5520.018691541401 1.842262832986284
-1.25 -1 3 4 -4377.914635366618 1.792910328215303
-1.25 -1 4 5 -3197.982256752843 1.597955010721527
-1.25 -1 5 6 -2319.23889654185 1.408079927381419
-1.25 -1 6 7 -1694.448418548515 1.244552708341434
-1.25 -1 7 8 -1249.962873394976 1.106780654354453
-1.25 -1 8 9 -929.7953875605976 0.9913738609918612
-1.25 -1 9 10 -695.6585309237189 0.8924302962147554
-1.25 -1 10 11 -521.7808355801767 0.8086278636712391
-1.25 -1 11 12 -391.0060000723979 0.7360898763367376
-1.25 -1 12 13 -291.4786538858048 0.6729933384958362
-1.25 -1 13 14 -214.981909461497 0.6177013497040712
-1.25 -1 14 15 -155.7023240780709 0.5689230955697971
-1.25 -1 15 16 -109.4584966347484 0.5256306371027186
-1.25 -1 16 17 -73.19651121204402 0.4869970276523144
-1.25 -1 17 18 -44.65448441346575 0.4523504243264363
-1.25 -1 18 19 -22.13573889533859 0.4211398912479136
-1.25 -1 19 20 -4.352866628647689 0.392909702571565
-1.25 -1 20 21 9.68117779918316 0.3672798438316995
-1.25 -1 21 22 20.73027205560538 0.343931065093383
-1.25 -1 22 23 29.3906020620376 0.3225933112447228
-1.25 -1 23 24 36.13104146749367 0.3030366781683468
-1.25 -1 24 25 41.32289160992468 0.2850642813634568
-1.25 -1 25 26 45.26202513678209 0.2685065831122138
-1.25 -1 26 27 48.18554033243618 0.2532168444834509
-1.25 -1 27 28 50.28440386209934 0.2390674506860759
-1.25 -1 28 29 51.71313114617828 0.2259469223839816
-1.25 -1 29 30 52.59725765838118 0.2137574672769658
-1.25 -1 30 31 53.03914801645863 0.2024129626660295
-1.25 -1 31 32 53.12254369648508 0.1918372824664668
-1.25 -1 32 33 52.91614598197555 0.1819629033445209
-1.25 -1 33 34 52.47645558540415 0.1727297362193684
-1.25 -1 34 35 51.8500355957641 0.1640841416011635
-1.25 -1 35 36 51.07532417084803 0.1559780978359458
-1.25 -1 36 37 50.18409352231112 0.1483684928956507
-1.25 -1 37 38 49.20262951468743 0.1412165208570866
-1.25 -1 38 39 48.15268937671823 0.1344871640681819
-1.25 -1 39 40 47.05228227752849 0.1281487484498519
-1.25 -1 40 41 45.91630797253879 0.122172559162278
-1.25 -1 41 42 44.75708097517793 0.1165325080152636
-1.25 -1 42 43 43.58476228976616 0.111204844195379
-1.25 -1 43 44 42.40771600317424 0.1061679023832685
-1.25 -1 44 45 41.232804661741 0.1014018823002757
-1.25 -1 45 46 40.06445993170462 0.09726705566624169
-1.25 -1 46 47 38.90944852966103 0.09517692529136991
-1.25 -1 47 48 37.77026106833185 0.0953332189764481
-1.25 -1 48 49 36.64983393513967 0.09820258816092757
-1.25 -1 49 50 35.55029151748155 0.1059327913657621
-1 -0.75 0 1 5741.035077141079 1.930980167278268
-1 -0.75 1 2 -1739.293783471303 1.805377741164438
-1 -0.75 2 3 -5495.556416740401 1.611163093821203
-1 -0.75 3 4 -4389.517246921278 1.546764524284025
-1 -0.75 4 5 -3215.335889561786 1.38020392469602
-1 -0.75 5 6 -2335.936836774529 1.222764290245667
-1 -0.75 6 7 -1709.122337815958 1.087910046194947
-1 -0.75 7 8 -1262.504949301944 0.9738456944848386
-1 -0.75 8 9 -940.4212678337585 0.877773530361169
-1 -0.75 9 10 -704.6452696884803 0.7943391062300368
-1 -0.75 10 11 -529.3876635326083 0.7233169680842116
-1 -0.75 11 12 -397.4612331934914 0.6612564584997026
-1 -0.75 12 13 -296.9737247947032 0.6068602341506495
-1 -0.75 13 14 -219.6758957821123 0.5588593837644675
-1 -0.75 14 15 -159.7267878998412 0.5162444856393289
-1 -0.75 15 16 -112.9221538231493 0.47820403295713
-1 -0.75 16 17 -76.18929925610178 0.4440789738011224
-1 -0.75 17 18 -47.25096043225972 0.4133289615104748
-1 -0.75 18 19 -24.39786527129377 0.3855070588227447
-1 -0.75 19 20 -6.332276364680638 0.3602405764345009
-1 -0.75 20 21 7.941343549628982 0.3372163977107923
-1 -0.75 21 22 19.1938729980759 0.3161696306874526
-1 -0.75 22 23 28.02728669107387 0.296874737318628
-1 -0.75 23 24 34.91525910138341 0.2791385428785796
-1 -0.75 24 25 40.23308463703995 0.2627946754174077
-1 -0.75 25 26 44.27996649446197 0.2476991091543323
-1 -0.75 26 27 47.295788370678 0.2337265634648558
-1 -0.75 27 28 49.47385239445418 0.2207675754672808
-1 -0.75 28 29 50.97063694814005 0.208726100762761
-1 -0.75 29 30 51.91333119351896 0.1975175372756174
-1 -0.75 30 31 52.40569594885528 0.1870670868012186
-1 -0.75 31 32 52.53265395435233 0.1773083887008892
-1 -0.75 32 33 52.36390789041377 0.1681823755926727
-1 -0.75 33 34 51.95680898527087 0.1596363087076446
-1 -0.75 34 35 51.35864398514798 0.151622961905259
-1 -0.75 35 36 50.60846781299222 0.1440999286237906
-1 -0.75 36 37 49.73857918326746 0.1370290288595184
-1 -0.75 37 38 48.77571409271775 0.1303758029839053
-1 -0.75 38 39 47.7420151569159 0.124109074283208
-1 -0.75 39 40 46.65582193955959 0.1182005728361636
-1 -0.75 40 41 45.53231780046315 0.1126246082207649
-1 -0.75 41 42 44.38406097136442 0.1073577871624915
-1 -0.75 42 43 43.22142212341737 0.1023787645849077
-1 -0.75 43 44 42.05294588990455 0.09766802879424545
-1 -0.75 44 45 40.88565042078483 0.09320771076866169
-1 -0.75 45 46 39.72408265438548 0.08974950710877044
-1 -0.75 46 47 38.57516132793279 0.09010162828131138
-1 -0.75 47 48 37.44145786058473 0.09435841782450341
-1 -0.75 48 49 36.32599483790605 0.1018121807849049
-1 -0.75 49 50 35.23096784862551 0.1096863890324177
-0.75 -0.5 0 1 5958.400479592906 2.685828992788331
-0.75 -0.5 1 2 -1539.602085331244 2.10295524892103
-0.75 -0.5 2 3 -5480.208245558815 1.614929770944957
-0.75 -0.5 3 4 -4402.941104831036 1.557330820404115
-0.75 -0.5 4 5 -3233.707026077534 1.391067038573268
-0.75 -0.5 5 6 -2353.891011723114 1.232063987733893
-0.75 -0.5 6 7 -1725.36114805538 1.095245287005021
-0.75 -0.5 7 8 -1276.82604335067 0.9793881072902304
-0.75 -0.5 8 9 -952.9442734558484 0.8818725958555136
-0.75 -0.5 9 10 -715.5757928229223 0.7973034250769327
-0.75 -0.5 10 11 -538.9351904378786 0.7254408504660979
-0.75 -0.5 11 12 -405.8224882020895 0.6627470024249298
-0.75 -0.5 12 13 -304.3197023022651 0.6078791538185617
-0.75 -0.5 13 14 -226.1530721345919 0.5595280045614778
-0.75 -0.5 14 15 -165.459421552466 0.5166536305953106
-0.75 -0.5 15 16 -118.01524777081 0.4795988113429831
-0.75 -0.5 16 17 -80.73151709387298 0.4476016174199808
-0.75 -0.5 17 18 -51.31723981942582 0.418521759286162
-0.75 -0.5 18 19 -28.05166327761526 0.3920183395815481
-0.75 -0.5 19 20 -9.627458804880689 0.3677968996848972
-0.75 -0.5 20 21 4.958928645213746 0.3456028956233303
-0.75 -0.5 21 22 16.48509105798485 0.325215868101522
-0.75 -0.5 22 23 25.55863697973018 0.306444387842981
-0.75 -0.5 23 24 32.65798074809402 0.2891217438258942
-0.75 -0.5 24 25 38.1624153169688 0.273102296415862
-0.75 -0.5 25 26 42.37452641351842 0.2582584050694122
-0.75 -0.5 26 27 45.53706712972075 0.2444778443588311
-0.75 -0.5 27 28 47.84578043143119 0.2316616287198218
-0.75 -0.5 28 29 49.4592266505507 0.2197221800339063
-0.75 -0.5 29 30 50.50637553736624 0.2085817795283833
-0.75 -0.5 30 31 51.09251475497103 0.1981712575297824
-0.75 -0.5 31 32 51.30387967078423 0.1884288799764404
-0.75 -0.5 32 33 51.2113042652602 0.1792994009006612
-0.75 -0.5 33 34 50.87311718630917 0.1707332521340216
-0.75 -0.5 34 35 50.33745168300322 0.1626858491815843
-0.75 -0.5 35 36 49.64409752378037 0.1551169948168223
-0.75 -0.5 36 37 48.82599280998335 0.147990363389659
-0.75 -0.5 37 38 47.91043112076358 0.1412730566961652
-0.75 -0.5 38 39 46.92004238796858 0.1349352171398983
-0.75 -0.5 39 40 45.87359300048678 0.1289496920711113
-0.75 -0.5 40 41 44.78664095025118 0.1232917403442062
-0.75 -0.5 41 42 43.67207396998072 0.1179387764390725
-0.75 -0.5 42 43 42.540553124675 0.1128701450515542
-0.75 -0.5 43 44 41.40087948049506 0.1080669241088508
-0.75 -0.5 44 45 40.2602980704437 0.1035117499789752
-0.75 -0.5 45 46 39.12354371825552 0.09959040290424358
-0.75 -0.5 46 47 37.9977368203119 0.09779911766621568
-0.75 -0.5 47 48 36.88559472055198 0.0983353332228433
-0.75 -0.5 48 49 35.79028191664034 0.1022278469821909
-0.75 -0.5 49 50 34.71411960951849 0.1102948116483728
-0.5 -0.25 0 1 6101.672072756039 2.625164866207303
-0.5 -0.25 1 2 -1413.758970327762 1.513230656056254
-0.5 -0.25 2 3 -5474.851222542978 1.589941055130003
-0.5 -0.25 3 4 -4415.077189853751 1.550196952847581
-0.5 -0.25 4 5 -3248.029148540619 1.391727420588781
-0.5 -0.25 5 6 -2367.173120516439 1.267225663600133
-0.5 -0.25 6 7 -1736.968154946132 1.153835855320553
-0.5 -0.25 7 8 -1286.778723094355 1.04786399837622
-0.5 -0.25 8 9 -961.4309330109954 0.9529487059796441
-0.5 -0.25 9 10 -722.8052369302536 0.8695976410905492
-0.5 -0.25 10 11 -545.1038938943484 0.7952589911031426
-0.5 -0.25 11 12 -411.0991643188827 0.7299179485024376
-0.5 -0.25 12 13 -308.8465808500741 0.6720355209858527
-0.5 -0.25 13 14 -230.0486722501464 0.6205616569023629
-0.5 -0.25 14 15 -168.8221607223627 0.5745988221273846
-0.5 -0.25 15 16 -120.9268565951654 0.5333891534380182
-0.5 -0.25 16 17 -83.25999574148136 0.4962951833455011
-0.5 -0.25 17 18 -53.51932182507539 0.4627805295042598
-0.5 -0.25 18 19 -29.97483338924667 0.4323927195769927
-0.5 -0.25 19 20 -11.31159348623783 0.4047486555873096
-0.5 -0.25 20 21 3.480230273520874 0.3795225921514501
-0.5 -0.25 21 22 15.1834265839982 0.3564362980744114
-0.5 -0.25 22 23 24.40992124350862 0.335251036842958
-0.5 -0.25 23 24 31.64172784518109 0.3157610327663773
-0.5 -0.25 24 25 37.26115033903739 0.2977881378803425
-0.5 -0.25 25 26 41.57330170804346 0.2811774664017198
-0.5 -0.25 26 27 44.82306304682254 0.2657938078231775
-0.5 -0.25 27 28 47.20797461727705 0.2515186672784023
-0.5 -0.25 28 29 48.88811917404564 0.2382478134521737
-0.5 -0.25 29 30 49.99375966290495 0.2258892371195778
-0.5 -0.25 30 31 50.63128517715916 0.2143614453502352
-0.5 -0.25 31 32 50.8878716008121 0.203592028090252
-0.5 -0.25 32 33 50.83515801517331 0.1935164504772276
-0.5 -0.25 33 34 50.53216389369811 0.1840770294922355
-0.5 -0.25 34 35 50.02761661875201 0.1752220643928644
-0.5 -0.25 35 36 49.36181806830001 0.1669050947030422
-0.5 -0.25 36 37 48.56814869925091 0.1590842641733704
-0.5 -0.25 37 38 47.67428498600731 0.1517217744511892
-0.5 -0.25 38 39 46.70318895255286 0.1447834136932224
-0.5 -0.25 39 40 45.67391557564804 0.1382381487300037
-0.5 -0.25 40 41 44.60227410108155 0.132057770566232
-0.5 -0.25 41 42 43.50137140699098 0.1262165867199215
-0.5 -0.25 42 43 42.38206003464677 0.1206911512894207
-0.5 -0.25 43 44 41.25330863340764 0.1154600295934139
-0.5 -0.25 44 45 40.12250914870071 0.110503590773791
-0.5 -0.25 45 46 38.99451634055282 0.1061870712235931
-0.5 -0.25 46 47 37.87658199901608 0.1039402314934157
-0.5 -0.25 47 48 36.77151423316184 0.1039680365549645
-0.5 -0.25 48 49 35.68256559942387 0.1061418074670234
-0.5 -0.25 49 50 34.61213615756608 0.1116464171074771
-0.25 0 0 1 6173.782528410189 2.75511244360956
-0.25 0 1 2 -1349.941657014854 2.026784676873937
-0.25 0 2 3 -5471.344747712134 1.612015837228703
-0.25 0 3 4 -4419.821587422356 1.562099854604688
-0.25 0 4 5 -3253.531835866057 1.398169182596359
-0.25 0 5 6 -2372.017227194875 1.239888929688834
-0.25 0 6 7 -1740.960552566495 1.103205156950597
-0.25 0 7 8 -1289.997641215085 0.9871971099685766
-0.25 0 8 9 -964.0030444491558 0.8887215051947993
-0.25 0 9 10 -724.8502355974174 0.8051392721754665
-0.25 0 10 11 -546.7216988658506 0.7366291803638514
-0.25 0 11 12 -412.372042315596 0.6786577991114084
-0.25 0 12 13 -309.840443083745 0.6268416013456189
-0.25 0 13 14 -230.8164376520924 0.5804275274306856
-0.25 0 14 15 -169.4064015192469 0.5387336257648085
-0.25 0 15 16 -121.3619432719854 0.5011618902885339
-0.25 0 16 17 -83.57378874214351 0.4671956113766824
-0.25 0 17 18 -53.73449371202264 0.4363911323219082
-0.25 0 18 19 -30.1099015927025 0.4083682229314765
-0.25 0 19 20 -11.38172984203607 0.3828008044771255
-0.25 0 20 21 3.462561500475431 0.3594086655259548
-0.25 0 21 22 15.20796275061775 0.3379503238269951
-0.25 0 22 23 24.46819760924905 0.3182169885972607
-0.25 0 23 24 31.72675350488919 0.300027501513797
-0.25 0 24 25 37.36714665309682 0.2832241155897238
-0.25 0 25 26 41.69549011951642 0.2676689772839415
-0.25 0 26 27 44.95749218032688 0.253241193204265
-0.25 0 27 28 47.3513788218487 0.2398343800907123
-0.25 0 28 29 49.03780237153046 0.2273546123382979
-0.25 0 29 30 50.14749966905663 0.2157186981886151
-0.25 0 30 31 50.7872546594599 0.2048527266945059
-0.25 0 31 32 51.04457261092455 0.1946908393657666
-0.25 0 32 33 50.9913676377646 0.1851741870779945
-0.25 0 33 34 50.68688902937026 0.176250042275685
-0.25 0 34 35 50.18005629334453 0.1678710400609338
-0.25 0 35 36 49.51133196122692 0.1599945276954701
-0.25 0 36 37 48.71423082382586 0.1525820046003473
-0.25 0 37 38 47.81654164460008 0.1455986397897898
-0.25 0 38 39 46.84132025176797 0.1390128529838804
-0.25 0 39 40 45.80769990427189 0.1327959523202382
-0.25 0 40 41 44.73155508579384 0.1269218177180891
-0.25 0 41 42 43.62604693857651 0.1213666247793974
-0.25 0 42 43 42.50207302899656 0.1161086031972246
-0.25 0 43 44 41.36863924882692 0.1111278244364119
-0.25 0 44 45 40.23316822535884 0.1064060148994314
-0.25 0 45 46 39.10053454901583 0.1023264708124774
-0.25 0 46 47 37.97802156172014 0.1003806375651647
-0.25 0 47 48 36.86844842273112 0.1007721949816874
-0.25 0 48 49 35.7750807898106 0.1034294790817847
-0.25 0 49 50 34.7003293550446 0.1116322043962858
0 0.25 0 1 6173.523201358869 2.755118861340982
0 0.25 1 2 -1350.448754141942 2.026808373538753
0 0.25 2 3 -5471.718287994898 1.611977814919932
0 0.25 3 4 -4419.979817521313 1.562007126027084
0 0.25 4 5 -3253.551510069499 1.398077564265155
0 0.25 5 6 -2371.969700724187 1.239827198581405
0 0.25 6 7 -1740.886173201734 1.103175392041823
0 0.25 7 8 -1289.916666007946 0.9871920158665239
0 0.25 8 9 -963.923394862441 0.8894101957353647
0 0.25 9 10 -724.7788725682158 0.8044547131021541
0 0.25 10 11 -546.6560891453864 0.736652095578217
0 0.25 11 12 -412.3128468348013 0.6786817762439697
0 0.25 12 13 -309.7868232859578 0.6268650477353154
0 0.25 13 14 -230.7675008461063 0.5804496263435687
0 0.25 14 15 -169.3613553000125 0.5387540157645917
0 0.25 15 16 -121.3201441619865 0.5011804661002194
0 0.25 16 17 -83.53474121971226 0.4672124056978159
0 0.25 17 18 -53.69782891146724 0.4364062470870771
0 0.25 18 19 -30.07535039879008 0.4083817904893157
0 0.25 19 20 -11.34909725917123 0.3828129665898987
0 0.25 20 21 3.493417965410572 0.3594195616287839
0 0.25 21 22 15.23715003933535 0.3379600853356223
0 0.25 22 23 24.49579972305105 0.3182257364726671
0 0.25 23 24 31.75284046890295 0.3000353455446307
0 0.25 24 25 37.39178061183509 0.2832311543589973
0 0.25 25 26 41.71872927261575 0.2676752988825781
0 0.25 26 27 44.97939315644271 0.2532468762141712
0 0.25 27 28 47.37199796251161 0.2398394942464826
0 0.25 28 29 49.05719628522388 0.2273592195456918
0 0.25 29 30 50.16572531978136 0.2157228532833234
0 0.25 30 31 50.80436917854729 0.2048564784409259
0 0.25 31 32 51.06063296399827 0.194694230813614
0 0.25 32 33 51.0064302338875 0.1851772565737212
0 0.25 33 34 50.70100932874311 0.1762528236637373
0 0.25 34 35 50.19328844709031 0.1678735634754198
0 0.25 35 36 49.52372850178728 0.1599968198036334
0 0.25 36 37 48.72584241379496 0.1525840892589836
0 0.25 37 38 47.82741688451188 0.14560053788587
0 0.25 38 39 46.851505543511 0.1390145834342429
0 0.25 39 40 45.81723936624707 0.1327975317192131
0 0.25 40 41 44.74049051062218 0.1269232610569882
0 0.25 41 42 43.63441778913773 0.1213679451329081
0 0.25 42 43 42.50991646375195 0.116109812506731
0 0.25 43 44 41.37599017165962 0.111128933176728
0 0.25 44 45 40.24005935464555 0.1064070325526712
0 0.25 45 46 39.10699647034079 0.1023274175274693
0 0.25 46 47 37.98408289540009 0.1003815742852336
0 0.25 47 48 36.87413584294839 0.1007731803368175
0 0.25 48 49 35.7804191632157 0.1034305571082004
0 0.25 49 50 34.70534181502134 0.1116333253931783
0.25 0.5 0 1 6100.922553439374 2.625169316572484
0.25 0.5 1 2 -1415.217957116535 1.51322729463153
0.25 0.5 2 3 -5475.915792578973 1.589835599128403
0.25 0.5 3 4 -4415.521308013793 1.550039615783638
0.25 0.5 4 5 -3248.081035994632 1.391597865074606
0.25 0.5 5 6 -2367.038263156608 1.267156629487007
0.25 0.5 6 7 -1736.76022563822 1.153818543850996
0.25 0.5 7 8 -1286.553734947861 1.047882130718483
0.25 0.5 8 9 -961.2123282821494 0.9536190921509263
0.25 0.5 9 10 -722.6055072229642 0.8689916050230981
0.25 0.5 10 11 -544.9219363161601 0.7953084997756749
0.25 0.5 11 12 -410.9344902094258 0.729966869976443
0.25 0.5 12 13 -308.6967686782198 0.6720818984287643
0.25 0.5 13 14 -229.9112341651723 0.6206045840249206
0.25 0.5 14 15 -168.6949401663283 0.5746379964366788
0.25 0.5 15 16 -120.8081404854763 0.5334246026969095
0.25 0.5 16 17 -83.14849579780389 0.4963271045132046
0.25 0.5 17 18 -53.41410474335794 0.462809196126434
0.25 0.5 18 19 -29.8752393494965 0.4324184303167005
0.25 0.5 19 20 -11.2171609942618 0.4047717066456887
0.25 0.5 20 21 3.569826450366236 0.3795432631776479
0.25 0.5 21 22 15.26842321648223 0.3564548462463138
0.25 0.5 22 23 24.49050153310463 0.3352676946606302
0.25 0.5 23 24 31.71804568205584 0.3157760084133237
0.25 0.5 24 25 37.33334630764318 0.2978016167828046
0.25 0.5 25 26 41.6415129740908 0.2811896131318497
0.25 0.5 26 27 44.88742888543197 0.2658047680030933
0.25 0.5 27 28 47.26863896036286 0.2515285699228368
0.25 0.5 28 29 48.94523121055215 0.2382567724284154
0.25 0.5 29 30 50.04747324692858 0.2258973534562125
0.25 0.5 30 31 50.68175757354481 0.2143688081846588
0.25 0.5 31 32 50.93526193076036 0.2035987165754684
0.25 0.5 32 33 50.87962563937117 0.1935225345464969
0.25 0.5 33 34 50.57386687851692 0.184082571338944
0.25 0.5 34 35 50.06671037107856 0.1752271191477343
0.25 0.5 35 36 49.39845417723296 0.1669097112826558
0.25 0.5 36 37 48.6024739987464 0.1590884861791651
0.25 0.5 37 38 47.7064408295945 0.1517256406822298
0.25 0.5 38 39 46.73331068631035 0.144786958564626
0.25 0.5 39 40 45.70213218465472 0.1382414030603788
0.25 0.5 40 41 44.62870800648966 0.1320607619081132
0.25 0.5 41 42 43.5261383882671 0.1262193396404845
0.25 0.5 42 43 42.40526925464098 0.1206936875687914
0.25 0.5 43 44 41.27506274594589 0.1154623690538471
0.25 0.5 44 45 40.14290446788004 0.1105057510761858
0.25 0.5 45 46 39.01364299017052 0.1061890985767633
0.25 0.5 46 47 37.89452433257884 0.103942280302735
0.25 0.5 47 48 36.78835093033817 0.1039702605616677
0.25 0.5 48 49 35.69837004329997 0.1061443302408825
0.25 0.5 49 50 34.62697664507351 0.1116491800303011
0.5 0.75 0 1 5957.108291338189 2.685834082569623
0.5 0.75 1 2 -1542.082706951063 2.102963739998545
0.5 0.75 2 3 -5481.956575995529 1.614863713343028
0.5 0.75 3 4 -4403.61013351857 1.557220029705541
0.5 0.75 4 5 -3233.725041882773 1.390972308812986
0.5 0.75 5 6 -2353.617656232665 1.232008663683904
0.5 0.75 6 7 -1724.985394153833 1.095225125952117
0.5 0.75 7 8 -1276.436268326073 0.9793941759232008
0.5 0.75 8 9 -952.576571774182 0.8818848336230841
0.5 0.75 9 10 -715.2414564522928 0.7973340122562146
0.5 0.75 10 11 -538.6359412713264 0.7254702679331104
0.5 0.75 11 12 -405.5539923666156 0.6627769485448498
0.5 0.75 12 13 -304.0770074062725 0.6079081233605789
0.5 0.75 13 14 -225.9314862878307 0.5595552239042512
0.5 0.75 14 15 -165.2550273175277 0.5166787699941415
0.5 0.75 15 16 -117.8249974708872 0.479621743812444
0.5 0.75 16 17 -80.55314740647873 0.4476223678569557
0.5 0.75 17 18 -51.14912404127222 0.418540502178703
0.5 0.75 18 19 -27.89265764827087 0.3920352724570486
0.5 0.75 19 20 -9.476767108872991 0.3678122200629589
0.5 0.75 20 21 5.101864321293078 0.3456167889497179
0.5 0.75 21 22 16.6206734046018 0.3252285022021222
0.5 0.75 22 23 25.68717372516426 0.3064559114320937
0.5 0.75 23 24 32.7797264773003 0.2891322866465013
0.5 0.75 24 25 38.27759913761258 0.2731119709966948
0.5 0.75 25 26 42.48336918982295 0.258267308418247
0.5 0.75 26 27 45.63979130549194 0.2444860601498913
0.5 0.75 27 28 47.94261477879684 0.2316692289305111
0.5 0.75 28 29 49.55040769533389 0.2197292270226445
0.5 0.75 29 30 50.59214692713476 0.2085883272870719
0.5 0.75 30 31 51.17312546606968 0.1981773529520049
0.5 0.75 31 32 51.37958166120166 0.188434564117319
0.5 0.75 32 33 51.28234997675906 0.1793047098941186
0.5 0.75 33 34 50.93975714485549 0.1707382176735005
0.5 0.75 34 35 50.39993234282201 0.1626904996966967
0.5 0.75 35 36 49.70265942765195 0.1551213552278366
0.5 0.75 36 37 48.88086908937424 0.1479944562973657
0.5 0.75 37 38 47.96184633050075 0.1412769024070465
0.5 0.75 38 39 46.96821165184087 0.1349388337862585
0.5 0.75 39 40 45.91872143258314 0.1289530962433284
0.5 0.75 40 41 44.82892331623026 0.1232949470152769
0.5 0.75 41 42 43.71169454772183 0.1179417992616558
0.5 0.75 42 43 42.57768573066699 0.1128729965697752
0.5 0.75 43 44 41.43568762704501 0.1080696157864403
0.5 0.75 44 45 40.29293522577137 0.1035142922195227
0.5 0.75 45 46 39.1541535498842 0.09959285145640902
0.5 0.75 46 47 38.02645380199266 0.09780169501506092
0.5 0.75 47 48 36.91254433447546 0.09833826803118265
0.5 0.75 48 49 35.81558122920615 0.1022312869322056
0.5 0.75 49 50 34.73787759868895 0.110298631563036
0.75 1 0 1 5739.141154880616 1.930902945379425
0.75 1 1 2 -1742.901433013346 1.804903022064434
0.75 1 2 3 -5498.049973165185 1.610596439075367
0.75 1 3 4 -4390.422342241465 1.54657231068853
0.75 1 4 5 -3215.304340598865 1.380378093706641
0.75 1 5 6 -2335.49725610208 1.223156604898706
0.75 1 6 7 -1708.546399852518 1.088384854999829
0.75 1 7 8 -1261.917553330997 0.9743225907504719
0.75 1 8 9 -939.8713036676691 0.8776340572663945
0.75 1 9 10 -704.1504023024991 0.7953071967674431
0.75 1 10 11 -528.9465708066946 0.7236353474081749
0.75 1 11 12 -397.0678897766356 0.6615212236280876
0.75 1 12 13 -296.620469990891 0.6070780434421023
0.75 1 13 14 -219.3555424603842 0.5590372947924134
0.75 1 14 15 -159.4333209066779 0.5163891209220083
0.75 1 15 16 -112.6508474081515 0.4783212543326608
0.75 1 16 17 -75.93658632292454 0.4441738025545542
0.75 1 17 18 -47.0142178111912 0.4134056122283096
0.75 1 18 19 -24.17519260242511 0.3855690204880826
0.75 1 19 20 -6.122301615074321 0.3602907091594058
0.75 1 20 21 8.139621404338413 0.3372570292407757
0.75 1 21 22 19.3812043425844 0.316202644598844
0.75 1 22 23 28.20425945852242 0.2969016512104185
0.75 1 23 24 35.0823609166664 0.2791605751648399
0.75 1 24 25 40.39074489837401 0.2628128015901489
0.75 1 25 26 44.42858358181923 0.247714108370544
0.75 1 26 27 47.43574619132971 0.2337390573872256
0.75 1 27 28 49.60552953452361 0.2207780589415062
0.75 1 28 29 51.09441088237054 0.2087349676623853
0.75 1 29 30 52.02957934083668 0.1975251007948185
0.75 1 30 31 52.51479484333458 0.1870735958535251
0.75 1 31 32 52.63497740817741 0.1773140414262765
0.75 1 32 33 52.45982473191407 0.1681873293230838
0.75 1 33 34 52.0466807474964 0.1596406888673093
0.75 1 34 35 51.4428227708255 0.151626868372901
0.75 1 35 36 50.68729445776984 0.1441034411141087
0.75 1 36 37 49.81238177258405 0.1370322112437178
0.75 1 37 38 48.84480684071514 0.1303787062383372
0.75 1 38 39 47.80669763051691 0.1241117397230232
0.75 1 39 40 46.71637859410345 0.1182030335270498
0.75 1 40 41 45.58901778482976 0.112626891203564
0.75 1 41 42 44.43715816228547 0.1073599142285075
0.75 1 42 43 43.27115534522613 0.1023807538822454
0.75 1 43 44 42.09953928067233 0.09766989506164993
0.75 1 44 45 40.92931391308304 0.09320946631246457
0.75 1 45 46 39.76501238406252 0.08975121540989306
0.75 1 46 47 38.61354062567608 0.09010354086219169
0.75 1 47 48 37.47745751819295 0.09436077588873559
0.75 1 48 49 36.35977397761113 0.1018151615578531
0.75 1 49 50 35.26267441778282 0.1096899764818265
1 1.25 0 1 5458.338181747353 1.571933069866711
1 1.25 1 2 -2006.167289749219 0.6686827711864161
1 1.25 2 3 -5523.316344554013 1.842677066207489
1 1.25 3 4 -4379.103584347086 1.792550398629003
1 1.25 4 5 -3197.925591121988 1.597271116206783
1 1.25 5 6 -2318.634498476509 1.407386117002289
1 1.25 6 7 -1693.657099326551 1.243965392329488
1 1.25 7 8 -1249.153161321677 1.106322139476611
1 1.25 8 9 -929.0364470078348 0.9910099603103261
1 1.25 9 10 -694.9722026228442 0.8921738458858891
1 1.25 10 11 -521.1706569019434 0.8084312285370345
1 1.25 11 12 -390.4633554096599 0.7359453610779564
1 1.25 12 13 -290.9935606889449 0.6728890166465941
1 1.25 13 14 -214.5446956519236 0.6176281624719447
1 1.25 14 15 -155.3046865692968 0.5688740690466467
1 1.25 15 16 -109.0937468224579 0.5256003223337018
1 1.25 16 17 -72.85946021042514 0.486981120747614
1 1.25 17 18 -44.34119539021935 0.4523455054544028
1 1.25 18 19 -21.84325636161429 0.4211432391921675
1 1.25 19 20 -4.078971271793534 0.3929191562883702
1 1.25 20 21 9.938171508513051 0.3672936943004466
1 1.25 21 22 20.97167354144472 0.3439479694828325
1 1.25 22 23 29.61746238548835 0.3226122224458354
1 1.25 23 24 36.34423820897553 0.3030567875448801
1 1.25 24 25 41.5231880885849 0.2850849713159768
1 1.25 25 26 45.45011034573099 0.268527388471164
1 1.25 26 27 48.36205483872027 0.2532374208592185
1 1.25 27 28 50.44995578987607 0.2390875488413415
1 1.25 28 29 51.86830536310151 0.2259663675696875
1 1.25 29 30 52.74262046669116 0.2137761423594235
1 1.25 30 31 53.17524899877981 0.2024307947004774
1 1.25 31 32 53.24991587333307 0.1918542324290275
1 1.25 32 33 53.03530507012522 0.181978957401843
1 1.25 33 34 52.58789887648669 0.172744899124439
1 1.25 34 35 51.95424078150364 0.1640984316445895
1 1.25 35 36 51.17274831069068 0.1559915427281073
1 1.25 36 37 50.27517225313716 0.1483811268221733
1 1.25 37 38 49.28777654712189 0.1412283817441749
1 1.25 38 39 48.23229627938559 0.1344982922919394
1 1.25 39 40 47.12671853078393 0.1281591848950755
1 1.25 40 41 45.98592125856169 0.1221823450497079
1 1.25 41 42 44.82219766660194 0.1165416834069792
1 1.25 42 43 43.6456880999857 0.1112134479405777
1 1.25 43 44 42.46473675882805 0.1061759715828757
1 1.25 44 45 41.28618716557918 0.1014094522978639
1 1.25 45 46 40.11445261892544 0.09727425232718798
1 1.25 46 47 38.956283127403 0.09518420278103695
1 1.25 47 48 37.8141528397727 0.09534102476926341
1 1.25 48 49 36.69098297573154 0.09821121232876066
1 1.25 49 50 35.58888348244818 0.1059418513483953
1.25 1.5 0 1 5127.192922843205 3.292518292946615
1.25 1.5 1 2 -2294.306049258946 4.128112388030235
1.25 1.5 2 3 -5523.662566653556 1.696907699389495
1.25 1.5 3 4 -4338.310915332211 1.617383396226823
1.25 1.5 4 5 -3154.043088156182 1.439560171846683
1.25 1.5 5 6 -2279.49289421736 1.269855306558122
1.25 1.5 6 7 -1660.426238522202 1.123535377367792
1.25 1.5 7 8 -1221.366332578997 0.9997213444410336
1.25 1.5 8 9 -905.8841699377408 0.8951734694053003
1.25 1.5 9 10 -675.6669051403665 0.8066387454446678
1.25 1.5 10 11 -505.0332342290549 0.7301176787980134
1.25 1.5 11 12 -376.9306522479819 0.6642275768780503
1.25 1.5 12 13 -279.6079915143803 0.6068484634328526
1.25 1.5 13 14 -204.9354854780331 0.5565265030450531
1.25 1.5 14 15 -147.1711529506019 0.5121081933604814
1.25 1.5 15 16 -102.1912643879612 0.4726706784504418
1.25 1.5 16 17 -66.98815423214319 0.4374689142266674
1.25 1.5 17 18 -39.3369859218742 0.4058959402181611
1.25 1.5 18 19 -17.57080458074188 0.3774529596839366
1.25 1.5 19 20 -0.4261247254721638 0.3517266742194594
1.25 1.5 20 21 13.06476538222864 0.3283719743070315
1.25 1.5 21 22 23.65004612494113 0.307098610013341
1.25 1.5 22 23 31.91309647485673 0.2876608288537806
1.25 1.5 23 24 38.31228950710772 0.2698492538676683
1.25 1.5 24 25 43.21027460430219 0.2534844621478856
1.25 1.5 25 26 46.8957612530246 0.2398024284183634
1.25 1.5 26 27 49.59988949013052 0.2281200774993509
1.25 1.5 27 28 51.50864773974786 0.2172060208473319
1.25 1.5 28 29 52.77237418636946 0.2069953511293501
1.25 1.5 29 30 53.51308493608167 0.1974297696799758
1.25 1.5 30 31 53.83016808566572 0.1884568311689929
1.25 1.5 31 32 53.80483856474962 0.1800292770364329
1.25 1.5 32 33 53.5036457285841 0.1721044480792231
1.25 1.5 33 34 52.98125154870132 0.1646437690459208
1.25 1.5 34 35 52.28264324494273 0.1576122948575188
1.25 1.5 35 36 51.44490458418534 0.1509783135656218
1.25 1.5 36 37 50.49864065921815 0.1447129962541577
1.25 1.5 37 38 49.46912910457752 0.1387900898354435
1.25 1.5 38 39 48.37725416051086 0.1331856457396491
1.25 1.5 39 40 47.24026747147394 0.1278777821316919
1.25 1.5 40 41 46.07241012922094 0.1228464725663085
1.25 1.5 41 42 44.88542285808626 0.1180733597397317
1.25 1.5 42 43 43.68896592797046 0.1135415906852562
1.25 1.5 43 44 42.49096572141463 0.1092356702173468
1.25 1.5 44 45 41.29790158705254 0.1051413305931793
1.25 1.5 45 46 40.1138906742629 0.101584742007359
1.25 1.5 46 47 38.94536115513799 0.09981959704028757
1.25 1.5 47 48 37.7945659783224 0.1000077867312688
1.25 1.5 48 49 36.66421358756642 0.1020362850852364
1.25 1.5 49 50 35.55622353450113 0.1046766185031558
1.5 1.75 0 1 4722.170790998555 0.9459048490918824
1.5 1.75 1 2 -2673.481970841352 0.7705278028079019
1.5 1.75 2 3 -5546.806224722828 1.715601560852412
1.5 1.75 3 4 -4301.40227699149 1.656334612879104
1.5 1.75 4 5 -3106.129835701223 1.480241122424484
1.5 1.75 5 6 -2232.729557145521 1.303795630204281
1.5 1.75 6 7 -1618.042624054807 1.149180364580438
1.5 1.75 7 8 -1183.950359499667 1.018029203486253
1.5 1.75 8 9 -873.1729206785753 0.9071883164075033
1.5 1.75 9 10 -647.1457514305721 0.8140431396656947
1.5 1.75 10 11 -480.1601501934779 0.7339000233717499
1.5 1.75 11 12 -355.1901568105909 0.6652535810463317
1.5 1.75 12 13 -260.5493027984301 0.6057850638350759
1.5 1.75 13 14 -188.1716622484889 0.5538833339218282
1.5 1.75 14 15 -132.3738932703359 0.508274869594285
1.5 1.75 15 16 -89.08335147933076 0.4679461207889501
1.5 1.75 16 17 -55.33577219758172 0.4320835517102924
1.5 1.75 17 18 -28.94274600788958 0.4000282842011738
1.5 1.75 18 19 -8.267726869867374 0.3712419387437745
1.5 1.75 19 20 7.927428451254173 0.3452808375070086
1.5 1.75 20 21 20.58930194096251 0.3217763949520964
1.5 1.75 21 22 30.44842610026558 0.3004200980443806
1.5 1.75 22 23 38.07340389201204 0.2809518968270198
1.5 1.75 23 24 43.91020136033205 0.2631511560502711
1.5 1.75 24 25 48.31101778972459 0.2468295413236592
1.5 1.75 25 26 51.55573272757488 0.2318253789326406
1.5 1.75 26 27 53.86800123397052 0.2179991486573526
1.5 1.75 27 28 55.42744657712922 0.2052298558654085
1.5 1.75 28 29 56.37897704668251 0.193412088018834
1.5 1.75 29 30 56.83996243600427 0.182453612890926
1.5 1.75 30 31 56.90580310365533 0.1722734041308058
1.5 1.75 31 32 56.65428147724691 0.1628000096915916
1.5 1.75 32 33 56.14898396089598 0.1539701955349094
1.5 1.75 33 34 55.44200785287711 0.1457278115528218
1.5 1.75 34 35 54.57611451601105 0.1380228391747177
1.5 1.75 35 36 53.58645091148003 0.130810587842999
1.5 1.75 36 37 52.5019326082155 0.124051013229703
1.5 1.75 37 38 51.34635983695193 0.1177081368649959
1.5 1.75 38 39 50.13932186854458 0.1117495501787002
1.5 1.75 39 40 48.89693268310947 0.106145988763928
1.5 1.75 40 41 47.6324316796929 0.1008709651426155
1.5 1.75 41 42 46.35667570909925 0.09590045240194203
1.5 1.75 42 43 45.0785434919253 0.09121260884353365
1.5 1.75 43 44 43.80526893619958 0.08678753912751548
1.5 1.75 44 45 42.54271662610685 0.0826070853666715
1.5 1.75 45 46 41.29447768052711 0.0793638803140391
1.5 1.75 46 47 40.06645784717384 0.07964615383802548
1.5 1.75 47 48 38.86049556408022 0.0835328212224483
1.5 1.75 48 49 37.6789102111247 0.09036520031388721
1.5 1.75 49 50 36.52328085232944 0.09758017992114559
1.75 2 0 1 4293.595342327977 1.082471837633703
1.75 2 1 2 -3053.709432443204 2.60678438109838
1.75 2 2 3 -5552.839641291403 2.810420835561786
1.75 2 3 4 -4257.541027101819 2.339854768933852
1.75 2 4 5 -3059.91666627707 1.941305098242441
1.75 2 5 6 -2192.664605932322 1.637210915690469
1.75 2 6 7 -1584.882678281294 1.403674015560713
1.75 2 7 8 -1156.824047447191 1.220563813526128
1.75 2 8 9 -851.0056950928461 1.072928441950144
1.75 2 9 10 -628.9835259104725 0.9531363568989423
1.75 2 10 11 -465.2211372851398 0.8528124351505696
1.75 2 11 12 -342.8553297554424 0.7683014103474489
1.75 2 12 13 -250.3267255575911 0.696113681546369
1.75 2 13 14 -179.6705996492874 0.6338117313896093
1.75 2 14 15 -125.2825264776384 0.5795594362495755
1.75 2 15 16 -83.15142861720324 0.5319476528218299
1.75 2 16 17 -50.36128420324212 0.4898768835736919
1.75 2 17 18 -24.76171245772798 0.4524765513567139
1.75 2 18 19 -4.746338870316322 0.4190482811785607
1.75 2 19 20 10.89888744014684 0.3890252723656683
1.75 2 20 21 23.10119156580367 0.3619426767320277
1.75 2 21 22 32.57546374960157 0.3374156521053669
1.75 2 22 23 39.87759859162247 0.3151228634408132
1.75 2 23 24 45.44318621249204 0.2947939133076471
1.75 2 24 25 49.61591565569017 0.2761996495154267
1.75 2 25 26 52.66865709738602 0.259144608409735
1.75 2 26 27 54.81927002496582 0.2434610626116519
1.75 2 27 28 56.24256858982142 0.2290042895535615
1.75 2 28 29 57.0794573043039 0.2156487761107165
1.75 2 29 30 57.44396243425535 0.2032851519881292
1.75 2 30 31 57.42868423157131 0.1918176912477537
1.75 2 31 32 57.10905391489831 0.1811622641722474
1.75 2 32 33 56.5466787594595 0.1712446467970467
1.75 2 33 34 55.79198632854468 0.1619991168054659
1.75 2 34 35 54.8863262899921 0.1533672819523463
1.75 2 35 36 53.8636497265104 0.1452970960263655
1.75 2 36 37 52.75185731258165 0.1377420283854836
1.75 2 37 38 51.57388653875535 0.1306603609351666
1.75 2 38 39 50.34859215593849 0.1240145890595762
1.75 2 39 40 49.09146192140548 0.1177709091146715
1.75 2 40 41 47.81520067181646 0.1118987795541877
1.75 2 41 42 46.53020843718622 0.1063705417559453
1.75 2 42 43 45.24497317486231 0.1011610927419044
1.75 2 43 44 43.96639426447183 0.09624760140572446
1.75 2 44 45 42.70004971440514 0.09160926113691906
1.75 2 45 46 41.44931673607687 0.08759253530351488
1.75 2 46 47 40.2198290855095 0.08556169297216286
1.75 2 47 48 39.01327654761184 0.08569922809171919
1.75 2 48 49 37.8318236695884 0.09127907910809033
1.75 2 49 50 36.67690999419142 0.09813438011439438
2 2.25 0 1 3818.673519469135 1.063875119033201
2 2.25 1 2 -3458.824996645906 0.9008518389195254
2 2.25 2 3 -5541.948595898497 1.684221057210411
2 2.25 3 4 -4180.796900730913 1.554266437696912
2 2.25 4 5 -2974.883878873344 1.369125683171612
2 2.25 5 6 -2113.429251520087 1.206035389370558
2 2.25 6 7 -1514.736039068277 1.069536759161001
2 2.25 7 8 -1095.870089451688 0.9548790593473802
2 2.25 8 9 -798.3705965402919 0.8583995315620923
2 2.25 9 10 -583.5736421866309 0.7761589918636157
2 2.25 10 11 -425.9977549774776 0.7047405954087819
2 2.25 11 12 -308.8763762391827 0.6429151117218664
2 2.25 12 13 -220.79261354701 0.588791174385371
2 2.25 13 14 -153.9085854014991 0.541093787013703
2 2.25 14 15 -102.730308044931 0.4988081405788803
2 2.25 15 16 -63.33977334137376 0.4611175751827828
2 2.25 16 17 -32.89820991835381 0.427358199262299
2 2.25 17 18 -9.318946892885833 0.3969852752895841
2 2.25 18 19 8.951939243844436 0.3695480030511634
2 2.25 19 20 23.08528050511541 0.3446703770645761
2 2.25 20 21 33.9726072459033 0.3220364896030303
2 2.25 21 22 42.29923627677886 0.3013791362313285
2 2.25 22 23 48.59647241729965 0.2824708906810227
2 2.25 23 24 53.27938230193854 0.265117056788175
2 2.25 24 25 56.67445930145254 0.2491500544165107
2 2.25 25 26 59.04011086060825 0.234424913270613
2 2.25 26 27 60.5819864908724 0.2208156293673431
2 2.25 27 28 61.46455438559656 0.2082121989001571
2 2.25 28 29 61.81992134675886 0.1965181882383206
2 2.25 29 30 61.75460674425551 0.1856487300394215
2 2.25 30 31 61.35478408711163 0.1755288621462202
2 2.25 31 32 60.69036496405641 0.1660921425345208
2 2.25 32 33 59.81820146579832 0.1572794884604568
2 2.25 33 34 58.78461235666879 0.1490381997226946
2 2.25 34 35 57.62738684407338 0.1413211309081953
2 2.25 35 36 56.37738217919753 0.1340859895407236
2 2.25 36 37 55.05980350791475 0.1272947364638851
2 2.25 37 38 53.69523377395086 0.120913072015184
2 2.25 38 39 52.30046592098773 0.1149099949377382
2 2.25 39 40 50.88917791509738 0.1092574217098038
2 2.25 40 41 49.47248233405872 0.1039298558016425
2 2.25 41 42 48.05937520362949 0.09890410242263763
2 2.25 42 43 46.65710379734784 0.0941590181010009
2 2.25 43 44 45.27146884599469 0.0896752930810617
2 2.25 44 45 43.9070735194216 0.08543526014048591
2 2.25 45 46 42.56645144382949 0.08208307442939586
2 2.25 46 47 41.25442133321005 0.0820241721271565
2 2.25 47 48 39.97200721364297 0.08532030060741307
2 2.25 48 49 38.72075828538976 0.09134588781094405
2 2.25 49 50 37.50156587666388 0.09771750267490718
2.25 2.5 0 1 3314.148218113934 1.862710604239777
2.25 2.5 1 2 -3865.767261317767 0.9877161483155428
2.25 2.5 2 3 -5492.212197704301 1.715459254123001
2.25 2.5 3 4 -4071.840778366867 1.577636069414406
2.25 2.5 4 5 -2869.514085986765 1.389578040979532
2.25 2.5 5 6 -2023.328274833362 1.223595107605284
2.25 2.5 6 7 -1440.173201802298 1.104420628395456
2.25 2.5 7 8 -1034.649452656195 0.9962281101469083
2.25 2.5 8 9 -748.0667560564111 0.9012874567694097
2.25 2.5 9 10 -542.0799317749256 0.8182265988995679
2.25 2.5 10 11 -391.6187925720708 0.7450849608179541
2.25 2.5 11 12 -280.2519315419008 0.6810861386916944
2.25 2.5 12 13 -196.8517207888071 0.6246868838139492
2.25 2.5 13 14 -133.8029800413344 0.5747613348461851
2.25 2.5 14 15 -85.78450929122778 0.5303651060717159
2.25 2.5 15 16 -49.01236206493604 0.490710972418847
2.25 2.5 16 17 -20.75224747044558 0.4551430454684136
2.25 2.5 17 18 1.000558367325311 0.4231135519164297
2.25 2.5 18 19 17.73524769566052 0.3941632346939616
2.25 2.5 19 20 30.57114977599986 0.3679052697211305
2.25 2.5 20 21 40.35852804569652 0.344012231383571
2.25 2.5 21 22 47.74941153064174 0.3222055789705764
2.25 2.5 22 23 53.24808358991629 0.3022471799025422
2.25 2.5 23 24 57.24754620298199 0.2839324627144182
2.25 2.5 24 25 60.05617608229829 0.2670848684967743
2.25 2.5 25 26 61.91742900183135 0.2515513349370591
2.25 2.5 26 27 63.02455559007876 0.2371986053588345
2.25 2.5 27 28 63.53169595623774 0.2239101962761263
2.25 2.5 28 29 63.56231762914138 0.211583895333558
2.25 2.5 29 30 63.21568490127146 0.2001296855804579
2.25 2.5 30 31 62.57185606081225 0.1894680159827955
2.25 2.5 31 32 61.69557026796844 0.1795283534851917
2.25 2.5 32 33 60.63929022069669 0.1702479655040645
2.25 2.5 33 34 59.44559818815202 0.1615708917536919
2.25 2.5 34 35 58.14909328719762 0.1534470721164466
2.25 2.5 35 36 56.77790156203832 0.145831603968822
2.25 2.5 36 37 55.35488361912053 0.1386841080441011
2.25 2.5 37 38 53.89860470880222 0.1319681837209285
2.25 2.5 38 39 52.42411719772468 0.1256509404126525
2.25 2.5 39 40 50.9435941038592 0.1197025932414092
2.25 2.5 40 41 49.46684396091456 0.1140961117881105
2.25 2.5 41 42 48.00173050255219 0.1088069157110783
2.25 2.5 42 43 46.5545159077634 0.1038126088899761
2.25 2.5 43 44 45.1301422735813 0.09909274716495826
2.25 2.5 44 45 43.73246303612822 0.09462863464201945
2.25 2.5 45 46 42.36339180073091 0.09072620128709828
2.25 2.5 46 47 41.02710445687578 0.08857815632628804
2.25 2.5 47 48 39.7241570710228 0.08831927189493692
2.25 2.5 48 49 38.45565645989484 0.08979588973400313
2.25 2.5 49 50 37.22210527154076 0.09357576387116348
2.5 2.75 0 1 2756.48191617104 2.642032928146105
2.5 2.75 1 2 -4305.919567492148 1.130358082923118
2.5 2.75 2 3 -5435.060954191895 2.349141735665301
2.5 2.75 3 4 -3950.320563459483 2.409012528219856
2.5 2.75 4 5 -2750.127662405166 2.173615626064173
2.5 2.75 5 6 -1919.017490102911 1.918986077633708
2.5 2.75 6 7 -1351.948250847473 1.692830219416733
2.5 2.75 7 8 -960.6935808195726 1.499969846110013
2.5 2.75 8 9 -686.1001789465845 1.337215523192076
2.5 2.75 9 10 -490.0080898547731 1.199208208814082
2.5 2.75 10 11 -347.6893018262751 1.08116133092927
2.5 2.75 11 12 -243.0203681494156 0.979775748149722
2.5 2.75 12 13 -165.1537822231783 0.8919520451039932
2.5 2.75 13 14 -106.6989800530484 0.8153389084572521
2.5 2.75 14 15 -62.51421885371678 0.7480669761414895
2.5 2.75 15 16 -28.95804626363861 0.6886410865897569
2.5 2.75 16 17 -3.409326305383729 0.6358562663617029
2.5 2.75 17 18 16.04651905707919 0.5887335157094223
2.5 2.75 18 19 30.82652468697506 0.5464709701289333
2.5 2.75 19 20 41.99194593660729 0.5084066834897666
2.5 2.75 20 21 50.34604059683761 0.4739901175015496
2.5 2.75 21 22 56.50257442494728 0.4427601501438553
2.5 2.75 22 23 60.93451139768638 0.4143279836503968
2.5 2.75 23 24 64.00908141135312 0.3883637562921094
2.5 2.75 24 25 66.01334621657418 0.3645859743089307
2.5 2.75 25 26 67.17304792851974 0.3427531058369324
2.5 2.75 26 27 67.66664906636663 0.3226568464782101
2.5 2.75 27 28 67.63589051711494 0.3041166854317778
2.5 2.75 28 29 67.19380086612432 0.2869754923016998
2.5 2.75 29 30 66.43082156924976 0.2710959094913306
2.5 2.75 30 31 65.41952637031255 0.2563573858578978
2.5 2.75 31 32 64.21828280771939 0.2426537233278289
2.5 2.75 32 33 62.87411119052234 0.2298910364759756
2.5 2.75 33 34 61.42493023334151 0.2179860475522366
2.5 2.75 34 35 59.9013306643389 0.2068646540368287
2.5 2.75 35 36 58.32798319783052 0.1964607200281035
2.5 2.75 36 37 56.72476153429801 0.1867150519992382
2.5 2.75 37 38 55.10764202995063 0.1775745268185657
2.5 2.75 38 39 53.4894273745814 0.1689913467629217
2.5 2.75 39 40 51.88033087501645 0.1609224006315531
2.5 2.75 40 41 50.28844991307167 0.1533287134891148
2.5 2.75 41 42 48.72015072391582 0.1461749715832839
2.5 2.75 42 43 47.18038211215384 0.1394291105386591
2.5 2.75 43 44 45.67293188309981 0.1330619571812677
2.5 2.75 44 45 44.20063695849996 0.1270469174749815
2.5 2.75 45 46 42.76454975313584 0.1215832611066829
2.5 2.75 46 47 41.36798429123129 0.1174904169348562
2.5 2.75 47 48 40.01083074265475 0.1148812763200944
2.5 2.75 48 49 38.6935738205768 0.1136971559819018
2.5 2.75 49 50 37.41616312515555 0.1131240664792447
2.75 3 0 1 2136.674837423863 2.284993416224069
2.75 3 1 2 -4746.3846992976 3.462901813656145
2.75 3 2 3 -5321.28697072272 5.590606124719132
2.75 3 3 4 -3774.789802438324 4.909150321654642
2.75 3 4 5 -2586.573265661641 4.135039935775087
2.75 3 5 6 -1780.036999750402 3.496613118876152
2.75 3 6 7 -1236.771049924151 2.989671151818697
2.75 3 7 8 -865.7689184698947 2.585462781102303
2.75 3 8 9 -607.7482304909568 2.259116993545726
2.75 3 9 10 -425.0581943103828 1.991397383326655
2.75 3 10 11 -293.6182098703252 1.769692947156572
2.75 3 11 12 -197.7560686876398 1.582941198688874
2.75 3 12 13 -127.0876909121691 1.424376829429401
2.75 3 13 14 -74.54691893489417 1.288354526167064
2.75 3 14 15 -35.25124117561609 1.170669697160387
2.75 3 15 16 -5.760967815346248 1.068073256295917
2.75 3 16 17 16.38741767440683 0.9780204656973114
2.75 3 17 18 32.98464741358066 0.8984934078605419
2.75 3 18 19 45.34979874472447 0.8278736658798763
2.75 3 19 20 54.46610908409252 0.7648496896356
2.75 3 20 21 61.07427180560592 0.7083484630527888
2.75 3 21 22 65.73754712104551 0.6574844382692281
2.75 3 22 23 68.88786947249116 0.6115209068512834
2.75 3 23 24 70.85893727466851 0.569840445931564
2.75 3 24 25 71.910253608424 0.5319220675655897
2.75 3 25 26 72.24479032459192 0.4973233766031218
2.75 3 26 27 72.02210197639147 0.4656665111137573
2.75 3 27 28 71.36815478529178 0.4366269686413751
2.75 3 28 29 70.38275843736267 0.4099246548049809
2.75 3 29 30 69.14523091112926 0.3853166587518574
2.75 3 30 31 67.71874882410197 0.3625913813843643
2.75 3 31 32 66.15371141248363 0.3415637313688219
2.75 3 32 33 64.49035840163845 0.3220711714937272
2.75 3 33 34 62.76081929199273 0.3039704444468252
2.75 3 34 35 60.9907263156573 0.2871348480251251
2.75 3 35 36 59.20049037867187 0.2714519545928656
2.75 3 36 37 57.40631509870514 0.2568216937204122
2.75 3 37 38 55.62100618207791 0.2431547327544347
2.75 3 38 39 53.85462000051515 0.230371102386956
2.75 3 39 40 52.11498517440549 0.2183990263876813
2.75 3 40 41 50.408123503816 0.207173920031973
2.75 3 41 42 48.73859059820535 0.1966375307285721
2.75 3 42 43 47.10975236070885 0.1867371974310508
2.75 3 43 44 45.52400992948714 0.177425210314503
2.75 3 44 45 43.98298307991425 0.1686582556728776
2.75 3 45 46 42.48669848463649 0.1605522112020481
2.75 3 46 47 41.03743887936133 0.1536609320655043
2.75 3 47 48 39.6343077899152 0.1480622896729381
2.75 3 48 49 38.27705545924255 0.1437285609829399
2.75 3 49 50 36.96498008971847 0.1400916029457781
3 3.25 0 1 1454.373448431426 1.411995293089815
3 3.25 1 2 -5119.476935223746 8.611722411398775
3 3.25 2 3 -5096.621410362706 9.751795441546761
3 3.25 3 4 -3510.52402708169 8.071155662799626
3 3.25 4 5 -2356.89812225096 6.607916265894288
3 3.25 5 6 -1592.383687499102 5.48716082355236
3 3.25 6 7 -1085.667161949947 4.629873649516462
3 3.25 7 8 -744.1597851958427 3.962433923955937
3 3.25 8 9 -509.4460222374107 3.432543676453367
3 3.25 9 10 -345.1525460085722 3.004197134826839
3 3.25 10 11 -228.3094568628908 2.652091672096161
3 3.25 11 12 -144.0663079232199 2.359013807951572
3 3.25 12 13 -82.74796267268107 2.111843431166986
3 3.25 13 14 -37.78221858164716 1.901238718250809
3 3.25 14 15 -4.668353964517564 1.720118017018607
3 3.25 15 16 19.74292223651332 1.563071671499543
3 3.25 16 17 37.69252806677559 1.425904002407569
3 3.25 17 18 50.79909964283331 1.305316017373968
3 3.25 18 19 60.24749979521323 1.198681513000629
3 3.25 19 20 66.91540247234775 1.103886345677396
3 3.25 20 21 71.45979742109034 1.019211209312866
3 3.25 21 22 74.37706576288906 0.9432448908929053
3 3.25 22 23 76.04532212739628 0.8748192155136452
3 3.25 23 24 76.75466423284001 0.8129596538182723
3 3.25 24 25 76.72905266384873 0.7568473933388571
3 3.25 25 26 76.14231707152476 0.7057899061790726
3 3.25 26 27 75.12998790345142 0.6591978875638731
3 3.25 27 28 73.79812616150832 0.6165670227297544
3 3.25 28 29 72.22997090203108 0.5774634501907191
3 3.25 29 30 70.49098426539342 0.5415120814717992
3 3.25 30 31 68.63270887540625 0.5083871473432318
3 3.25 31 32 66.69573739184705 0.4778044938710235
3 3.25 32 33 64.71201298809291 0.4495152641290674
3 3.25 33 34 62.70662185890626 0.4233006855391121
3 3.25 34 35 60.69919738865116 0.3989677443099341
3 3.25 35 36 58.70502550903927 0.3763455777248197
3 3.25 36 37 56.73591873639543 0.3552824493296918
3 3.25 37 38 54.80091015567797 0.3356432012463482
3 3.25 38 39 52.9068064944781 0.3173070982383515
3 3.25 39 40 51.05863036710807 0.3001659960615298
3 3.25 40 41 49.25997503903378 0.2841227784173263
3 3.25 41 42 47.51328969642458 0.2690900185122977
3 3.25 42 43 45.82010944019817 0.2549888283149896
3 3.25 43 44 44.18124107477061 0.2417478661596725
3 3.25 44 45 42.59691342674975 0.2293024774366184
3 3.25 45 46 41.06599969548193 0.2176972101070689
3 3.25 46 47 39.58959350817682 0.2072718075863531
3 3.25 47 48 38.16592917421391 0.1980557095804509
3 3.25 48 49 36.79393943193077 0.1900159640916106
3 3.25 49 50 35.47220189886131 0.1827606938339594
3.25 3.5 0 1 735.5076008277935 0.4575847670526608
3.25 3.5 1 2 -5305.052188354188 19.40703605747619
3.25 3.5 2 3 -4688.327593421358 15.84831099462843
3.25 3.5 3 4 -3115.612222995604 12.08156533616066
3.25 3.5 4 5 -2037.048128267709 9.472545242000884
3.25 3.5 5 6 -1342.562316371311 7.641786168967875
3.25 3.5 6 7 -891.5154971000793 6.308879959552716
3.25 3.5 7 8 -592.6637916325064 5.304961083774719
3.25 3.5 8 9 -390.4765422735907 4.527195057877769
3.25 3.5 9 10 -251.0799519460909 3.910366312369641
3.25 3.5 10 11 -153.4341863915809 3.411627331942001
3.25 3.5 11 12 -84.24481535561722 3.001739955873088
3.25 3.5 12 13 -34.78529009626777 2.660216170450219
3.25 3.5 13 14 0.7610153032862854 2.37223298708264
3.25 3.5 14 15 26.32311594103567 2.126891972460598
3.25 3.5 15 16 44.63579347626967 1.915989105053456
3.25 3.5 16 17 57.62851675571574 1.733245831278208
3.25 3.5 17 18 66.68332497068388 1.573782704265334
3.25 3.5 18 19 72.8034485084595 1.433755343793299
3.25 3.5 19 20 76.7257408895523 1.310097517816154
3.25 3.5 20 21 78.99700502946325 1.200336501662998
3.25 3.5 21 22 80.02666770629457 1.10245819008943
3.25 3.5 22 23 80.12368119424298 1.014807082619965
3.25 3.5 23 24 79.52273130729247 0.9360111187438208
3.25 3.5 24 25 78.40308458087679 0.8649244875380775
3.25 3.5 25 26 76.90229725014677 0.8005836194767861
3.25 3.5 26 27 75.12629118564286 0.7421729674722146
3.25 3.5 27 28 73.15683037691497 0.6889981436231486
3.25 3.5 28 29 71.05711715902487 0.6404646421246784
3.25 3.5 29 30 68.87601454126207 0.5960608472541822
3.25 3.5 30 31 66.65125531721083 0.5553443589806026
3.25 3.5 31 32 64.41189744668168 0.5179309094278073
3.25 3.5 32 33 62.18021425164414 0.4834853188742342
3.25 3.5 33 34 59.97315766629583 0.4517140696438726
3.25 3.5 34 35 57.80349674630517 0.4223591725359907
3.25 3.5 35 36 55.68070759761127 0.3951930724400184
3.25 3.5 36 37 53.61167188068623 0.3700143951974154
3.25 3.5 37 38 51.60122712373817 0.3466443790631357
3.25 3.5 38 39 49.6526017021298 0.3249238667019917
3.25 3.5 39 40 47.76775962182356 0.3047107584182162
3.25 3.5 40 41 45.94767453459426 0.2858778467545096
3.25 3.5 41 42 44.19254787590958 0.2683109683745042
3.25 3.5 42 43 42.5019828398577 0.2519074202078964
3.25 3.5 43 44 40.87512327827503 0.2365745977628996
3.25 3.5 44 45 39.31076464527453 0.2222288200058409
3.25 3.5 45 46 37.8066344023523 0.2088873071021723
3.25 3.5 46 47 36.36257292791383 0.1968404046185938
3.25 3.5 47 48 34.9759842850489 0.186107657657574
3.25 3.5 48 49 33.64500375659271 0.1766551642382065
3.25 3.5 49 50 32.36751747848135 0.1681209870094164
3.5 3.75 0 1 65.24340266927317 1.802548931389257
3.5 3.75 1 2 -5106.502042776452 26.08683746084245
3.5 3.75 2 3 -4012.700947222269 17.68444595800564
3.5 3.75 3 4 -2555.656832371556 12.64940517156427
3.5 3.75 4 5 -1615.75847480788 9.56136736063374
3.5 3.75 5 6 -1030.347568560521 7.518596635757175
3.5 3.75 6 7 -659.350934736927 6.085084079577858
3.5 3.75 7 8 -418.7028003967639 5.033245738301932
3.5 3.75 8 9 -259.1551802801614 4.234473300685759
3.5 3.75 9 10 -151.3857352181103 3.611363740405495
3.5 3.75 10 11 -77.48881172984352 3.114010463367799
3.5 3.75 11 12 -26.14086182177334 2.710664366882387
3.5 3.75 12 13 9.516563195631079 2.377377328282461
3.5 3.75 13 14 34.18920591522169 2.099430249153357
3.5 3.75 14 15 51.34192313970129 1.864550025158328
3.5 3.75 15 16 63.02778679982987 1.664241253678743
3.5 3.75 16 17 70.76787695037797 1.491965083248318
3.5 3.75 17 18 75.63982922446496 1.342687611362365
3.5 3.75 18 19 78.41722834023142 1.212476323704318
3.5 3.75 19 20 79.66175766886261 1.098218787129824
3.5 3.75 20 21 79.78524961531571 0.9974226759507571
3.5 3.75 21 22 79.09217442572714 0.908071097390187
3.5 3.75 22 23 77.80918055460126 0.8285162567164833
3.5 3.75 23 24 76.10591829632637 0.7574001756931058
3.5 3.75 24 25 74.10990406119623 0.6935948075969515
3.5 3.75 25 26 71.9172522356198 0.6361562628883239
3.5 3.75 26 27 69.60050407257933 0.5842894373955144
3.5 3.75 27 28 67.21439278966068 0.5373204036894559
3.5 3.75 28 29 64.80012537108786 0.4946746613620494
3.5 3.75 29 30 62.38858744053448 0.4558598554939223
3.5 3.75 30 31 60.00275902039658 0.4204519355346417
3.5 3.75 31 32 57.65954708803187 0.3880839873524907
3.5 3.75 32 33 55.37118370213975 0.3584371593338916
3.5 3.75 33 34 53.14629817129847 0.3312332424756065
3.5 3.75 34 35 50.99074300983844 0.3062285655944224
3.5 3.75 35 36 48.90823276556529 0.2832089443784145
3.5 3.75 36 37 46.90083980576708 0.2619854794783248
3.5 3.75 37 38 44.96938021376465 0.2423910437586645
3.5 3.75 38 39 43.11371484171895 0.2242773314008138
3.5 3.75 39 40 41.3329845603557 0.2075123681070363
3.5 3.75 40 41 39.62579433496782 0.1919784014992315
3.5 3.75 41 42 37.9903572651972 0.1775701066301211
3.5 3.75 42 43 36.42460728469315 0.1641930539744456
3.5 3.75 43 44 34.92628723912897 0.151762397207375
3.5 3.75 44 45 33.49301754658354 0.1402017453035076
3.5 3.75 45 46 32.12167326671312 0.1295606341987823
3.5 3.75 46 47 30.81100568046854 0.120245690074133
3.5 3.75 47 48 29.55786753437989 0.1123302170975457
3.5 3.75 48 49 28.35982505289297 0.1058134898793652
3.5 3.75 49 50 27.21429656505313 0.1002619806768153
3.75 4 0 1 -437.226820250824 2.052533044719682
3.75 4 1 2 -4372.187777993749 29.98328809450993
3.75 4 2 3 -3046.793289349471 14.36946970327861
3.75 4 3 4 -1839.929707076247 8.593958954170386
3.75 4 4 5 -1111.713008614462 5.716201590728371
3.75 4 5 6 -676.2165614992334 4.048893000873407
3.75 4 6 7 -408.714089935517 2.988744098833232
3.75 4 7 8 -239.9769995667591 2.270631867036743
3.75 4 8 9 -131.0905502137882 1.761040310700033
3.75 4 9 10 -59.58506973863109 1.387402517065159
3.75 4 10 11 -12.14927918577678 1.107842857879208
3.75 4 11 12 19.50831145809082 0.8955908388000792
3.75 4 12 13 40.69111393048695 0.7071065941092017
3.75 4 13 14 54.60448338215781 0.5895349423855351
3.75 4 14 15 63.43429086717151 0.477949189845063
3.75 4 15 16 68.83040472994844 0.3919057220073096
3.75 4 16 17 71.77199491607331 0.3228511002625785
3.75 4 17 18 72.98142946745043 0.2677505060645133
3.75 4 18 19 72.96906911168116 0.232513998246168
3.75 4 19 20 72.09928171125932 0.215546477242034
3.75 4 20 21 70.63443136367141 0.2001827510969792
3.75 4 21 22 68.76469404132826 0.1862260077389082
3.75 4 22 23 66.62857932214143 0.1735091874363222
3.75 4 23 24 64.32725213366678 0.1618897103790933
3.75 4 24 25 61.93465306793408 0.1512452593613324
3.75 4 25 26 59.50473050347722 0.1414703865119452
3.75 4 26 27 57.07666122422995 0.1333946314898907
3.75 4 27 28 54.67865328445575 0.1358713809651181
3.75 4 28 29 52.3307387118605 0.1386473231986166
3.75 4 29 30 50.0468392215314 0.1414327647975203
3.75 4 30 31 47.83630399949058 0.1440528247586934
3.75 4 31 32 45.70506089577142 0.1464087253266801
3.75 4 32 33 43.65648237023606 0.1484507581083813
3.75 4 33 34 41.69203951788793 0.1501601750427315
3.75 4 34 35 39.81179765856641 0.1515373187873459
3.75 4 35 36 38.01479280054932 0.1525939340208562
3.75 4 36 37 36.29931807390534 0.1533482245269213
3.75 4 37 38 34.6631418227584 0.1538216983065647
3.75 4 38 39 33.10367360362902 0.1540371731149271
3.75 4 39 40 31.61809032573316 0.154017536120772
3.75 4 40 41 30.20343185095577 0.1537849920698975
3.75 4 41 42 28.856673071309 0.1533606290697409
3.75 4 42 43 27.57477788673091 0.1527641888959329
3.75 4 43 44 26.35473923702068 0.1520139691269494
3.75 4 44 45 25.1936083524441 0.1511268077882846
3.75 4 45 46 24.08801354548957 0.1501887116339841
3.75 4 46 47 23.03606028526887 0.1494580591924222
3.75 4 47 48 22.03457999965323 0.148948402112205
3.75 4 48 49 21.08102241653124 0.1486315984914191
3.75 4 49 50 20.1727687290429 0.148297084267165
4 5 0 1 -1208.433896794289 3.432739872243243
4 5 1 2 -4885.640280361888 9.481892139077372
4 5 2 3 -2795.101373660657 6.091914287719591
4 5 3 4 -1463.395650237 4.360326287173477
4 5 4 5 -758.6233479310101 3.211930692045915
4 5 5 6 -379.9206551195132 2.444299920905741
4 5 6 7 -168.0500526864366 1.954842293530498
4 5 7 8 -46.1352887985704 1.620677869946946
4 5 8 9 25.0315507280875 1.371369095305607
4 5 9 10 66.53772615639889 1.175032529822434
4 5 10 11 90.1825685253757 1.020293049853663
4 5 11 12 102.8655823637029 0.8962538404977854
4 5 12 13 108.7284229269667 0.7927986848890657
4 5 13 14 110.2973183061848 0.7039770862312678
4 5 14 15 109.1606692502529 0.6288415138559028
4 5 15 16 106.3438220190067 0.5653175019434813
4 5 16 17 102.5182803526356 0.5107041381897544
4 5 17 18 98.12335969583927 0.462797269038529
4 5 18 19 93.44631325966299 0.4203829535476305
4 5 19 20 88.67572259655049 0.3828192822537949
4 5 20 21 83.93553058339364 0.3495602306407918
4 5 21 22 79.30623183101551 0.3200122260374932
4 5 22 23 74.83847380271334 0.2936005036811086
4 5 23 24 70.56229275362097 0.2698477082438486
4 5 24 25 66.49361174653038 0.2483905023371608
4 5 25 26 62.63881985540473 0.2289521942075791
4 5 26 27 58.99795013238219 0.2113079682084901
4 5 27 28 55.56685592856769 0.1952621534727065
4 5 28 29 52.33869784316659 0.1806390155298188
4 5 29 30 49.3049673414239 0.1672811471269418
4 5 30 31 46.4561987109891 0.155049877347201
4 5 31 32 43.78246689839328 0.1438249197411461
4 5 32 33 41.27373416097569 0.1335027462201151
4 5 33 34 38.92008777168536 0.1239941939294802
4 5 34 35 36.71189860501994 0.11522195710814
4 5 35 36 34.63992245042651 0.1071183864324733
4 5 36 37 32.6953603060097 0.09962375025590438
4 5 37 38 30.86988970974015 0.09268493648213647
4 5 38 39 29.15567594310559 0.08625449764191936
4 5 39 40 27.5453694860768 0.08028993114972134
4 5 40 41 26.03209432990634 0.07475311150258296
4 5 41 42 24.60943035307977 0.06960981611985417
4 5 42 43 23.27139205918666 0.06482931386031743
4 5 43 44 22.01240530544967 0.06038399830051239
4 5 44 45 20.82728311350033 0.05624905918968979
4 5 45 46 19.71070484091553 0.05283249464213292
4 5 46 47 18.65882755767566 0.05169383596659735
4 5 47 48 17.66702715099468 0.05286014548169027
4 5 48 49 16.73147327274379 0.05623398059273342
4 5 49 50 15.84819684121247 0.06088144481520048
-5 5 0 50 -551461.279905276 98.4035460648356
