#ylo yhi qTlo qThi PDF0  uncertainty
-5 -4 0 1 -1206.048494109127 3.802869531083923
-5 -4 1 2 -4880.550838787603 10.69312390097009
-5 -4 2 3 -2797.731615374573 6.811834503721089
-5 -4 3 4 -1465.101275800104 4.823166064278561
-5 -4 4 5 -758.904947712871 3.520135734622202
-5 -4 5 6 -379.371635199685 2.670811513120791
-5 -4 6 7 -167.0826899967108 2.130583064113869
-5 -4 7 8 -44.99273072174879 1.761997193775733
-5 -4 8 9 26.22395100410472 1.488469522814032
-5 -4 9 10 67.71480347325041 1.274293049801924
-5 -4 10 11 91.31355731735687 1.105707277916654
-5 -4 11 12 103.9367622378057 0.9705916190831051
-5 -4 12 13 109.7347179871556 0.858011241129222
-5 -4 13 14 111.2383445543358 0.7614845407768441
-5 -4 14 15 110.0386634105003 0.6798604627942905
-5 -4 15 16 107.1622286485305 0.610842913240034
-5 -4 16 17 103.2810217655984 0.551526305393264
-5 -4 17 18 98.83447983179843 0.4995444728170621
-5 -4 18 19 94.10979638616311 0.4535755133639323
-5 -4 19 20 89.29538054424285 0.4129030442050469
-5 -4 20 21 84.51493182980454 0.3769198812629693
-5 -4 21 22 79.8486676969317 0.3449770550940284
-5 -4 22 23 75.34695320050216 0.3164508903026352
-5 -4 23 24 71.03955357832857 0.2908233976116781
-5 -4 24 25 66.94213937870524 0.2676986573604458
-5 -4 25 26 63.06086758088023 0.2467737283984791
-5 -4 26 27 59.3955594548836 0.2278020004041437
-5 -4 27 28 55.94187618086718 0.2105691385368831
-5 -4 28 29 52.69280487462481 0.1948831572647185
-5 -4 29 30 49.63968107603358 0.1805724676731122
-5 -4 30 31 46.77289937444525 0.1674860854945168
-5 -4 31 32 44.08240978171993 0.1554930927159122
-5 -4 32 33 41.55806288717895 0.1444808033832359
-5 -4 33 34 39.18984611582925 0.1343521545850107
-5 -4 34 35 36.96804097474816 0.1250229944834255
-5 -4 35 36 34.88332315690839 0.1164197061473969
-5 -4 36 37 32.92682176020877 0.1084773254519463
-5 -4 37 38 31.09014967114683 0.1011381287162867
-5 -4 38 39 29.36541393443896 0.09435058742449297
-5 -4 39 40 27.74521247652475 0.08806857544873267
-5 -4 40 41 26.22262177461747 0.08225073987161637
-5 -4 41 42 24.79117866791399 0.07685997416566073
-5 -4 42 43 23.44485859879249 0.07186295920275443
-5 -4 43 44 22.17805190544399 0.06722975406842922
-5 -4 44 45 20.98553924914713 0.0629334262753148
-5 -4 45 46 19.86197078425894 0.05939583100070569
-5 -4 46 47 18.80348349757678 0.05821791516321317
-5 -4 47 48 17.8054279929224 0.05954049337537522
-5 -4 48 49 16.86395042225703 0.0634970069964727
-5 -4 49 50 15.97506854793412 0.06779142398764311
-4 -3.75 0 1 -428.5592456342929 2.030299793153953
-4 -3.75 1 2 -4351.178853478309 29.89977438393507
-4 -3.75 2 3 -3034.71128941579 14.40340664584295
-4 -3.75 3 4 -1832.932208301064 8.644488149984712
-4 -3.75 4 5 -1107.530772374708 5.766554906211842
-4 -3.75 5 6 -673.638999440499 4.095359559393859
-4 -3.75 6 7 -407.0999857491081 3.030697565871294
-4 -3.75 7 8 -238.9650644103599 2.308276612048897
-4 -3.75 8 9 -130.4683914362729 1.794806627788363
-4 -3.75 9 10 -59.22284269668216 1.417687546591793
-4 -3.75 10 11 -11.97022172783181 1.134051481936956
-4 -3.75 11 12 19.36039728092362 0.9144888160943216
-4 -3.75 12 13 40.69600064622807 0.735203084733151
-4 -3.75 13 14 54.70581841494914 0.6095110728864024
-4 -3.75 14 15 63.303315144718 0.4951056442084862
-4 -3.75 15 16 68.66747726973369 0.4068558042722009
-4 -3.75 16 17 71.58637922887118 0.3355920797982093
-4 -3.75 17 18 72.78001491132454 0.2782211618764687
-4 -3.75 18 19 72.75703722071177 0.2324844195544281
-4 -3.75 19 20 71.88056160094021 0.2127073827444116
-4 -3.75 20 21 70.41201821410613 0.1975732802156055
-4 -3.75 21 22 68.54087668907323 0.1838231847704338
-4 -3.75 22 23 66.4051061503468 0.1712929587562153
-4 -3.75 23 24 64.10545414646197 0.1598424913022727
-4 -3.75 24 25 61.71553661919137 0.1493515629593611
-4 -3.75 25 26 59.28904808880165 0.1397165177081019
-4 -3.75 26 27 56.86496612618095 0.1308475677438808
-4 -3.75 27 28 54.47134213773975 0.1282668346042178
-4 -3.75 28 29 52.12808490253849 0.1308804804848424
-4 -3.75 29 30 49.84901924590079 0.1336490473834294
-4 -3.75 30 31 47.64341835897841 0.1363489103068856
-4 -3.75 31 32 45.51715071498285 0.1388472863209373
-4 -3.75 32 33 43.47354264320026 0.1410712045105602
-4 -3.75 33 34 41.51402968119183 0.1429861428324651
-4 -3.75 34 35 39.63865003461645 0.1445817875261477
-4 -3.75 35 36 37.84641933926639 0.1458627005565725
-4 -3.75 36 37 36.13561572937199 0.1468422606875332
-4 -3.75 37 38 34.5039968341261 0.1475387570177338
-4 -3.75 38 39 32.94896489421043 0.1479728878007316
-4 -3.75 39 40 31.46769219267497 0.1481661768854763
-4 -3.75 40 41 30.05721608277929 0.1481399881099633
-4 -3.75 41 42 28.71451060574299 0.1479149302284014
-4 -3.75 42 43 27.43654009748276 0.1475105162945418
-4 -3.75 43 44 26.22029892320887 0.1469449880262589
-4 -3.75 44 45 25.06284048859757 0.1462352461529771
-4 -3.75 45 46 23.96079729581632 0.1454683236333194
-4 -3.75 46 47 22.91227810935255 0.1449055075629683
-4 -3.75 47 48 21.91411895947297 0.1445599796541087
-4 -3.75 48 49 20.96377292956357 0.1444029331479796
-4 -3.75 49 50 20.0586284983745 0.1442212718655776
-3.75 -3.5 0 1 71.81866390032775 1.784428233317456
-3.75 -3.5 1 2 -5083.635640263228 25.61932918609665
-3.75 -3.5 2 3 -3998.997080643101 17.42587971270643
-3.75 -3.5 3 4 -2547.358461710222 12.48145300678952
-3.75 -3.5 4 5 -1610.501675287152 9.44250171751559
-3.75 -3.5 5 6 -1026.89498387721 7.429890794779217
-3.75 -3.5 6 7 -657.0201929194097 6.016466566700658
-3.75 -3.5 7 8 -417.0961560391161 4.978781374397715
-3.75 -3.5 8 9 -258.0311646735561 4.190399794257212
-3.75 -3.5 9 10 -150.5927644870253 3.575164826199105
-3.75 -3.5 10 11 -76.92895516489443 3.08392444136607
-3.75 -3.5 11 12 -25.75022638040241 2.685449608057617
-3.75 -3.5 12 13 9.783553917724703 2.356047716337542
-3.75 -3.5 13 14 34.36548107097178 2.081309681532636
-3.75 -3.5 14 15 51.44915026296212 1.849076171411377
-3.75 -3.5 15 16 63.08263064683899 1.650980329384543
-3.75 -3.5 16 17 70.78281434110795 1.480570967512734
-3.75 -3.5 17 18 75.62434290566569 1.332880624717316
-3.75 -3.5 18 19 78.37861296207518 1.204027943064868
-3.75 -3.5 19 20 79.60567724748034 1.090940430883046
-3.75 -3.5 20 21 79.71613232808545 0.99115733845284
-3.75 -3.5 21 22 79.01349851172432 0.9026870163635572
-3.75 -3.5 22 23 77.72368561776858 0.8239020552907718
-3.75 -3.5 23 24 76.01576431760242 0.7534610905685749
-3.75 -3.5 24 25 74.01679293358023 0.6902497285190801
-3.75 -3.5 25 26 71.82252187318318 0.6333353853230526
-3.75 -3.5 26 27 69.50520206855629 0.5819323844240634
-3.75 -3.5 27 28 67.1193345672587 0.5353747105667672
-3.75 -3.5 28 29 64.70594040723194 0.4930945430529438
-3.75 -3.5 29 30 62.29575620453963 0.4546051971353731
-3.75 -3.5 30 31 59.91164261198409 0.4194874599535107
-3.75 -3.5 31 32 57.57041108931421 0.3873785640268202
-3.75 -3.5 32 33 55.28421741326372 0.3579632276514699
-3.75 -3.5 33 34 53.06163014488163 0.3309663274320304
-3.75 -3.5 34 35 50.90845360613227 0.3061468692179621
-3.75 -3.5 35 36 48.82836430095517 0.2832929988680513
-3.75 -3.5 36 37 46.82340475508553 0.2622178518605883
-3.75 -3.5 37 38 44.8943678345926 0.2427560827281004
-3.75 -3.5 38 39 43.04109651626231 0.2247609494259147
-3.75 -3.5 39 40 41.26271809926345 0.2081018532330636
-3.75 -3.5 40 41 39.5578274347739 0.1926622536091056
-3.75 -3.5 41 42 37.92463027970457 0.1783378945303749
-3.75 -3.5 42 43 36.36105543900996 0.1650352898363226
-3.75 -3.5 43 44 34.86484239085731 0.1526704255143485
-3.75 -3.5 44 45 33.43360957999117 0.1411676440433356
-3.75 -3.5 45 46 32.06423285485674 0.130574172194419
-3.75 -3.5 46 47 30.75546233893209 0.1212849672249874
-3.75 -3.5 47 48 29.5041529282467 0.1133696335466536
-3.75 -3.5 48 49 28.30787183389727 0.106826214684841
-3.75 -3.5 49 50 27.16404145072116 0.1012312913733452
-3.5 -3.25 0 1 736.7684144346838 0.4589579592099928
-3.5 -3.25 1 2 -5287.758609201111 19.09606680875192
-3.5 -3.25 2 3 -4675.979456474017 15.60824985866935
-3.5 -3.25 3 4 -3107.473410662929 11.90144681479615
-3.5 -3.25 4 5 -2031.496506953209 9.332439152369071
-3.5 -3.25 5 6 -1338.653143714421 7.529324125277247
-3.5 -3.25 6 7 -888.6834646930797 6.216374160057847
-3.5 -3.25 7 8 -590.5600012216046 5.227405107997788
-3.5 -3.25 8 9 -388.8800218496158 4.461178405436059
-3.5 -3.25 9 10 -249.8471453092334 3.853432084479184
-3.5 -3.25 10 11 -152.4639941599903 3.362118721743356
-3.5 -3.25 11 12 -83.47263782670097 2.958257165007556
-3.5 -3.25 12 13 -34.16745214256525 2.621737096131673
-3.5 -3.25 13 14 1.260700461178203 2.337980084335587
-3.5 -3.25 14 15 26.7299146052485 2.096234187371085
-3.5 -3.25 15 16 44.96885080210143 1.888417632087124
-3.5 -3.25 16 17 57.90259988950095 1.708345239912751
-3.5 -3.25 17 18 66.90999084968269 1.551210006232504
-3.5 -3.25 18 19 72.99184611511066 1.41322453790136
-3.5 -3.25 19 20 76.88317696582612 1.291367991846231
-3.5 -3.25 20 21 79.12935341365846 1.183204200455535
-3.5 -3.25 21 22 80.13867276500866 1.086748800932001
-3.5 -3.25 22 23 80.2191876600566 1.000370713796294
-3.5 -3.25 23 24 79.60486161758803 0.9227180984975557
-3.5 -3.25 24 25 78.47437780643656 0.8526620145436992
-3.5 -3.25 25 26 76.96481926526047 0.7892530674532727
-3.5 -3.25 26 27 75.18172285991557 0.7316876980843616
-3.5 -3.25 27 28 73.20653868314332 0.6792817178245346
-3.5 -3.25 28 29 71.10221281139832 0.6314493469013502
-3.5 -3.25 29 30 68.91739889903982 0.587686473807567
-3.5 -3.25 30 31 66.68965865704109 0.5475571834170763
-3.5 -3.25 31 32 64.44791025157065 0.5106828370428957
-3.5 -3.25 32 33 62.21431282293599 0.4767331622245362
-3.5 -3.25 33 34 60.0057251034707 0.4454189361554025
-3.5 -3.25 34 35 57.83484013933153 0.4164859424905207
-3.5 -3.25 35 36 55.71107211603507 0.3897099522147887
-3.5 -3.25 36 37 53.64125231844977 0.364892533036812
-3.5 -3.25 37 38 51.63017735555889 0.3418575334747266
-3.5 -3.25 38 39 49.68104242640189 0.3204481190208065
-3.5 -3.25 39 40 47.79578469563214 0.3005242629059067
-3.5 -3.25 40 41 45.97535615411505 0.2819606125216582
-3.5 -3.25 41 42 44.21994080855092 0.2646446683938077
-3.5 -3.25 42 43 42.52912787901303 0.2484752236593055
-3.5 -3.25 43 44 40.9020500595314 0.2333610223021435
-3.5 -3.25 44 45 39.33749394032904 0.219219601366415
-3.5 -3.25 45 46 37.83318164994979 0.206069120158253
-3.5 -3.25 46 47 36.38894626021968 0.1942004157021598
-3.5 -3.25 47 48 35.00218916864777 0.183634216653342
-3.5 -3.25 48 49 33.67104230437491 0.1743379561681792
-3.5 -3.25 49 50 32.39339101885218 0.1659509279038404
-3.25 -3 0 1 1450.534066537566 1.33244031521874
-3.25 -3 1 2 -5111.079270594237 8.634351048056049
-3.25 -3 2 3 -5087.277777738873 9.699866095395762
-3.25 -3 3 4 -3503.534680932108 8.014413166276041
-3.25 -3 4 5 -2351.741641866814 6.555624432652849
-3.25 -3 5 6 -1588.520909029186 5.440497344929012
-3.25 -3 6 7 -1082.71165495901 4.588439365516814
-3.25 -3 7 8 -741.8496464932941 3.925547818174006
-3.25 -3 8 9 -507.6045106188624 3.399635340464899
-3.25 -3 9 10 -343.6604191741189 2.974421461229667
-3.25 -3 10 11 -227.0814226567124 2.625259509371503
-3.25 -3 11 12 -143.0450645331423 2.334631088638475
-3.25 -3 12 13 -81.8897238969314 2.089588016809991
-3.25 -3 13 14 -37.05475454731004 1.880841230802824
-3.25 -3 14 15 -4.04699968097998 1.701353383399343
-3.25 -3 15 16 20.27743712560755 1.545750532727178
-3.25 -3 16 17 38.15551620129577 1.40986592753446
-3.25 -3 17 18 51.20288982094496 1.290424155009323
-3.25 -3 18 19 60.6021159077103 1.184818364976746
-3.25 -3 19 20 67.2290516178407 1.090950410414554
-3.25 -3 20 21 71.73923176081507 1.007114299369648
-3.25 -3 21 22 74.62785842562573 0.9319099745235879
-3.25 -3 22 23 76.27208267963931 0.8641786679269735
-3.25 -3 23 24 76.96121020212547 0.8029538305464695
-3.25 -3 24 25 76.91854806759204 0.7474234586881935
-3.25 -3 25 26 76.31738546829109 0.696900864962527
-3.25 -3 26 27 75.29280531250549 0.650801779792349
-3.25 -3 27 28 73.95049779402751 0.6086262502596981
-3.25 -3 28 29 72.37339470219797 0.5699442102076251
-3.25 -3 29 30 70.62670361155324 0.5343838876342403
-3.25 -3 30 31 68.76175631934882 0.5016224228909119
-3.25 -3 31 32 66.81897096166642 0.4713782242343678
-3.25 -3 32 33 64.83014630975038 0.4434046991842415
-3.25 -3 33 34 62.82024913473771 0.417485082984359
-3.25 -3 34 35 60.80881409629683 0.393428148055852
-3.25 -3 35 36 58.81104554106128 0.3710646253968623
-3.25 -3 36 37 56.83868858208027 0.3502442046364521
-3.25 -3 37 38 54.90072062613856 0.3308330075089272
-3.25 -3 38 39 53.003902409674 0.3127114498253149
-3.25 -3 39 40 51.15321855488622 0.2957724255337846
-3.25 -3 40 41 49.35223093522848 0.2799197566828399
-3.25 -3 41 42 47.60336278852037 0.2650668667099562
-3.25 -3 42 43 45.90812775629243 0.2511356394334914
-3.25 -3 43 44 44.26731488173067 0.2380554355187371
-3.25 -3 44 45 42.68113827847361 0.2257622405863238
-3.25 -3 45 46 41.14846035731478 0.2143014174363078
-3.25 -3 46 47 39.67036287475034 0.2040144075023055
-3.25 -3 47 48 38.24507308783899 0.1949321133844779
-3.25 -3 48 49 36.87151665993235 0.187022976915908
-3.25 -3 49 50 35.54826649933429 0.179894748711507
-3 -2.75 0 1 2130.504692326676 2.179893943668334
-3 -2.75 1 2 -4744.316694983798 3.645596084995378
-3 -2.75 2 3 -5313.975238359877 5.667411534081372
-3 -2.75 3 4 -3768.561967897745 4.949914074454202
-3 -2.75 4 5 -2581.724875818984 4.158786886909597
-3 -2.75 5 6 -1776.277144346019 3.511009201823221
-3 -2.75 6 7 -1233.815886661455 2.998449324878258
-3 -2.75 7 8 -863.4054130596683 2.590663050128744
-3 -2.75 8 9 -605.8259910542665 2.261937894970771
-3 -2.75 9 10 -423.4768647737524 1.993000681065275
-3 -2.75 10 11 -292.2877794268088 1.769319927751303
-3 -2.75 11 12 -196.6375984059182 1.582182160107132
-3 -2.75 12 13 -126.1362480832622 1.423033608747579
-3 -2.75 13 14 -73.732010156152 1.286588979506788
-3 -2.75 14 15 -34.54903847238097 1.168599005525552
-3 -2.75 15 16 -5.152452712665308 1.065783631172174
-3 -2.75 16 17 16.91767798088313 0.975576180201799
-3 -2.75 17 18 33.44932758105892 0.8959429020702238
-3 -2.75 18 19 45.75939384035473 0.8252537669879394
-3 -2.75 19 20 54.82935478252614 0.7621885872217879
-3 -2.75 20 21 61.3984614371642 0.7056678426479783
-3 -2.75 21 22 66.02877917149078 0.6548010355712335
-3 -2.75 22 23 69.15124615549109 0.6088476549340225
-3 -2.75 23 24 71.09872708884609 0.5671873327621841
-3 -2.75 24 25 72.13002623139823 0.5292967837041526
-3 -2.75 25 26 72.44752949629981 0.4947318095021603
-3 -2.75 26 27 72.21030039630875 0.4631131256050353
-3 -2.75 27 28 71.54389404814282 0.4341151021947002
-3 -2.75 28 29 70.54777638316392 0.4074567481647348
-3 -2.75 29 30 69.3009783270536 0.382894437687926
-3 -2.75 30 31 67.86643711291003 0.3602160000567838
-3 -2.75 31 32 66.29435259787732 0.339235887148425
-3 -2.75 32 33 64.62479863888046 0.3197911957415616
-3 -2.75 33 34 62.88976688533916 0.3017383764416283
-3 -2.75 34 35 61.11477509946781 0.2849504937954561
-3 -2.75 35 36 59.32013919793275 0.2693149349015098
-3 -2.75 36 37 57.52198401064237 0.2547314827570623
-3 -2.75 37 38 55.73304991483104 0.2411106897893019
-3 -2.75 38 39 53.96333911586493 0.2283724974261009
-3 -2.75 39 40 52.22063531805813 0.2164450611062902
-3 -2.75 40 41 50.51092306187286 0.205263745006289
-3 -2.75 41 42 48.83872703054345 0.1947702593084079
-3 -2.75 42 43 47.20738743460819 0.1849119173050059
-3 -2.75 43 44 45.61928404476384 0.1756409928680299
-3 -2.75 44 45 44.07601883997694 0.1669141633891454
-3 -2.75 45 46 42.57760474952303 0.1588471220642228
-3 -2.75 46 47 41.12631075275218 0.1519935917041865
-3 -2.75 47 48 39.72123105200771 0.1464327731597051
-3 -2.75 48 49 38.36210711651225 0.1421384932640709
-3 -2.75 49 50 37.04823068734368 0.1385431786044531
-2.75 -2.5 0 1 2750.536066151754 2.578253732168132
-2.75 -2.5 1 2 -4305.832430081836 1.105770052144008
-2.75 -2.5 2 3 -5427.849313530318 2.447897266758526
-2.75 -2.5 3 4 -3943.825945513222 2.47425341384512
-2.75 -2.5 4 5 -2745.015143215391 2.219564900072816
-2.75 -2.5 5 6 -1915.042075166618 1.952842146441508
-2.75 -2.5 6 7 -1348.823886493957 1.71862980429926
-2.75 -2.5 7 8 -958.1974966080093 1.52015456489691
-2.75 -2.5 8 9 -684.073952996011 1.353330003959014
-2.75 -2.5 9 10 -488.3408100407805 1.212290809834507
-2.75 -2.5 10 11 -346.3003374495031 1.091923099949959
-2.75 -2.5 11 12 -241.8536084182886 0.9887245931453086
-2.75 -2.5 12 13 -164.1670024103723 0.899459365956257
-2.75 -2.5 13 14 -105.8599114574708 0.8216827365184539
-2.75 -2.5 14 15 -61.79752496887977 0.7534596044974757
-2.75 -2.5 15 16 -28.34338038091073 0.6932474079034872
-2.75 -2.5 16 17 -2.880065807884876 0.6398062762393624
-2.75 -2.5 17 18 16.50411935965508 0.5921310447869959
-2.75 -2.5 18 19 31.22392000826699 0.5493999128263504
-2.75 -2.5 19 20 42.33872699352969 0.5109355258045357
-2.75 -2.5 20 21 50.65025549532095 0.4761752841489533
-2.75 -2.5 21 22 56.77098178181279 0.4446485160123397
-2.75 -2.5 22 23 61.17278555775647 0.4159587838805545
-2.75 -2.5 23 24 64.22198245715254 0.3897700571479665
-2.75 -2.5 24 25 66.20486276540851 0.3657958176500705
-2.75 -2.5 25 26 67.34651800675908 0.3437904098100343
-2.75 -2.5 26 27 67.82486278886404 0.3235421197173771
-2.75 -2.5 27 28 67.78117737941238 0.3048675991495097
-2.75 -2.5 28 29 67.32810388611517 0.2876073417301368
-2.75 -2.5 29 30 66.55576014021494 0.2716219889947604
-2.75 -2.5 30 31 65.53644941479178 0.2567892956951933
-2.75 -2.5 31 32 64.32831361228307 0.2430016223372073
-2.75 -2.5 32 33 62.97818512193572 0.230163851373362
-2.75 -2.5 33 34 61.52382638565018 0.2181916472304921
-2.75 -2.5 34 35 59.99569834859284 0.2070099954942442
-2.75 -2.5 35 36 58.41836406509003 0.1965519711140636
-2.75 -2.5 36 37 56.81160801305941 0.1867576951083322
-2.75 -2.5 37 38 55.19133266333165 0.1775734470978451
-2.75 -2.5 38 39 53.57027955737408 0.1689509070433602
-2.75 -2.5 39 40 51.95861141459369 0.1608465057060989
-2.75 -2.5 40 41 50.36438377482511 0.1532208653727318
-2.75 -2.5 41 42 48.7939282648988 0.1460383169558772
-2.75 -2.5 42 43 47.25216505778377 0.1392664818456036
-2.75 -2.5 43 44 45.74285826093794 0.1328759083641689
-2.75 -2.5 44 45 44.26882516963306 0.1268397550251031
-2.75 -2.5 45 46 42.83110281061178 0.1213551670160882
-2.75 -2.5 46 47 41.43299067635223 0.1172350068818991
-2.75 -2.5 47 48 40.07436856894239 0.1145930900574934
-2.75 -2.5 48 49 38.75571182920464 0.1133735079752839
-2.75 -2.5 49 50 37.47696304254862 0.1127689323991485
-2.5 -2.25 0 1 3309.557931791847 1.852273141325974
-2.5 -2.25 1 2 -3864.640407155592 0.9634422869457532
-2.5 -2.25 2 3 -5483.643862143278 1.692994573131029
-2.5 -2.25 3 4 -4064.221351921865 1.559135713129745
-2.5 -2.25 4 5 -2863.572292396838 1.374688429831707
-2.5 -2.25 5 6 -2018.746499002124 1.246300310212648
-2.5 -2.25 6 7 -1436.603201132245 1.12195271210599
-2.5 -2.25 7 8 -1031.823526422 1.010122641729605
-2.5 -2.25 8 9 -745.7957035160875 0.9125351043079656
-2.5 -2.25 9 10 -540.2316707772206 0.827506608099237
-2.5 -2.25 10 11 -390.0966130162003 0.7528536031685006
-2.5 -2.25 11 12 -278.989372090999 0.6876751258765268
-2.5 -2.25 12 13 -195.7986369579805 0.6303367266375358
-2.5 -2.25 13 14 -132.921136073245 0.5796516810168937
-2.5 -2.25 14 15 -85.04396329644464 0.5346328469188568
-2.5 -2.25 15 16 -48.38913788281752 0.4944622488791769
-2.5 -2.25 16 17 -20.22681304255025 0.4584614184544075
-2.5 -2.25 17 18 1.444311110603394 0.4260656941808372
-2.5 -2.25 18 19 18.11071101450875 0.396802980943615
-2.5 -2.25 19 20 30.8895122745231 0.3702765533480937
-2.5 -2.25 20 21 40.62916085709855 0.3461512494726075
-2.5 -2.25 21 22 47.98017067152443 0.3241424132462185
-2.5 -2.25 22 23 53.44555393808662 0.304007026531456
-2.5 -2.25 23 24 57.41724272271722 0.285536577558921
-2.5 -2.25 24 25 60.20271219097265 0.2685513012499777
-2.5 -2.25 25 26 62.04465864214706 0.2528955056696966
-2.5 -2.25 26 27 63.1356936218607 0.2384337612351966
-2.5 -2.25 27 28 63.6294203172007 0.2250477771936796
-2.5 -2.25 28 29 63.64885598842625 0.2126338276529215
-2.5 -2.25 29 30 63.29288804936419 0.201100621718409
-2.5 -2.25 30 31 62.64125993702447 0.1903675293582075
-2.5 -2.25 31 32 61.75844825788846 0.1803630994172732
-2.5 -2.25 32 33 60.69669714381757 0.171023814347945
-2.5 -2.25 33 34 59.49840720526458 0.1622930395775853
-2.5 -2.25 34 35 58.19802679546632 0.1541201331727735
-2.5 -2.25 35 36 56.82355700028671 0.1464596889684124
-2.5 -2.25 36 37 55.39775497941429 0.1392708897877556
-2.5 -2.25 37 38 53.9391004348268 0.1325169528673667
-2.5 -2.25 38 39 52.46257505112874 0.126164653493341
-2.5 -2.25 39 40 50.9802934946747 0.1201839128840848
-2.5 -2.25 40 41 49.50201615960378 0.114547441994054
-2.5 -2.25 41 42 48.0355670873775 0.1092304320092167
-2.5 -2.25 42 43 46.58717574447849 0.1042102841812256
-2.5 -2.25 43 44 45.16175727836506 0.0994663746936341
-2.5 -2.25 44 45 43.7631429265887 0.09497984726540833
-2.5 -2.25 45 46 42.39322879423497 0.09105229350114179
-2.5 -2.25 46 47 41.05617483161501 0.08886164549210591
-2.5 -2.25 47 48 39.7525254527699 0.08854417140407353
-2.5 -2.25 48 49 38.48337723558896 0.0899525971240024
-2.5 -2.25 49 50 37.24922512931073 0.0931450265126732
-2.25 -2 0 1 3815.33299249324 1.058978263735175
-2.25 -2 1 2 -3455.616334702775 0.8765635714371096
-2.25 -2 2 3 -5531.273763066783 1.662126086850212
-2.25 -2 3 4 -4171.558084793681 1.536088038038684
-2.25 -2 4 5 -2967.836198851107 1.353707000752149
-2.25 -2 5 6 -2108.110732598378 1.192701980664675
-2.25 -2 6 7 -1510.669262407963 1.057901650449197
-2.25 -2 7 8 -1092.700018544263 0.9446665151344139
-2.25 -2 8 9 -795.8545822462752 0.8499389925054865
-2.25 -2 9 10 -581.5438336573811 0.7676389337933048
-2.25 -2 10 11 -424.3394839528078 0.6976531065964175
-2.25 -2 11 12 -307.5098245101847 0.636581280331571
-2.25 -2 12 13 -219.659556944624 0.5831062708711663
-2.25 -2 13 14 -152.9654147184815 0.5359706438586412
-2.25 -2 14 15 -101.9433502315603 0.4941740145728155
-2.25 -2 15 16 -62.6823426221265 0.4569115004010602
-2.25 -2 16 17 -32.34872058214114 0.423528813595642
-2.25 -2 17 18 -8.859674963520092 0.3934890624383393
-2.25 -2 18 19 9.335696775340239 0.3663478798444871
-2.25 -2 19 20 23.40580030017713 0.3417345603878467
-2.25 -2 20 21 34.24017867562065 0.3193375861308613
-2.25 -2 21 22 42.52249899023798 0.2988934086839834
-2.25 -2 22 23 48.78268484239459 0.2801776640729844
-2.25 -2 23 24 53.43464079200908 0.2629982350545489
-2.25 -2 24 25 56.80388022937404 0.2471897253906472
-2.25 -2 25 26 59.14798364998421 0.2326090241229063
-2.25 -2 26 27 60.67190305099348 0.2191317177122256
-2.25 -2 27 28 61.53951891877648 0.2066491704638555
-2.25 -2 28 29 61.88244357205213 0.1950661303186981
-2.25 -2 29 30 61.80678099295426 0.1842987553294601
-2.25 -2 30 31 61.39835630980048 0.1742729770691234
-2.25 -2 31 32 60.72678938831962 0.1649231355465388
-2.25 -2 32 33 59.84868840254626 0.1561908353743442
-2.25 -2 33 34 58.81016845026789 0.148023981776356
-2.25 -2 34 35 57.64884888993129 0.1403759657700635
-2.25 -2 35 36 56.39544548111564 0.1332049706178
-2.25 -2 36 37 55.07504561335332 0.1264733811025096
-2.25 -2 37 38 53.70813430631813 0.1201472763230591
-2.25 -2 38 39 52.31142312751717 0.1141959941379428
-2.25 -2 39 40 50.89852245461464 0.1085917558957725
-2.25 -2 40 41 49.48048875215949 0.1033093392285959
-2.25 -2 41 42 48.06627147354561 0.0983257973274267
-2.25 -2 42 43 46.66307924476135 0.09362021081568861
-2.25 -2 43 44 45.27668072878944 0.08917347317046652
-2.25 -2 44 45 43.91165248505112 0.08496810203639706
-2.25 -2 45 46 42.57050687593352 0.08164637835910925
-2.25 -2 46 47 41.25804327745089 0.08160678098410942
-2.25 -2 47 48 39.97527128338163 0.08491191385401567
-2.25 -2 48 49 38.72372742190691 0.09093906507894653
-2.25 -2 49 50 37.50429319736674 0.09731235783177038
-2 -1.75 0 1 4290.349207941241 1.075907389810475
-2 -1.75 1 2 -3049.843198702289 2.554341986722168
-2 -1.75 2 3 -5540.832724860828 2.789566922521914
-2 -1.75 3 4 -4246.911989595463 2.328715617735574
-2 -1.75 4 5 -3051.655105030393 1.934257531410417
-2 -1.75 5 6 -2186.363843718033 1.632146477080278
-2 -1.75 6 7 -1580.048358237269 1.399708338762045
-2 -1.75 7 8 -1153.063851457783 1.21711624401372
-2 -1.75 8 9 -848.0369783735814 1.07033563364355
-2 -1.75 9 10 -626.6107373077884 0.9507427707867897
-2 -1.75 10 11 -463.3016796316556 0.8507154738830179
-2 -1.75 11 12 -341.2914257155282 0.7664551270041855
-2 -1.75 12 13 -249.0458518602538 0.6944790978205538
-2 -1.75 13 14 -178.6182808207416 0.6323585846727325
-2 -1.75 14 15 -124.416771392064 0.5782636252304719
-2 -1.75 15 16 -82.43912871504199 0.5307896090531226
-2 -1.75 16 17 -49.77585173461011 0.4888404564127554
-2 -1.75 17 18 -24.28149731900021 0.4515482139526615
-2 -1.75 18 19 -4.353535400028477 0.4182165531002831
-2 -1.75 19 20 11.21902190824699 0.3882802945043386
-2 -1.75 20 21 23.36091572239434 0.3612758943762797
-2 -1.75 21 22 32.78499599597194 0.3368195765694619
-2 -1.75 22 23 40.045466899845 0.3145908901895921
-2 -1.75 23 24 45.57651027524059 0.2943201807112858
-2 -1.75 24 25 49.7206381910994 0.2757789284032823
-2 -1.75 25 26 52.74973561044862 0.2587722134412297
-2 -1.75 26 27 54.88083691775057 0.2431327805862786
-2 -1.75 27 28 56.28806539675293 0.2287163199980129
-2 -1.75 28 29 57.11174746077108 0.2153976823112542
-2 -1.75 29 30 57.46542607040828 0.203067818902602
-2 -1.75 30 31 57.44129783348694 0.1916312901215357
-2 -1.75 31 32 57.11445721059522 0.1810042216897497
-2 -1.75 32 33 56.54623081650652 0.1711126180930312
-2 -1.75 33 34 55.78681253829677 0.1618909626775057
-2 -1.75 34 35 54.87735766775552 0.1532810478228736
-2 -1.75 35 36 53.85165573962433 0.1452309938725647
-2 -1.75 36 37 52.73747326645537 0.1376944205882247
-2 -1.75 37 38 51.55763639702656 0.1306297462602259
-2 -1.75 38 39 50.33090753430957 0.1239995893964821
-2 -1.75 39 40 49.07269788238369 0.1177702585778878
-2 -1.75 40 41 47.79564884711885 0.1119113134927658
-2 -1.75 41 42 46.51010792223286 0.1063951883781109
-2 -1.75 42 43 45.22451956721989 0.1011968643939854
-2 -1.75 43 44 43.94574716028634 0.09629358723432646
-2 -1.75 44 45 42.67933892043519 0.09166462018358269
-2 -1.75 45 46 41.42864830015685 0.08765297266246315
-2 -1.75 46 47 40.19928753478817 0.08561032521744151
-2 -1.75 47 48 38.99293040706229 0.08571991215769453
-2 -1.75 48 49 37.81172751747982 0.09086372780498045
-2 -1.75 49 50 36.65710754579862 0.09771847445203062
-1.75 -1.5 0 1 4718.41016802997 0.9389648399620636
-1.75 -1.5 1 2 -2669.768655845739 0.7485403891346777
-1.75 -1.5 2 3 -5533.548518303761 1.693717856700106
-1.75 -1.5 3 4 -4289.333504097925 1.639248213296694
-1.75 -1.5 4 5 -3096.553323703029 1.467183029710795
-1.75 -1.5 5 6 -2225.294597072476 1.293518051621027
-1.75 -1.5 6 7 -1612.246831630665 1.140704384534089
-1.75 -1.5 7 8 -1179.37992876847 1.010738488473207
-1.75 -1.5 8 9 -869.5242087183005 0.900728351310891
-1.75 -1.5 9 10 -644.201523822132 0.8082240787001485
-1.75 -1.5 10 11 -477.7603156568098 0.7285719113865207
-1.75 -1.5 11 12 -353.2218459743908 0.6603476970521006
-1.75 -1.5 12 13 -258.9273868630844 0.6012477320962571
-1.75 -1.5 13 14 -186.8312577323438 0.5496750550109637
-1.75 -1.5 14 15 -131.2644540609595 0.504364548320948
-1.75 -1.5 15 16 -88.16474292474368 0.4643079613525455
-1.75 -1.5 16 17 -54.57562590029988 0.4286953462266166
-1.75 -1.5 17 18 -28.31463927132404 0.3968704350546519
-1.75 -1.5 18 19 -7.749895810256021 0.3682968727143615
-1.75 -1.5 19 20 8.353025990578772 0.3425326352285133
-1.75 -1.5 20 21 20.93768949724267 0.3192105418477083
-1.75 -1.5 21 22 30.73215093914826 0.2980233056282447
-1.75 -1.5 22 23 38.30296537103311 0.2787119672638798
-1.75 -1.5 23 24 44.09439573678242 0.2610568737681297
-1.75 -1.5 24 25 48.45721977328571 0.2448705821695594
-1.75 -1.5 25 26 51.67012776056742 0.229992232185631
-1.75 -1.5 26 27 53.95577847824245 0.2162830479109821
-1.75 -1.5 27 28 55.49295999260266 0.2036227167820371
-1.75 -1.5 28 29 56.42588021556719 0.1919064523145518
-1.75 -1.5 29 30 56.8713215889486 0.1810425966675477
-1.75 -1.5 30 31 56.92419193839294 0.1709506508554632
-1.75 -1.5 31 32 56.6618607183795 0.1615596468494064
-1.75 -1.5 32 33 56.1475681029321 0.1528067950645624
-1.75 -1.5 33 34 55.43312113393631 0.1446363528348807
-1.75 -1.5 34 35 54.56103783691333 0.1369986760298735
-1.75 -1.5 35 36 53.56626114873535 0.1298494174889133
-1.75 -1.5 36 37 52.47753553987263 0.1231488479778285
-1.75 -1.5 37 38 51.31851771025782 0.1168612786208919
-1.75 -1.5 38 39 50.10867647397384 0.1109545667058207
-1.75 -1.5 39 40 48.86402466664288 0.1053996918547748
-1.75 -1.5 40 41 47.59771670393638 0.1001703911034574
-1.75 -1.5 41 42 46.32053798022952 0.09524284396476322
-1.75 -1.5 42 43 45.04130708355973 0.09059539875373385
-1.75 -1.5 43 44 43.76720727201212 0.08620833492248925
-1.75 -1.5 44 45 42.50406042462021 0.08206365578320839
-1.75 -1.5 45 46 41.25542238368769 0.07885168707529366
-1.75 -1.5 46 47 40.02716755761801 0.07915213546890451
-1.75 -1.5 47 48 38.82110932064694 0.08304466188434892
-1.75 -1.5 48 49 37.63954519667107 0.08987381310246487
-1.75 -1.5 49 50 36.48403642455756 0.09708536032486864
-1.5 -1.25 0 1 5121.879601539995 3.30661105732901
-1.5 -1.25 1 2 -2292.722792312501 4.165008154506513
-1.5 -1.25 2 3 -5510.110104691104 1.676650007270003
-1.5 -1.25 3 4 -4325.186236833493 1.601016841399729
-1.5 -1.25 4 5 -3143.28049216417 1.426429441822135
-1.5 -1.25 5 6 -2270.968502313511 1.259131087143649
-1.5 -1.25 6 7 -1653.697178299009 1.11453218151263
-1.5 -1.25 7 8 -1216.018484010437 0.9919562084346364
-1.5 -1.25 8 9 -901.5956636598357 0.8889223855910179
-1.5 -1.25 9 10 -672.1950570785211 0.799935753051478
-1.5 -1.25 10 11 -502.2004391743699 0.7245940358025917
-1.5 -1.25 11 12 -374.6055030609068 0.6591958542301382
-1.5 -1.25 12 13 -277.6911370109417 0.6022399962885833
-1.5 -1.25 13 14 -203.3506181170683 0.5522890413496274
-1.5 -1.25 14 15 -145.8585935607018 0.5082003046631726
-1.5 -1.25 15 16 -101.1035747692231 0.4690583877520111
-1.5 -1.25 16 17 -66.08710794812873 0.434123628588797
-1.5 -1.25 17 18 -38.59144031957248 0.4027931177495612
-1.5 -1.25 18 19 -16.95517217117413 0.3745712214838502
-1.5 -1.25 19 20 0.08075243782650432 0.349047187183046
-1.5 -1.25 20 21 13.48046543052556 0.3258780053312265
-1.5 -1.25 21 22 23.98922376335656 0.3047751931390384
-1.5 -1.25 22 23 32.18800023292226 0.2854945085024185
-1.5 -1.25 23 24 38.53317605728148 0.2678278820863295
-1.5 -1.25 24 25 43.3857449066179 0.2515970343836378
-1.5 -1.25 25 26 47.03303591906797 0.2384072551524798
-1.5 -1.25 26 27 49.70503595510263 0.2268262324702683
-1.5 -1.25 27 28 51.58676861819526 0.2160058862364532
-1.5 -1.25 28 29 52.82776399419561 0.205881946861071
-1.5 -1.25 29 30 53.54936079784352 0.1963966958471841
-1.5 -1.25 30 31 53.85037892260493 0.187498215527949
-1.5 -1.25 31 32 53.81155639824954 0.1791397273832515
-1.5 -1.25 32 33 53.49904208323613 0.1712790093442447
-1.5 -1.25 33 34 52.96716141471802 0.1638778837672667
-1.5 -1.25 34 35 52.26061864477572 0.1569017684103691
-1.5 -1.25 35 36 51.41625944497514 0.1503192814863514
-1.5 -1.25 36 37 50.46448841209116 0.1441018952207984
-1.5 -1.25 37 38 49.43041420208152 0.1382236311224787
-1.5 -1.25 38 39 48.33477850204343 0.1326607919836441
-1.5 -1.25 39 40 47.19471257292537 0.1273917248056759
-1.5 -1.25 40 41 46.02435572887896 0.12239661281716
-1.5 -1.25 41 42 44.83536254477707 0.1176572902736415
-1.5 -1.25 42 43 43.63732027452556 0.1131570801254495
-1.5 -1.25 43 44 42.43809333374776 0.1088806478336024
-1.5 -1.25 44 45 41.2441084052715 0.1048138734912736
-1.5 -1.25 45 46 40.05943852387773 0.1012806960681157
-1.5 -1.25 46 47 38.89047285871348 0.09952640362099309
-1.5 -1.25 47 48 37.7394323705779 0.09971312332569639
-1.5 -1.25 48 49 36.60899759034663 0.1017306285090113
-1.5 -1.25 49 50 35.50106484340907 0.1043591197231283
-1.25 -1 0 1 5451.252245403974 1.573164861351817
-1.25 -1 1 2 -2007.314425767295 0.6504176368650356
-1.25 -1 2 3 -5509.66089411284 1.828854605177552
-1.25 -1 3 4 -4364.99376345762 1.781591509038642
-1.25 -1 4 5 -3186.021371528394 1.588232552031971
-1.25 -1 5 6 -2309.05619340705 1.399613429797954
-1.25 -1 6 7 -1686.020729995304 1.237101078633293
-1.25 -1 7 8 -1243.042694786791 1.100168160738165
-1.25 -1 8 9 -924.1097957687039 0.9854601762260936
-1.25 -1 9 10 -690.9679013977639 0.8871201315776253
-1.25 -1 10 11 -517.8894661507416 0.8038303686136968
-1.25 -1 11 12 -387.758855158916 0.7317386228920972
-1.25 -1 12 13 -288.7537436239641 0.6690320602809704
-1.25 -1 13 14 -212.6832293538901 0.6140831207249623
-1.25 -1 14 15 -153.7539637364321 0.5656083914917606
-1.25 -1 15 16 -107.8000383080221 0.5225858814900571
-1.25 -1 16 17 -71.77951659159862 0.4841934808630438
-1.25 -1 17 18 -43.43983118657525 0.4497633203693634
-1.25 -1 18 19 -21.09160033185935 0.418747758009919
-1.25 -1 19 20 -3.453172147811301 0.3906938203700382
-1.25 -1 20 21 10.45792304504448 0.3652238088210779
-1.25 -1 21 22 21.40189885303312 0.3420204357540531
-1.25 -1 22 23 29.97198654853378 0.3208153179205984
-1.25 -1 23 24 36.63466129608764 0.3013799842984798
-1.25 -1 24 25 41.75926515417757 0.283518784711104
-1.25 -1 25 26 45.64006076355088 0.2670632499410198
-1.25 -1 26 27 48.51281601254163 0.2518675697765353
-1.25 -1 27 28 50.56739243177481 0.2378049409543411
-1.25 -1 28 29 51.95738287121219 0.2247645948872679
-1.25 -1 29 30 52.80754903628758 0.2126493650078538
-1.25 -1 30 31 53.21960370860666 0.2013736809870348
-1.25 -1 31 32 53.27673695183785 0.1908619061276255
-1.25 -1 32 33 53.04718174419122 0.1810469520024555
-1.25 -1 33 34 52.5870395832431 0.1718691169232832
-1.25 -1 34 35 51.94253202962898 0.163275108062487
-1.25 -1 35 36 51.15180407743406 0.1552172140259727
-1.25 -1 36 37 50.24637548067199 0.1476526019262588
-1.25 -1 37 38 49.25231403750871 0.1405427166673523
-1.25 -1 38 39 48.19118806716762 0.1338527676971146
-1.25 -1 39 40 47.08084263468282 0.1275512859464874
-1.25 -1 40 41 45.93603456312206 0.1216097425595026
-1.25 -1 41 42 44.76895355871955 0.1160022183721027
-1.25 -1 42 43 43.58965138458552 0.1107051162913285
-1.25 -1 43 44 42.40639629055573 0.105696911175374
-1.25 -1 44 45 41.22596656066327 0.1009579308807336
-1.25 -1 45 46 40.05272000839807 0.09684674570905041
-1.25 -1 46 47 38.89335761190199 0.09477046423238057
-1.25 -1 47 48 37.75031227736997 0.09493103454417905
-1.25 -1 48 49 36.62646903103609 0.09774104347444494
-1.25 -1 49 50 35.5239071554241 0.1054601080632097
-1 -0.75 0 1 5730.039821688742 1.920061984592977
-1 -0.75 1 2 -1747.564414120144 1.790040177314123
-1 -0.75 2 3 -5484.892767610767 1.594437324742126
-1 -0.75 3 4 -4375.661647655878 1.532565577588876
-1 -0.75 4 5 -3202.37896794833 1.36812541229709
-1 -0.75 5 6 -2324.851623399246 1.212366165622768
-1 -0.75 6 7 -1699.91857340044 1.078851248191858
-1 -0.75 7 8 -1254.930170039391 0.9658741808265674
-1 -0.75 8 9 -934.1872852243137 0.8706976473223395
-1 -0.75 9 10 -699.4959620154691 0.7880170811002416
-1 -0.75 10 11 -525.1120700167426 0.7176341164076693
-1 -0.75 11 12 -393.8918143635187 0.6561225423041008
-1 -0.75 12 13 -293.9780615316529 0.6022019941372624
-1 -0.75 13 14 -217.1494484625932 0.5546166274056574
-1 -0.75 14 15 -157.5866690945309 0.5123671679565375
-1 -0.75 15 16 -111.1022293637391 0.4746501158869317
-1 -0.75 16 17 -74.63642893786164 0.4408128242639895
-1 -0.75 17 18 -45.92213661795813 0.4103201323230378
-1 -0.75 18 19 -23.25803504821283 0.3827293461090279
-1 -0.75 19 20 -5.352677287761026 0.3576712809457229
-1 -0.75 20 21 8.78446295841627 0.3348357398421324
-1 -0.75 21 22 19.920243837013 0.3139602814528213
-1 -0.75 22 23 28.65339222342675 0.2948214393902985
-1 -0.75 23 24 35.45494167597826 0.277227801238458
-1 -0.75 24 25 40.69802590776021 0.2610145033710637
-1 -0.75 25 26 44.68007000636055 0.2460388179105067
-1 -0.75 26 27 47.63948636314888 0.2321765869035493
-1 -0.75 27 28 49.76835336657257 0.2193193228303335
-1 -0.75 28 29 51.22212660304683 0.2073718329980305
-1 -0.75 29 30 52.12713645254337 0.1962502614437111
-1 -0.75 30 31 52.58641952932589 0.1858804667558664
-1 -0.75 31 32 52.6842853474501 0.1761966682046989
-1 -0.75 32 33 52.48991531152103 0.1671403123033282
-1 -0.75 33 34 52.0602159006533 0.1586591170090992
-1 -0.75 34 35 51.44209307632121 0.1507062638842422
-1 -0.75 35 36 50.67427465574025 0.1432397102739972
-1 -0.75 36 37 49.7887774716184 0.1362216033509599
-1 -0.75 37 38 48.81209387949309 0.1296177771835255
-1 -0.75 38 39 47.76615530155658 0.1233973198169882
-1 -0.75 39 40 46.66911773699115 0.1175322006794986
-1 -0.75 40 41 45.53600457781801 0.1119969462203211
-1 -0.75 41 42 44.37923430671214 0.1067683597433721
-1 -0.75 42 43 43.20905521950164 0.1018252750154685
-1 -0.75 43 44 42.03390454522474 0.09714834343476608
-1 -0.75 44 45 40.86070596674284 0.092719844855081
-1 -0.75 45 46 39.69392343294351 0.089288727016613
-1 -0.75 46 47 38.54040220497666 0.08965295110245343
-1 -0.75 47 48 37.40264878274695 0.09390715252047088
-1 -0.75 48 49 36.28362810536234 0.1013468613321371
-1 -0.75 49 50 35.18548507542539 0.1092058918143944
-0.75 -0.5 0 1 5946.082121563262 2.667725808062018
-0.75 -0.5 1 2 -1550.283675639877 2.069947261245336
-0.75 -0.5 2 3 -5469.555739072772 1.599883574801872
-0.75 -0.5 3 4 -4388.461951673707 1.544297757578074
-0.75 -0.5 4 5 -3220.019103814491 1.379845401194873
-0.75 -0.5 5 6 -2342.123165405055 1.222320188455477
-0.75 -0.5 6 7 -1715.562931794615 1.086699256976353
-0.75 -0.5 7 8 -1268.746997432589 0.9718254315521001
-0.75 -0.5 8 9 -946.2868223592241 0.8751283744585707
-0.75 -0.5 9 10 -710.0720672478565 0.7912506115315598
-0.75 -0.5 10 11 -534.3628561871656 0.7199799076310368
-0.75 -0.5 11 12 -402.0044821017477 0.6577965095839637
-0.75 -0.5 12 13 -301.1155766632201 0.6033730987293289
-0.75 -0.5 13 14 -223.4516735833495 0.5554118106089134
-0.75 -0.5 14 15 -163.1724337511089 0.5133744307467077
-0.75 -0.5 15 16 -116.0720763612687 0.4781084366291823
-0.75 -0.5 16 17 -79.07534651642391 0.4461603771879148
-0.75 -0.5 17 18 -49.90202167176903 0.4171332207898998
-0.75 -0.5 18 19 -26.83981779755345 0.3906841446871295
-0.75 -0.5 19 20 -8.58811429054208 0.3665173780444608
-0.75 -0.5 20 21 5.851292164718416 0.3443774876141124
-0.75 -0.5 21 22 17.25169382174568 0.3240434191106314
-0.75 -0.5 22 23 26.2172213065287 0.3053233545591939
-0.75 -0.5 23 24 33.22345765180398 0.2880503395326006
-0.75 -0.5 24 25 38.64737686104638 0.2720785934532847
-0.75 -0.5 25 26 42.78965443293907 0.2572804068322111
-0.75 -0.5 26 27 45.89146139342779 0.2435435359363718
-0.75 -0.5 27 28 48.14722374223459 0.2307690122383174
-0.75 -0.5 28 29 49.71440024886238 0.2188692985963041
-0.75 -0.5 29 30 50.72103508902717 0.2077667335510343
-0.75 -0.5 30 31 51.27163488692827 0.1973922147275455
-0.75 -0.5 31 32 51.45177326029454 0.1876840821272843
-0.75 -0.5 32 33 51.33172135539144 0.178587166598564
-0.75 -0.5 33 34 50.96932737069091 0.1700519780503195
-0.75 -0.5 34 35 50.41231301285967 0.1620340096838941
-0.75 -0.5 35 36 49.7001143733421 0.1544931402641145
-0.75 -0.5 36 37 48.86536465533595 0.1473931182773035
-0.75 -0.5 37 38 47.93509380992958 0.1407011166326887
-0.75 -0.5 38 39 46.93170317815947 0.1343873461196604
-0.75 -0.5 39 40 45.87376040456996 0.1284247191339005
-0.75 -0.5 40 41 44.77665024170039 0.1227885566152545
-0.75 -0.5 41 42 43.6531090440655 0.117456331882249
-0.75 -0.5 42 43 42.51366529097243 0.1124074452233147
-0.75 -0.5 43 44 41.36700366405017 0.1076230274144683
-0.75 -0.5 44 45 40.22026681558015 0.1030857643984811
-0.75 -0.5 45 46 39.07809948962489 0.09917947746402779
-0.75 -0.5 46 47 37.94754266193445 0.09739335832067356
-0.75 -0.5 47 48 36.83124317302321 0.09792512123505004
-0.75 -0.5 48 49 35.73230302989805 0.1017424699119163
-0.75 -0.5 49 50 34.65298849563908 0.1097918158171753
-0.5 -0.25 0 1 6088.3468321333 2.593851685952095
-0.5 -0.25 1 2 -1426.355001826827 1.450155718935858
-0.5 -0.25 2 3 -5464.292304909119 1.57623804225194
-0.5 -0.25 3 4 -4400.17165548457 1.538171433610021
-0.5 -0.25 4 5 -3233.806026472375 1.384524615784719
-0.5 -0.25 5 6 -2354.891036988082 1.274634092988866
-0.5 -0.25 6 7 -1726.713777970702 1.15871736973797
-0.5 -0.25 7 8 -1278.307061631059 1.051076195020563
-0.5 -0.25 8 9 -954.4395526344392 0.9550173478624204
-0.5 -0.25 9 10 -717.0186560923917 0.8708657347519754
-0.5 -0.25 10 11 -540.291996016088 0.795957336217383
-0.5 -0.25 11 12 -407.078113227542 0.7302030275573886
-0.5 -0.25 12 13 -305.4701226503016 0.672018416212137
-0.5 -0.25 13 14 -227.2008041028682 0.6203222149700632
-0.5 -0.25 14 15 -166.4105427623283 0.5741953874800609
-0.5 -0.25 15 16 -118.8775596228329 0.5328649534228037
-0.5 -0.25 16 17 -81.51343525798416 0.4956826216341462
-0.5 -0.25 17 18 -52.02714308273789 0.4621041350595576
-0.5 -0.25 18 19 -28.6975282470296 0.4316712110288886
-0.5 -0.25 19 20 -10.21667129991988 0.4039964105770682
-0.5 -0.25 20 21 4.41965425647345 0.378750709394968
-0.5 -0.25 21 22 15.98972781122757 0.3556533751034857
-0.5 -0.25 22 23 25.10182371112148 0.3344637469655553
-0.5 -0.25 23 24 32.23497994611535 0.3149745573560518
-0.5 -0.25 24 25 37.76906101763404 0.2970064939893476
-0.5 -0.25 25 26 42.00716864238586 0.2804037571686903
-0.5 -0.25 26 27 45.1925167881484 0.2650304150399043
-0.5 -0.25 27 28 47.52125686489444 0.2507674014643724
-0.5 -0.25 28 29 49.15230908732065 0.2375100306724647
-0.5 -0.25 29 30 50.21495891734708 0.2251659312660998
-0.5 -0.25 30 31 50.81477006857483 0.2136533206963091
-0.5 -0.25 31 32 51.0382186751425 0.202899557462633
-0.5 -0.25 32 33 50.95634831542088 0.1928399212344669
-0.5 -0.25 33 34 50.62766984290295 0.183416580907346
-0.5 -0.25 34 35 50.10047473610285 0.1745777173806539
-0.5 -0.25 35 36 49.41469006898552 0.1662767757619907
-0.5 -0.25 36 37 48.60337303149629 0.1584718253004127
-0.5 -0.25 37 38 47.69392045619213 0.1511250086717267
-0.5 -0.25 38 39 46.7090517832674 0.1442020681911354
-0.5 -0.25 39 40 45.66761098866027 0.1376719351017234
-0.5 -0.25 40 41 44.58522331856051 0.1315063738612269
-0.5 -0.25 41 42 43.47483480747684 0.1256796720601454
-0.5 -0.25 42 43 42.34715706628401 0.1201683694754067
-0.5 -0.25 43 44 41.21103498983149 0.1149510222589859
-0.5 -0.25 44 45 40.07375161941707 0.1100079939103682
-0.5 -0.25 45 46 38.94006575410413 0.1057026924471474
-0.5 -0.25 46 47 37.81714485649024 0.1034585348004369
-0.5 -0.25 47 48 36.70772185490753 0.1034808530150513
-0.5 -0.25 48 49 35.61498274822321 0.1056428587130307
-0.5 -0.25 49 50 34.54126906000891 0.111122133154199
-0.25 0 0 1 6159.936266528544 2.718790429890271
-0.25 0 1 2 -1363.5440992945 1.950567892672105
-0.25 0 2 3 -5460.809842906277 1.598721809191896
-0.25 0 3 4 -4404.654809796471 1.550394650395047
-0.25 0 4 5 -3238.988619074107 1.388013105046937
-0.25 0 5 6 -2359.428574956002 1.23101739563152
-0.25 0 6 7 -1730.433860396432 1.095380208356319
-0.25 0 7 8 -1281.290898438158 0.9802344672636898
-0.25 0 8 9 -956.8109645876261 0.8824780246584255
-0.25 0 9 10 -718.8929342332804 0.803837600575768
-0.25 0 10 11 -541.7645611674202 0.7378693745791794
-0.25 0 11 12 -408.2273013364647 0.6793881650914767
-0.25 0 12 13 -306.3584711841477 0.6271933919230283
-0.25 0 13 14 -227.8784077573207 0.5804956090420261
-0.25 0 14 15 -166.9176250744219 0.538587750824552
-0.25 0 15 16 -119.2465398152226 0.5008541023898232
-0.25 0 16 17 -81.77054980232469 0.4667652319214346
-0.25 0 17 18 -52.19370868266628 0.4358681922014337
-0.25 0 18 19 -28.79092599702039 0.4077758694327265
-0.25 0 19 20 -10.25111679015845 0.3821570186893068
-0.25 0 20 21 4.43250478984919 0.3587275064550918
-0.25 0 21 22 16.04029729630793 0.337242842237576
-0.25 0 22 23 25.18223138497103 0.3174919068353583
-0.25 0 23 24 32.33873423856494 0.2992917249290314
-0.25 0 24 25 37.89081180949449 0.2824831211524273
-0.25 0 25 26 42.14250640611124 0.2669271115836379
-0.25 0 26 27 45.337809001305 0.2525019034461354
-0.25 0 27 28 47.6735142452477 0.2391003939317054
-0.25 0 28 29 49.30907582005341 0.2266280791525136
-0.25 0 29 30 50.37422228863113 0.2150013008856013
-0.25 0 30 31 50.97488586301859 0.2041457706199108
-0.25 0 31 32 51.19784943327829 0.1939953234365608
-0.25 0 32 33 51.11441212015825 0.1844908608357377
-0.25 0 33 34 50.78329775310465 0.1755794521982323
-0.25 0 34 35 50.25297534396827 0.1672135669406918
-0.25 0 35 36 49.56351994126459 0.1593504170155692
-0.25 0 36 37 48.74811202044566 0.1519513918894786
-0.25 0 37 38 47.83425105369588 0.1449815703955168
-0.25 0 38 39 46.84474183398999 0.1384092995556777
-0.25 0 39 40 45.79849920169761 0.1322058281893519
-0.25 0 40 41 44.7112071150442 0.1263449885440036
-0.25 0 41 42 43.59586011791293 0.1208029179387886
-0.25 0 42 43 42.46320976285978 0.1155578157018312
-0.25 0 43 44 41.32213368515369 0.1105897293751036
-0.25 0 44 45 40.17994161650586 0.1058803669788648
-0.25 0 45 46 39.04140857286234 0.1018112925774119
-0.25 0 46 47 37.91373054758049 0.09986805295697566
-0.25 0 47 48 36.79964863208812 0.1002547834861707
-0.25 0 48 49 35.70235941254808 0.1029243292923505
-0.25 0 49 50 34.62421279973262 0.111106306601975
0 0.25 0 1 6159.677318035328 2.718796909118234
0 0.25 1 2 -1364.050292933928 1.950592225489876
0 0.25 2 3 -5461.182359850965 1.598683488201394
0 0.25 3 4 -4404.812138404006 1.550301989871779
0 0.25 4 5 -3239.007599582666 1.387921760863621
0 0.25 5 6 -2359.380574801847 1.23095594324943
0 0.25 6 7 -1730.359201445278 1.09535066157667
0 0.25 7 8 -1281.209796117321 0.9802295283376556
0 0.25 8 9 -956.7324720358456 0.8824887202899437
0 0.25 9 10 -718.8204622190874 0.8038556388414517
0 0.25 10 11 -541.6990697168376 0.7378921397697378
0 0.25 11 12 -408.1682622062931 0.6794119830628719
0 0.25 12 13 -306.3050339893239 0.6272166860741536
0 0.25 13 14 -227.8296712057256 0.5805175694164513
0 0.25 14 15 -166.8727902400797 0.5386080180097723
0 0.25 15 16 -119.2049580953733 0.5008725708297842
0 0.25 16 17 -81.73172156112946 0.4667819329872536
0 0.25 17 18 -52.15726173645521 0.4358832263173951
0 0.25 18 19 -28.75658857960684 0.4077893674011951
0 0.25 19 20 -10.21869183222475 0.3821691207337727
0 0.25 20 21 4.463161351058261 0.3587383505252648
0 0.25 21 22 16.06929353653481 0.3372525586804061
0 0.25 22 23 25.20965206624396 0.3175006156629209
0 0.25 23 24 32.36464983569249 0.29929953506299
0 0.25 24 25 37.91528466068291 0.2824901303884449
0 0.25 25 26 42.16559469978267 0.2669334074562882
0 0.25 26 27 45.35956919542787 0.2525075639874566
0 0.25 27 28 47.69400238927597 0.2391054884592219
0 0.25 28 29 49.3283481427784 0.2266326691357639
0 0.25 29 30 50.39233531281138 0.2150054408948139
0 0.25 30 31 50.99189624070777 0.2041495091046009
0 0.25 31 32 51.21381362983675 0.1939987032419078
0 0.25 32 33 51.12938603712098 0.184493920080777
0 0.25 33 34 50.79733634723164 0.1755822245544037
0 0.25 34 35 50.26613227450497 0.1672160823542969
0 0.25 35 36 49.57584726633769 0.1593527021216272
0 0.25 36 37 48.75965995002235 0.151953470289645
0 0.25 37 38 47.8450677589023 0.1449834630263741
0 0.25 38 39 46.85487331395552 0.1384110251269774
0 0.25 39 40 45.80798919723782 0.1322074032895107
0 0.25 40 41 44.72009706758354 0.1263464279957427
0 0.25 41 42 43.60418916443388 0.1208042349077935
0 0.25 42 43 42.4710147603293 0.1155590219475354
0 0.25 43 44 41.3294492599685 0.1105908355070259
0 0.25 44 45 40.18680023119691 0.1058813822603511
0 0.25 45 46 39.0478405782481 0.101812237131734
0 0.25 46 47 37.91976434868013 0.09986898745706728
0 0.25 47 48 36.80531070589655 0.1002557662735596
0 0.25 48 49 35.70767444521479 0.1029254039163629
0 0.25 49 50 34.62920375970609 0.1111074235857788
0.25 0.5 0 1 6087.598363245183 2.59385631319461
0.25 0.5 1 2 -1427.811479291981 1.450153049424335
0.25 0.5 2 3 -5465.354003729621 1.576132539014358
0.25 0.5 3 4 -4400.613190161346 1.538013653836625
0.25 0.5 4 5 -3233.855878636875 1.384394787485259
0.25 0.5 5 6 -2354.754759915384 1.274565430372147
0.25 0.5 6 7 -1726.504990809733 1.158699815581787
0.25 0.5 7 8 -1278.08166589247 1.051093797477497
0.25 0.5 8 9 -954.2208690688331 0.9556840684925209
0.25 0.5 9 10 -716.8190968741615 0.8702617811009762
0.25 0.5 10 11 -540.1103700426502 0.7960062884028153
0.25 0.5 11 12 -406.9138868900604 0.7302514550195892
0.25 0.5 12 13 -305.3208383618703 0.6720643633884484
0.25 0.5 13 14 -227.0639476504546 0.6203647710963812
0.25 0.5 14 15 -166.2839375934636 0.5742342432677553
0.25 0.5 15 16 -118.7594770026483 0.5329001296541833
0.25 0.5 16 17 -81.40257442703978 0.495714308536673
0.25 0.5 17 18 -51.92256075314026 0.4621326003400213
0.25 0.5 18 19 -28.59855668994396 0.4316967482956104
0.25 0.5 19 20 -10.12284288921887 0.4040193117186633
0.25 0.5 20 21 4.508669353567711 0.3787712505443711
0.25 0.5 21 22 16.07416965127391 0.3556718103181123
0.25 0.5 22 23 25.18187767017525 0.3344803062963101
0.25 0.5 23 24 32.31080116635474 0.3149894469198252
0.25 0.5 24 25 37.84079058439897 0.29701989743955
0.25 0.5 25 26 42.07494362482612 0.2804158375376667
0.25 0.5 26 27 45.25647590210156 0.2650413167709347
0.25 0.5 27 28 47.58154313528871 0.2507772524946542
0.25 0.5 28 29 49.20907054569932 0.2375189439674164
0.25 0.5 29 30 50.26834808922695 0.225174007084735
0.25 0.5 30 31 50.8649427839955 0.2136606476119189
0.25 0.5 31 32 51.08533256618466 0.2029062138827414
0.25 0.5 32 33 51.00056123856405 0.1928459768622301
0.25 0.5 33 34 50.6691383766688 0.1834220972815022
0.25 0.5 34 35 50.13935283781717 0.1745827493992685
0.25 0.5 35 36 49.45112793340417 0.1662813720603275
0.25 0.5 36 37 48.63751616340107 0.1584760291388877
0.25 0.5 37 38 47.72590895326573 0.1511288585738177
0.25 0.5 38 39 46.73901981223787 0.1442055983904003
0.25 0.5 39 40 45.69568643284771 0.1376751763840004
0.25 0.5 40 41 44.61152757490527 0.1315093534140629
0.25 0.5 41 42 43.49948270650054 0.1256824142476028
0.25 0.5 42 43 42.37025689493521 0.1201708962415492
0.25 0.5 43 44 41.23268859413406 0.1149533531451367
0.25 0.5 44 45 40.09405457193481 0.1100101464342559
0.25 0.5 45 46 38.95910749802943 0.1057047126471349
0.25 0.5 46 47 37.83500912160144 0.1034605762310916
0.25 0.5 47 48 36.72448675025839 0.1034830686012671
0.25 0.5 48 49 35.63072113503372 0.1056453713342748
0.25 0.5 49 50 34.55604875875588 0.1111248844160314
0.5 0.75 0 1 5944.791791921572 2.66773113514958
0.5 0.75 1 2 -1552.760162622285 2.069956743843717
0.5 0.75 2 3 -5471.29974318519 1.599817242314891
0.5 0.75 3 4 -4389.127240897173 1.544185792501886
0.5 0.75 4 5 -3220.034149452583 1.379749529441941
0.5 0.75 5 6 -2341.84769353332 1.222264114065103
0.5 0.75 6 7 -1715.185873232507 1.086678717571422
0.5 0.75 7 8 -1268.356589750043 0.9718313699146004
0.5 0.75 8 9 -945.9189990666882 0.8751406286504045
0.5 0.75 9 10 -709.7379806317017 0.7912812643960857
0.5 0.75 10 11 -534.0641185576851 0.720009415385844
0.5 0.75 11 12 -401.7366820367815 0.6578265416247697
0.5 0.75 12 13 -300.8737049190429 0.6034021394363637
0.5 0.75 13 14 -223.2309961663211 0.5554390830978776
0.5 0.75 14 15 -162.9690010840429 0.513399581108208
0.5 0.75 15 16 -115.8828155903961 0.4781312925566173
0.5 0.75 16 17 -78.89797431651687 0.4461810497017425
0.5 0.75 17 18 -49.73489543660457 0.4171518851298077
0.5 0.75 18 19 -26.68178126886755 0.3907009993089828
0.5 0.75 19 20 -8.438361652256162 0.366532621067703
0.5 0.75 20 21 5.993325947559242 0.3443913051061936
0.5 0.75 21 22 17.38641645456278 0.3240559794197907
0.5 0.75 22 23 26.34494376597979 0.3053348067459527
0.5 0.75 23 24 33.34443631703789 0.2880608137528931
0.5 0.75 24 25 38.76184145922878 0.2720882023174944
0.5 0.75 25 26 42.89782552222459 0.2572892476528395
0.5 0.75 26 27 45.99356040049452 0.2435516923281422
0.5 0.75 27 28 48.24347789416129 0.2307765563152132
0.5 0.75 28 29 49.80504415046175 0.218876292630463
0.5 0.75 29 30 50.80631021632155 0.2077732313774742
0.5 0.75 30 31 51.35178789358895 0.1973982633810457
0.5 0.75 31 32 51.52705371076513 0.1876897224575553
0.5 0.75 32 33 51.40237928755573 0.1785924345284954
0.5 0.75 33 34 51.03561094320145 0.1700569052570272
0.5 0.75 34 35 50.47446638253598 0.1620386243797668
0.5 0.75 35 36 49.7583758796597 0.154497467312213
0.5 0.75 36 37 48.91996533689274 0.1473971801486262
0.5 0.75 37 38 47.98625624812684 0.1407049333783139
0.5 0.75 38 39 46.97964064816711 0.13439093582582
0.5 0.75 39 40 45.91867629782388 0.1284280982047908
0.5 0.75 40 41 44.81873772490741 0.1227917399860076
0.5 0.75 41 42 43.69255091690138 0.1174593330575943
0.5 0.75 42 43 42.55063400722565 0.1124102766512265
0.5 0.75 43 44 41.40166148311692 0.1076257003049582
0.5 0.75 44 45 40.2527660556043 0.1030882892420512
0.5 0.75 45 46 39.10858276509896 0.09918190955342776
0.5 0.75 46 47 37.9761434827571 0.09739591865910098
0.5 0.75 47 48 36.85808614093796 0.09792803706531714
0.5 0.75 48 49 35.75750440718767 0.1017458900597057
0.5 0.75 49 50 34.67665652713328 0.1097956135379422
0.75 1 0 1 5728.147635934271 1.919984558704549
0.75 1 1 2 -1751.168135412894 1.789564402461136
0.75 1 2 3 -5487.381896513871 1.593869556856523
0.75 1 3 4 -4376.562413580376 1.532372846814511
0.75 1 4 5 -3202.343584215834 1.368298852073686
0.75 1 5 6 -2324.40907286907 1.212757864043641
0.75 1 6 7 -1699.340639597165 1.079325681796038
0.75 1 7 8 -1254.341185375498 0.9666036540881524
0.75 1 8 9 -933.6373490823594 0.8702939891328201
0.75 1 9 10 -699.0011742357528 0.7889838108037228
0.75 1 10 11 -524.6714327741511 0.7179525653414491
0.75 1 11 12 -393.4991954730253 0.6563873871832396
0.75 1 12 13 -293.6257212818507 0.6024198796280514
0.75 1 13 14 -216.8301401720219 0.5547946037136714
0.75 1 14 15 -157.2943317284721 0.5125118542710666
0.75 1 15 16 -110.8321011495498 0.4747673729244677
0.75 1 16 17 -74.3849142325671 0.4409076737773414
0.75 1 17 18 -45.68658966921521 0.4103967900865984
0.75 1 18 19 -23.03653784778794 0.3827913027450913
0.75 1 19 20 -5.143844310064424 0.3577213984735279
0.75 1 20 21 8.981642717756586 0.3348763477956924
0.75 1 21 22 20.10652779530551 0.3139932651050678
0.75 1 22 23 28.82937290364248 0.2948483179149167
0.75 1 23 24 35.62110930153995 0.2772497943882214
0.75 1 24 25 40.85481088352924 0.2610325878616048
0.75 1 25 26 44.82787047291561 0.2460537739577863
0.75 1 26 27 47.77868503972957 0.2321890368411471
0.75 1 27 28 49.89932695029734 0.2193297622863556
0.75 1 28 29 51.34525018404997 0.2073806562709242
0.75 1 29 30 52.24278473573634 0.1962577821738475
0.75 1 30 31 52.6949661387755 0.1858869342160122
0.75 1 31 32 52.78610109275257 0.1762022806233008
0.75 1 32 33 52.58536600562752 0.1671452272088448
0.75 1 33 34 52.14966010884615 0.1586634600777072
0.75 1 34 35 51.52588002397096 0.1507101347925183
0.75 1 35 36 50.75274242252442 0.1432431889311886
0.75 1 36 37 49.86225152850102 0.1362247535254239
0.75 1 37 38 48.88088597908336 0.1296206498477326
0.75 1 38 39 47.83056270914375 0.1233999562341002
0.75 1 39 40 46.72942276520638 0.117534633958651
0.75 1 40 41 45.59247439148703 0.1119992032056813
0.75 1 41 42 44.4321209504626 0.1067704622593274
0.75 1 42 43 43.25859583180943 0.1018272410729372
0.75 1 43 44 42.08032171670436 0.09715018769203197
0.75 1 44 45 40.90420821195198 0.09272157959926154
0.75 1 45 46 39.73470559146261 0.08929041534718303
0.75 1 46 47 38.57864642326641 0.08965484306141887
0.75 1 47 48 37.43852477255325 0.09390948795926571
0.75 1 48 49 36.31729400420741 0.1013498165452693
0.75 1 49 50 35.21708793438037 0.1092094508782582
1 1.25 0 1 5448.739009046125 1.573430524380699
1 1.25 1 2 -2012.095599546987 0.6530682533188863
1 1.25 2 3 -5512.955903912585 1.829271320058337
1 1.25 3 4 -4366.178534754521 1.781232053376592
1 1.25 4 5 -3185.960116669753 1.587549093894681
1 1.25 5 6 -2308.447802682029 1.398919863938852
1 1.25 6 7 -1685.226432239756 1.236513825828711
1 1.25 7 8 -1242.231020465123 1.099709595513425
1 1.25 8 9 -923.3487872105661 0.984613304872461
1 1.25 9 10 -690.2820892116192 0.8873648953722161
1 1.25 10 11 -517.2793423229928 0.803633586057884
1 1.25 11 12 -387.2166343072604 0.7315939401152861
1 1.25 12 13 -288.2693432828207 0.6689275558099933
1 1.25 13 14 -212.2469004563377 0.6140097413684249
1 1.25 14 15 -153.3573430786382 0.5655591690508978
1 1.25 15 16 -107.4363897957555 0.5225553720896161
1 1.25 16 17 -71.44361365634722 0.4841773846106622
1 1.25 17 18 -43.1277072136786 0.4497582204369696
1 1.25 18 19 -20.80027657567007 0.4187509352155976
1 1.25 19 20 -3.180411489390508 0.390703114605974
1 1.25 20 21 10.71381938789341 0.3652375117087799
1 1.25 21 22 21.64224978042421 0.3420372044237192
1 1.25 22 23 30.19784950251847 0.3208341050181895
1 1.25 23 24 36.84691773927375 0.301399980609297
1 1.25 24 25 41.95868030537338 0.2835393719010513
1 1.25 25 26 45.82732397341761 0.2670839621040558
1 1.25 26 27 48.68856703462018 0.2518880618451845
1 1.25 27 28 50.73223771176572 0.2378249628295986
1 1.25 28 29 52.11190498529788 0.2247839711062962
1 1.25 29 30 52.95231158199726 0.2126679777529288
1 1.25 30 31 53.35515331047191 0.2013914567477196
1 1.25 31 32 53.40360354284792 0.1908788051433568
1 1.25 32 33 53.16587791866846 0.1810629599946015
1 1.25 33 34 52.69805954594602 0.1718842381003775
1 1.25 34 35 52.04635047248814 0.1632893603057524
1 1.25 35 36 51.24887518218679 0.1552306246920455
1 1.25 36 37 50.33713215357773 0.147665204621082
1 1.25 37 38 49.33716741881324 0.1405545492773512
1 1.25 38 39 48.27052732301394 0.1338638701086658
1 1.25 39 40 47.1550350120977 0.1275616989536808
1 1.25 40 41 46.0054256778626 0.1216195070405314
1 1.25 41 42 44.83386787929373 0.1160113742062129
1 1.25 42 43 43.65039287455386 0.1107137020904837
1 1.25 43 44 42.46324917343833 0.1057049640228977
1 1.25 44 45 41.27919617333305 0.1009654858975725
1 1.25 45 46 40.10257344842358 0.09685392832482163
1 1.25 46 47 38.94006538759825 0.09477772711153558
1 1.25 47 48 37.79408854254365 0.09493882363315365
1 1.25 48 49 36.66751287205301 0.09774965237947847
1 1.25 49 50 35.56240331120631 0.105469149036679
1.25 1.5 0 1 5118.890878812997 3.306690661537398
1.25 1.5 1 2 -2298.318826964262 4.16540791307117
1.25 1.5 2 3 -5513.81925973428 1.677916423629655
1.25 1.5 3 4 -4326.391588419082 1.601686003600112
1.25 1.5 4 5 -3143.088892545439 1.426340148531861
1.25 1.5 5 6 -2270.205778836869 1.258516594142317
1.25 1.5 6 7 -1652.763732001101 1.113675299301255
1.25 1.5 7 8 -1215.090065614729 0.9913211891735227
1.25 1.5 8 9 -900.7391808756884 0.8872214276005324
1.25 1.5 9 10 -671.4288994749031 0.7997802844241128
1.25 1.5 10 11 -501.5221928429023 0.7239634557025194
1.25 1.5 11 12 -374.0037128839513 0.6586748228359524
1.25 1.5 12 13 -277.1533124854475 0.6018165527602842
1.25 1.5 13 14 -202.8653407770425 0.5519491783539625
1.25 1.5 14 15 -145.4163855253273 0.5079303684448997
1.25 1.5 15 16 -100.6969818201935 0.468846089059033
1.25 1.5 16 17 -65.71045853234023 0.4339583578569968
1.25 1.5 17 18 -38.24050426328063 0.4026659335923082
1.25 1.5 18 19 -16.62682264847967 0.3744746997125493
1.25 1.5 19 20 0.3888312210608547 0.3489752237748874
1.25 1.5 20 21 13.77001276447163 0.3258256158764342
1.25 1.5 21 22 24.26158132786247 0.304738328347073
1.25 1.5 22 23 32.44424328784771 0.2854698921048827
1.25 1.5 23 24 38.77420636699594 0.2678128723228179
1.25 1.5 24 25 43.61235433302443 0.2515895075816618
1.25 1.5 25 26 47.24594831618742 0.2384055223240788
1.25 1.5 26 27 49.90493350210193 0.226828860619511
1.25 1.5 27 28 51.7743073250798 0.2160117333672266
1.25 1.5 28 29 53.0035819189801 0.2058901204691618
1.25 1.5 29 30 53.71408155088989 0.1964065008138221
1.25 1.5 30 31 54.00461228418544 0.187509113109525
1.25 1.5 31 32 53.95589731225425 0.1791513025636571
1.25 1.5 32 33 53.63406887286254 0.1712909442826063
1.25 1.5 33 34 53.09343376657773 0.1638899376192362
1.25 1.5 34 35 52.37867569553936 0.1569137603980471
1.25 1.5 35 36 51.52661815807636 0.1503310780165887
1.25 1.5 36 37 50.56764233566537 0.1441133996978664
1.25 1.5 37 38 49.52683263131507 0.1382347757112994
1.25 1.5 38 39 48.42490603499186 0.1326715307706696
1.25 1.5 39 40 47.27896902081392 0.1274020291714692
1.25 1.5 40 41 46.10313633501602 0.122406467025264
1.25 1.5 41 42 44.90903845875613 0.1176666887888234
1.25 1.5 42 43 43.70623923161565 0.1131660244467906
1.25 1.5 43 44 42.50258049182895 0.108889145174574
1.25 1.5 44 45 41.30446729719665 0.1048219349406408
1.25 1.5 45 46 40.11595184019478 0.1012884386100654
1.25 1.5 46 47 38.94340414817529 0.09953431684023993
1.25 1.5 47 48 37.78902649349334 0.09972170165514378
1.25 1.5 48 49 36.65548212504351 0.1017402614807398
1.25 1.5 49 50 35.54465091589563 0.1043698046173779
1.5 1.75 0 1 4714.84191052802 0.9395842515708148
1.5 1.75 1 2 -2676.385795270129 0.7534944297101352
1.5 1.75 2 3 -5537.816165181282 1.696443445506311
1.5 1.75 3 4 -4290.591180670592 1.640503335410306
1.5 1.75 4 5 -3096.182891023814 1.46683106803174
1.5 1.75 5 6 -2224.290843374933 1.292214216679383
1.5 1.75 6 7 -1611.076930722726 1.139050830134276
1.5 1.75 7 8 -1178.242247769023 1.008971261481665
1.5 1.75 8 9 -868.489462871235 0.89936059539045
1.5 1.75 9 10 -643.2838702225777 0.8069241407324966
1.5 1.75 10 11 -476.9564339773992 0.7275019944929118
1.5 1.75 11 12 -352.5146723796074 0.6594728317797839
1.5 1.75 12 13 -258.3006322850244 0.600540899610615
1.5 1.75 13 14 -186.2703564786257 0.5491088787308191
1.5 1.75 14 15 -130.7573981564974 0.5039141556369487
1.5 1.75 15 16 -87.70207397937179 0.463951899629916
1.5 1.75 16 17 -54.15009487468637 0.4284156214862367
1.5 1.75 17 18 -27.92077573490883 0.396652194181073
1.5 1.75 18 19 -7.383595303629136 0.3681279738572865
1.5 1.75 19 20 8.694854025371797 0.3424032140269972
1.5 1.75 20 21 21.2574029822697 0.3191126171883846
1.5 1.75 21 22 31.03159007540773 0.2979504391622564
1.5 1.75 22 23 38.58361133336837 0.2786589769036381
1.5 1.75 23 24 44.35748447993251 0.2610195959544711
1.5 1.75 24 25 48.70382143409518 0.2448456769788797
1.5 1.75 25 26 51.90120051308327 0.2299770244099299
1.5 1.75 26 27 54.17220392731383 0.2162753978606535
1.5 1.75 27 28 55.69556556582097 0.2036209156741043
1.5 1.75 28 29 56.61545263979099 0.1919091377227418
1.5 1.75 29 30 57.04861443813002 0.1810486844082268
1.5 1.75 30 31 57.08992938721974 0.1709592799811431
1.5 1.75 31 32 56.81673899130431 0.1615701354553488
1.5 1.75 32 33 56.2922556351424 0.1528186044463157
1.5 1.75 33 34 55.56825811484759 0.1446490593276462
1.5 1.75 34 35 54.68723556403819 0.1370119476622482
1.5 1.75 35 36 53.68410144764437 0.1298629955873627
1.5 1.75 36 37 52.58757039219279 0.1231625326692062
1.5 1.75 37 38 51.42126915081553 0.11687491643812
1.5 1.75 38 39 50.20463677385408 0.1109680410856739
1.5 1.75 39 40 48.95365678570818 0.1054129160538537
1.5 1.75 40 41 47.68145498097238 0.1001833014329823
1.5 1.75 41 42 46.39878902086463 0.09525539529844579
1.5 1.75 42 43 45.11445080489767 0.09060756025298887
1.5 1.75 43 44 43.83559806420419 0.08622008721828793
1.5 1.75 44 45 42.56802839109926 0.08207498807786334
1.5 1.75 45 46 41.31527433229982 0.0788626793917182
1.5 1.75 46 47 40.0831890720691 0.07916316744574103
1.5 1.75 47 48 38.87356527967742 0.08305610241328054
1.5 1.75 48 49 37.68868142387996 0.08988593129522904
1.5 1.75 49 50 36.53008065825577 0.09709812472045536
1.75 2 0 1 4286.514820136235 1.076236434723659
1.75 2 1 2 -3056.934758740659 2.554887157355765
1.75 2 2 3 -5545.39206252449 2.789689529134589
1.75 2 3 4 -4248.266443132286 2.328322310585866
1.75 2 4 5 -3051.28413181911 1.933667804433711
1.75 2 5 6 -2185.311937958437 1.631606843613412
1.75 2 6 7 -1578.80511761418 1.39929334869385
1.75 2 7 8 -1151.841388209181 1.216990498467431
1.75 2 8 9 -846.9158986662733 1.069963097638923
1.75 2 9 10 -625.6092643410425 0.9505935475926597
1.75 2 10 11 -462.419864168839 0.8506262788681246
1.75 2 11 12 -340.5130353361142 0.7663997255791865
1.75 2 12 13 -248.3547193942081 0.6944483420694697
1.75 2 13 14 -177.9995178489291 0.6323461168163425
1.75 2 14 15 -123.8578584765887 0.5782648493339899
1.75 2 15 16 -81.93004273615747 0.5308010682741396
1.75 2 16 17 -49.30879130445055 0.4888594718751739
1.75 2 17 18 -23.85047986968448 0.4515726729703042
1.75 2 18 19 -3.953993253177259 0.4182447790085791
1.75 2 19 20 11.59059378464485 0.3883109584116212
1.75 2 20 21 23.70724474270855 0.3613079509054783
1.75 2 21 22 33.10825167568805 0.3368522128379509
1.75 2 22 23 40.34742427420281 0.3146234835625348
1.75 2 23 24 45.85866793610614 0.2943522639749924
1.75 2 24 25 49.98430133963836 0.2758101594391218
1.75 2 25 26 52.99607302558104 0.2588023507994167
1.75 2 26 27 55.11091900919814 0.2431616621300177
1.75 2 27 28 56.50288889063268 0.228743846028666
1.75 2 28 29 57.31225087665302 0.215423801149444
1.75 2 29 30 57.65249903363838 0.2030925155028404
1.75 2 30 31 57.61578640069615 0.1916545767735968
1.75 2 31 32 57.27716673050003 0.1810261305871529
1.75 2 32 33 56.69792736348256 0.1711331956655995
1.75 2 33 34 55.92822361016761 0.1619102647339138
1.75 2 34 35 55.0091725852854 0.1532991362269813
1.75 2 35 36 53.97452601529488 0.1452479335716373
1.75 2 36 37 52.85201309354022 0.1377102781588956
1.75 2 37 38 51.66442332599638 0.130644587496014
1.75 2 38 39 50.43048336188559 0.1240134789023612
1.75 2 39 40 49.165569739354 0.1177832587196864
1.75 2 40 41 47.88229046301637 0.1119234840051424
1.75 2 41 42 46.59096102878073 0.1064065857941324
1.75 2 42 43 45.29999540645457 0.1012075422689999
1.75 2 43 44 44.0162280606213 0.09630359558285935
1.75 2 44 45 42.74517990917425 0.09167400602988346
1.75 2 45 46 41.49017833659073 0.08766189695521606
1.75 2 46 47 40.2568121421892 0.08561936435493772
1.75 2 47 48 39.04673218643612 0.08572962998591294
1.75 2 48 49 37.86206812895813 0.09087419085100487
1.75 2 49 50 36.70422888283201 0.09772952356113035
2 2.25 0 1 3811.081443456586 1.058953863900656
2 2.25 1 2 -3463.398508762288 0.8762324607670828
2 2.25 2 3 -5536.111685552216 1.66173400218782
2 2.25 3 4 -4172.791228703099 1.535733816090094
2 2.25 4 5 -2967.195091807285 1.353601094597836
2 2.25 5 6 -2106.782572001686 1.192831281799579
2 2.25 6 7 -1509.19078325141 1.058163958212883
2 2.25 7 8 -1091.29163895082 0.944994107761951
2 2.25 8 9 -794.5893139327663 0.8497162858707858
2 2.25 9 10 -580.4353308466061 0.7684711369351128
2 2.25 10 11 -423.3776065980951 0.6979071159703684
2 2.25 11 12 -306.6726243010719 0.6368000634236274
2 2.25 12 13 -218.9259203883105 0.5832924492906555
2 2.25 13 14 -152.3166569786893 0.5361281992494469
2 2.25 14 15 -101.3640446991756 0.4943071495218808
2 2.25 15 16 -62.16023183252901 0.4570241295675226
2 2.25 16 17 -31.87427654396083 0.4236243736493147
2 2.25 17 18 -8.425573860332179 0.3935704748281294
2 2.25 18 19 9.735068842506962 0.3664175823645391
2 2.25 19 20 23.77476665896847 0.3417945648712223
2 2.25 20 21 34.58210752638524 0.3193895421563541
2 2.25 21 22 42.8400614756257 0.2989386641741193
2 2.25 22 23 49.07804798643031 0.2802173186986533
2 2.25 23 24 53.7096084960026 0.2630331863872005
2 2.25 24 25 57.05999432901558 0.2472207067501241
2 2.25 25 26 59.38659509783042 0.2326366360575619
2 2.25 26 27 60.89422124627697 0.2191564537651505
2 2.25 27 28 61.7466453695323 0.2066714374290042
2 2.25 28 29 62.07539453543893 0.1950862650701272
2 2.25 29 30 61.98650251045751 0.1843170382231122
2 2.25 30 31 61.56573410811069 0.1742896424997846
2 2.25 31 32 60.88265539580442 0.164938380499722
2 2.25 32 33 59.99382510405599 0.1562048262815844
2 2.25 33 34 58.9453119125522 0.1480368602534303
2 2.25 34 35 57.77469101558745 0.1403878525975908
2 2.25 35 36 56.51263585017665 0.1332159698626008
2 2.25 36 37 55.18419313610241 0.1264835823545914
2 2.25 37 38 53.80980882107934 0.1201567575518023
2 2.25 38 39 52.40615700983523 0.1142048234140522
2 2.25 39 40 50.9868122706024 0.1085999927179369
2 2.25 40 41 49.56279695958091 0.1033170362850986
2 2.25 41 42 48.1430281621511 0.09833300098335031
2 2.25 42 43 46.73468390167153 0.09362696221733574
2 2.25 43 44 45.34350400617569 0.08917980931801271
2 2.25 44 45 43.97403795635228 0.08497405567761086
2 2.25 45 46 42.62877236618723 0.08165206474778908
2 2.25 46 47 41.31248358273936 0.08161261476013038
2 2.25 47 48 40.0261587173847 0.08491828668118104
2 2.25 48 49 38.77131383060737 0.09094626013399387
2 2.25 49 50 37.54881114954185 0.09732034936677264
2.25 2.5 0 1 3305.501626228454 1.852277097814466
2.25 2.5 1 2 -3871.912707117417 0.9634187695496974
2.25 2.5 2 3 -5487.921856271683 1.692818683194925
2.25 2.5 3 4 -4065.102230653663 1.55886801409454
2.25 2.5 4 5 -2862.825641206476 1.374508549690497
2.25 2.5 5 6 -2017.473931142087 1.246250457733794
2.25 2.5 6 7 -1435.257211596049 1.121985383335313
2.25 2.5 7 8 -1030.572715578067 1.010212193136082
2.25 2.5 8 9 -744.6871590934134 0.9126274648990845
2.25 2.5 9 10 -539.2644434994345 0.8275763159523489
2.25 2.5 10 11 -389.2596519427761 0.7529349192530838
2.25 2.5 11 12 -278.2596374446814 0.6877482151033129
2.25 2.5 12 13 -195.1566242185643 0.6304016175696499
2.25 2.5 13 14 -132.3503254532332 0.579709138126132
2.25 2.5 14 15 -84.53111654745635 0.5346838368855908
2.25 2.5 15 16 -47.92397896924126 0.4945077111112402
2.25 2.5 16 17 -19.80151068484952 0.4585021811123385
2.25 2.5 17 18 1.835673503417866 0.4261024553746453
2.25 2.5 18 19 18.47260253605464 0.3968363166603395
2.25 2.5 19 20 31.22533576651801 0.3703069343214657
2.25 2.5 20 21 40.9415492765537 0.3461790599821755
2.25 2.5 21 22 48.2712095721123 0.3241679677156586
2.25 2.5 22 23 53.71694391368601 0.304030584161618
2.25 2.5 23 24 57.67041520320299 0.2855583537520063
2.25 2.5 24 25 60.43891016072985 0.2685714769756062
2.25 2.5 25 26 62.26499166944245 0.2529142347030092
2.25 2.5 26 27 63.34117450886879 0.2384511756203216
2.25 2.5 27 28 63.82098888981352 0.2250639917418807
2.25 2.5 28 29 63.82739409787405 0.2126489432664792
2.25 2.5 29 30 63.45922872338474 0.2011147277229602
2.25 2.5 30 31 62.79619275779197 0.1903807055175896
2.25 2.5 31 32 61.90272241166099 0.1803754176537102
2.25 2.5 32 33 60.83102311514745 0.1710353396456677
2.25 2.5 33 34 59.62345776062341 0.1623038309916349
2.25 2.5 34 35 58.31443766446284 0.1541302446711431
2.25 2.5 35 36 56.9319275037227 0.1464691699710569
2.25 2.5 36 37 55.49864873831137 0.1392797854727134
2.25 2.5 37 38 54.03304622845206 0.1325253049128765
2.25 2.5 38 39 52.5500678436664 0.1261725000950378
2.25 2.5 39 40 51.06179562235792 0.1201912893804284
2.25 2.5 40 41 49.57795865470484 0.114554380801298
2.25 2.5 41 42 48.10635111117128 0.1092369631523847
2.25 2.5 42 43 46.65317409481887 0.1042164353288078
2.25 2.5 43 44 45.22331594231909 0.09947217128978186
2.25 2.5 44 45 43.82058265105786 0.09498531295569758
2.25 2.5 45 46 42.44684635432372 0.09105754384709472
2.25 2.5 46 47 41.10624530877354 0.08886713242049488
2.25 2.5 47 48 39.79930297326129 0.08855035335208038
2.25 2.5 48 49 38.52709675797627 0.08995984662508454
2.25 2.5 49 50 37.29010354974531 0.09315324740071622
2.5 2.75 0 1 2746.754187348751 2.578265685350956
2.5 2.75 1 2 -4312.560646411495 1.105897709691619
2.5 2.75 2 3 -5431.714651329133 2.447814814902789
2.5 2.75 3 4 -3944.521018520461 2.474037123526904
2.5 2.75 4 5 -2744.232613395598 2.219368716938144
2.5 2.75 5 6 -1913.807410374612 1.952726750875123
2.5 2.75 6 7 -1347.546272208881 1.718581063774838
2.5 2.75 7 8 -957.0238250468751 1.520295680228021
2.5 2.75 8 9 -683.0429939168857 1.353205388547999
2.5 2.75 9 10 -487.4468109582122 1.212305727636
2.5 2.75 10 11 -345.531313242677 1.091953948835024
2.5 2.75 11 12 -241.1867082907283 0.9887560520394403
2.5 2.75 12 13 -163.5832347434232 0.8994899653814892
2.5 2.75 13 14 -105.3433604346299 0.8217118752288617
2.5 2.75 14 15 -61.33550475073775 0.7534870892896445
2.5 2.75 15 16 -27.92606724736083 0.6932732258045177
2.5 2.75 16 17 -2.499976101947823 0.6398304871275405
2.5 2.75 17 18 16.85264537096396 0.5921537332092981
2.5 2.75 18 19 31.5451656074606 0.5494211678932605
2.5 2.75 19 20 42.6359608322972 0.5109554336231842
2.5 2.75 20 21 50.92601139409317 0.4761939256072562
2.5 2.75 21 22 57.0272682433623 0.4446659667678765
2.5 2.75 22 23 61.41123870329932 0.4159751150385633
2.5 2.75 23 24 64.44397526217745 0.3897853358061422
2.5 2.75 24 25 66.4115815501392 0.3658101076280428
2.5 2.75 25 26 67.53901498484697 0.3438037718042892
2.5 2.75 26 27 68.00409148246467 0.3235546117278334
2.5 2.75 27 28 67.94801602046994 0.3048792765403668
2.5 2.75 28 29 67.48337056994296 0.2876182572756237
2.5 2.75 29 30 66.70022244390083 0.2716321928237578
2.5 2.75 30 31 65.67083040302566 0.2567988354233813
2.5 2.75 31 32 64.45329556369137 0.2430105429378734
2.5 2.75 32 33 63.09441188366628 0.2301721953460939
2.5 2.75 33 34 61.63190495765883 0.2181994544411651
2.5 2.75 34 35 60.09620008539616 0.2070173033537651
2.5 2.75 35 36 58.51182573204306 0.1965588146443132
2.5 2.75 36 37 56.89853283655242 0.1867641069311728
2.5 2.75 37 38 55.27219144435719 0.1775794576618252
2.5 2.75 38 39 53.64551187701568 0.1689565446140031
2.5 2.75 39 40 52.02862693364278 0.1608517965203754
2.5 2.75 40 41 50.42956361481691 0.1532258337089805
2.5 2.75 41 42 48.8546264493082 0.1460429853696473
2.5 2.75 42 43 47.30870999194809 0.1392708710785863
2.5 2.75 43 44 45.79555422618432 0.1328800377355014
2.5 2.75 44 45 44.31795381220874 0.1268436423150008
2.5 2.75 45 46 42.87692434544687 0.1213588976131702
2.5 2.75 46 47 41.47574596935948 0.1172389164945057
2.5 2.75 47 48 40.11427984694768 0.114597532767664
2.5 2.75 48 49 38.79298430773562 0.1133787967243312
2.5 2.75 49 50 37.51178593567974 0.1127751177169159
2.75 3 0 1 2127.181912268833 2.179907908351314
2.75 3 1 2 -4750.155202426456 3.645658204206411
2.75 3 2 3 -5317.201299303936 5.667398454237195
2.75 3 3 4 -3769.004545015202 4.94980827724616
2.75 3 4 5 -2580.931210860536 4.158666048972258
2.75 3 5 6 -1775.143387929847 3.510919858763236
2.75 3 6 7 -1232.68092220951 2.998393217452474
2.75 3 7 8 -862.3827236801671 2.590630910807679
2.75 3 8 9 -604.9238133802874 2.261721142942094
2.75 3 9 10 -422.7003123750819 1.993190120077123
2.75 3 10 11 -291.6677323785243 1.769338779774865
2.75 3 11 12 -196.0779748237744 1.582184662624208
2.75 3 12 13 -125.6492264392689 1.423038270382666
2.75 3 13 14 -73.30320384095398 1.286595053910982
2.75 3 14 15 -34.16712590360294 1.168606014493415
2.75 3 15 16 -4.808742248594626 1.065791247114141
2.75 3 16 17 17.22976648468375 0.9755841659525402
2.75 3 17 18 33.73474710400637 0.8959510793054163
2.75 3 18 19 46.02187845434003 0.8252619992034995
2.75 3 19 20 55.07174432304123 0.762196769202324
2.75 3 20 21 61.62294990520888 0.7056758939751533
2.75 3 21 22 66.23709942059156 0.6548088956101089
2.75 3 22 23 69.3448040892597 0.6088552791268467
2.75 3 23 24 71.27869726212771 0.56719468958626
2.75 3 24 25 72.2974187400547 0.529303852214268
2.75 3 25 26 72.60323597723482 0.4947385771964264
2.75 3 26 27 72.35512512568835 0.4631195867170959
2.75 3 27 28 71.6785746082366 0.4341212562044979
2.75 3 28 29 70.67299716709141 0.4074625986767711
2.75 3 29 30 69.4173792289061 0.3828999912832361
2.75 3 30 31 67.97461906158134 0.3602212657561128
2.75 3 31 32 66.39488108346887 0.3392408753274133
2.75 3 32 33 64.71820601459075 0.3197959180418806
2.75 3 33 34 62.97655396354946 0.3017428450423206
2.75 3 34 35 61.19541237821767 0.2849547211963856
2.75 3 35 36 59.39506792523576 0.2693189336514565
2.75 3 36 37 57.59161720964403 0.2547352653191521
2.75 3 37 38 55.79777343371256 0.2411142682290892
2.75 3 38 39 54.02351273095837 0.2283758834774998
2.75 3 39 40 52.27659389596934 0.2164482659982058
2.75 3 40 41 50.5629777723106 0.2052667794686399
2.75 3 41 42 48.88716659620061 0.1947731335543784
2.75 3 42 43 47.2524794016712 0.1849146409280387
2.75 3 43 44 45.66127605505267 0.1756435749259972
2.75 3 44 45 44.11513989163686 0.1669166124282754
2.75 3 45 46 42.61406623020608 0.1588494915698446
2.75 3 46 47 41.16030812527126 0.1519961030905386
2.75 3 47 48 39.75294450993013 0.1464356688372151
2.75 3 48 49 38.39170292191818 0.1421420017980455
2.75 3 49 50 37.07586200585916 0.1385473589388243
3 3.25 0 1 1447.771278833799 1.332446753554454
3 3.25 1 2 -5115.860999112628 8.63437060987879
3 3.25 2 3 -5089.790278728346 9.699858498892983
3 3.25 3 4 -3503.734065092015 8.014351408605192
3 3.25 4 5 -2350.973998640472 6.555552826971915
3 3.25 5 6 -1587.526921637278 5.440444888586136
3 3.25 6 7 -1081.753183121297 4.588407274686674
3 3.25 7 8 -741.0056253710172 3.925530350170984
3 3.25 8 9 -506.8885177840059 3.399615610286024
3 3.25 9 10 -343.0521308292657 2.974419332488615
3 3.25 10 11 -226.5615864059289 2.625274893548169
3 3.25 11 12 -142.6067708211535 2.334633664640895
3 3.25 12 13 -81.51169397271065 2.089591618438479
3 3.25 13 14 -36.72450062213807 1.880845424205445
3 3.25 14 15 -3.754831782988276 1.701357904680904
3 3.25 15 16 20.53888462683744 1.545755213310826
3 3.25 16 17 38.39177764392957 1.409870655071847
3 3.25 17 18 51.41810490021044 1.290428852505046
3 3.25 18 19 60.79938744351216 1.184822978929872
3 3.25 19 20 67.41072525541495 1.090954903829466
3 3.25 20 21 71.90710766358382 1.007118647121229
3 3.25 21 22 74.78334760603059 0.9319141602722465
3 3.25 22 23 76.41632015659934 0.8641826818832635
3 3.25 23 24 77.09513550264899 0.8029576678685798
3 3.25 24 25 77.04296159724402 0.7474271181749624
3 3.25 25 26 76.43298739917657 0.6969043481505848
3 3.25 26 27 75.40022202149345 0.6508050902788142
3 3.25 27 28 74.05029958269159 0.6086293930308511
3 3.25 28 29 72.46610751693504 0.569947191294607
3 3.25 29 30 70.71281670783503 0.5343867136999306
3 3.25 30 31 68.84172724432085 0.5016251010130824
3 3.25 31 32 66.89322880740878 0.4713807616926747
3 3.25 32 33 64.8990938879956 0.4434071032800366
3 3.25 33 34 62.88426450748983 0.4174873609435589
3 3.25 34 35 60.86825174601188 0.3934303069301888
3 3.25 35 36 58.86623735911002 0.3710666719994889
3 3.25 36 37 56.88994478301686 0.3502461455270931
3 3.25 37 38 54.94833064727382 0.3308348489244389
3 3.25 38 39 53.04813582742344 0.3127131977030552
3 3.25 39 40 51.19432602494211 0.2957740854642535
3 3.25 40 41 49.3904451575564 0.2799213339450529
3 3.25 41 42 47.6388994894985 0.265068366218828
3 3.25 42 43 45.94118667606998 0.2511370658930124
3 3.25 43 44 44.29808075819179 0.2380567932328776
3 3.25 44 45 42.70978181511038 0.2257635335852474
3 3.25 45 46 41.17513903067928 0.2143026753787409
3 3.25 46 47 39.69522216567461 0.204015756062235
3 3.25 47 48 38.26824703590498 0.1949336934551985
3 3.25 48 49 36.89312886326167 0.1870249274151994
3 3.25 49 50 35.5684307401543 0.1798971156349337
3.25 3.5 0 1 734.5257447227459 0.4589206891284375
3.25 3.5 1 2 -5291.566473847985 19.09607390491271
3.25 3.5 2 3 -4677.846038405007 15.60824930308082
3.25 3.5 3 4 -3107.460970396051 11.90140965103527
3.25 3.5 4 5 -2030.758110119132 9.332390125058318
3.25 3.5 5 6 -1337.787065245499 7.529284545243891
3.25 3.5 6 7 -887.8835786217192 6.216346682296177
3.25 3.5 7 8 -589.8755626942643 5.227386888654535
3.25 3.5 8 9 -388.3127772396927 4.461170540501261
3.25 3.5 9 10 -249.3839445040483 3.853450526961988
3.25 3.5 10 11 -152.0679225816491 3.362099546703389
3.25 3.5 11 12 -83.13231533577778 2.958235096477835
3.25 3.5 12 13 -33.88800553470082 2.621734691368557
3.25 3.5 13 14 1.501346223503106 2.337978579548992
3.25 3.5 14 15 26.94006139221233 2.096233373335351
3.25 3.5 15 16 45.15475298802119 1.888417355749473
3.25 3.5 16 17 58.06892771434445 1.708345383732023
3.25 3.5 17 18 67.06022045343991 1.551210477402656
3.25 3.5 18 19 73.12857023488107 1.413225262092587
3.25 3.5 19 20 77.00834388050009 1.291368909186531
3.25 3.5 20 21 79.24444614983406 1.183205262692651
3.25 3.5 21 22 80.24484092384989 1.086749969193143
3.25 3.5 22 23 80.31734286924075 1.000371956864873
3.25 3.5 23 24 79.69574571480331 0.9227193913855337
3.25 3.5 24 25 78.55861096004583 0.8526633373382257
3.25 3.5 25 26 77.04293356068064 0.7892544044083291
3.25 3.5 26 27 75.25418550423848 0.7316890368098258
3.25 3.5 27 28 73.27376788734335 0.6792830486994464
3.25 3.5 28 29 71.16458857784198 0.631450662481675
3.25 3.5 29 30 68.97527030978989 0.5876877685056611
3.25 3.5 30 31 66.74334879586081 0.5475584530641172
3.25 3.5 31 32 64.49771955176038 0.5106840786627543
3.25 3.5 32 33 62.26052138849695 0.476734373786588
3.25 3.5 33 34 60.04859437656239 0.44542011632516
3.25 3.5 34 35 57.87461416251526 0.4164870905781812
3.25 3.5 35 36 55.74797855312167 0.3897110679612661
3.25 3.5 36 37 53.67550333678781 0.3648936165833592
3.25 3.5 37 38 51.6619704336004 0.3418585851585845
3.25 3.5 38 39 49.71056112231187 0.3204491394605153
3.25 3.5 39 40 47.82319939813604 0.3005252528477154
3.25 3.5 40 41 46.0008248212084 0.281961572828017
3.25 3.5 41 42 44.24360969789214 0.264645599984937
3.25 3.5 42 43 42.55113226652173 0.2484761275297194
3.25 3.5 43 44 40.9225149439998 0.2333618994405489
3.25 3.5 44 45 39.35653472873469 0.2192204528049268
3.25 3.5 45 46 37.85090473466002 0.2060699651423721
3.25 3.5 46 47 36.4054498394928 0.1942013426822175
3.25 3.5 47 48 35.01756366799688 0.1836353282005431
3.25 3.5 48 49 33.68537105731214 0.1743393568536893
3.25 3.5 49 50 32.40675069035184 0.1659526578130311
3.5 3.75 0 1 70.02190868266604 1.784398293383083
3.5 3.75 1 2 -5086.615936245202 25.61932957742003
3.5 3.75 2 3 -4000.328992573177 17.42587995738836
3.5 3.75 3 4 -2547.186517926716 12.48142774788065
3.5 3.75 4 5 -1609.805416358349 9.442465561776373
3.5 3.75 5 6 -1026.148974144711 7.429860356991792
3.5 3.75 6 7 -656.3614207289147 6.016444606113113
3.5 3.75 7 8 -416.55019342026 4.978767210208691
3.5 3.75 8 9 -257.5908351042958 4.190386656064875
3.5 3.75 9 10 -150.2426711621802 3.575166539962023
3.5 3.75 10 11 -76.65697989016076 3.084232865735896
3.5 3.75 11 12 -25.50070283368382 2.684736978905709
3.5 3.75 12 13 10.00331197269725 2.356433229678381
3.5 3.75 13 14 34.53280659604707 2.081307120589281
3.5 3.75 14 15 51.59247717697087 1.849074196099967
3.5 3.75 15 16 63.20720413053175 1.650978825197827
3.5 3.75 16 17 70.892528460741 1.480569846298198
3.5 3.75 17 18 75.72208322799747 1.332879816826716
3.5 3.75 18 19 78.46652215064069 1.204027392654341
3.5 3.75 19 20 79.68535603646183 1.090940092771799
3.5 3.75 20 21 79.78878893264215 0.9911571758876077
3.5 3.75 21 22 79.0800581870688 0.9026869992799921
3.5 3.75 22 23 77.7848701030793 0.8239021589328154
3.5 3.75 23 24 76.07214890301157 0.7534612945374737
3.5 3.75 24 25 74.0688471217087 0.6902500158501681
3.5 3.75 25 26 71.87063814666237 0.6333357419104426
3.5 3.75 26 27 69.54971611867387 0.5819327984913032
3.5 3.75 27 28 67.16053944732204 0.5353751722379608
3.5 3.75 28 29 64.74409640011925 0.4930950440435594
3.5 3.75 29 30 62.33109769439946 0.454605730515537
3.5 3.75 30 31 59.94438287894394 0.4194880198743159
3.5 3.75 31 32 57.60074567833234 0.3873791455934139
3.5 3.75 32 33 55.31232653401972 0.3579638267899519
3.5 3.75 33 34 53.08768041932811 0.3309669407023298
3.5 3.75 34 35 50.9325993824441 0.3061474937396061
3.5 3.75 35 36 48.85074868143494 0.2832936323216007
3.5 3.75 36 37 46.84416043710999 0.2622184922606303
3.5 3.75 37 38 44.91361782946473 0.2427567285103197
3.5 3.75 38 39 43.05895478926178 0.2247615993080471
3.5 3.75 39 40 41.27929015437127 0.2081025062209687
3.5 3.75 40 41 39.57321086286515 0.1926629089054843
3.5 3.75 41 42 37.93891527687516 0.1783385515620609
3.5 3.75 42 43 36.37432530091189 0.1650359482326752
3.5 3.75 43 44 34.87717398507502 0.1526710850157473
3.5 3.75 44 45 33.44507379675731 0.1411683045859426
3.5 3.75 45 46 32.07489499060304 0.1305748499104067
3.5 3.75 46 47 30.76538259325545 0.1212857410887609
3.5 3.75 47 48 29.51338669999224 0.1133705984003495
3.5 3.75 48 49 28.31647014353467 0.1068274686162821
3.5 3.75 49 50 27.17205120240087 0.1012328735677832
3.75 4 0 1 -429.9482237898686 2.030260736830481
3.75 4 1 2 -4353.4189200044 29.89977042564166
3.75 4 2 3 -3035.596662905129 14.4034066695582
3.75 4 3 4 -1832.664098899028 8.644470841507538
3.75 4 4 5 -1106.914228818318 5.766525174187733
3.75 4 5 6 -673.0319022375929 4.09533200891693
3.75 4 6 7 -406.5888587133829 3.030676267347207
3.75 4 7 8 -238.5561595008223 2.308261370331248
3.75 4 8 9 -130.1459383827012 1.794795695421893
3.75 4 9 10 -58.96609128593377 1.417155888237641
3.75 4 10 11 -11.76302081123561 1.135061218072091
3.75 4 11 12 19.74875545805207 0.9138297025874031
3.75 4 12 13 40.80197723653419 0.7445011303082557
3.75 4 13 14 54.60478704194145 0.5990980797965696
3.75 4 14 15 63.39406794156002 0.4950989747816734
3.75 4 15 16 68.74488658820746 0.4068495051925411
3.75 4 16 17 71.65341146717077 0.3355861185292341
3.75 4 17 18 72.83884921329593 0.2782155268250385
3.75 4 18 19 72.80927845501145 0.2324791229183596
3.75 4 19 20 71.92739823976274 0.2127028332236086
3.75 4 20 21 70.454338111732 0.1975694353570517
3.75 4 21 22 68.57935125279971 0.1838199503916023
3.75 4 22 23 66.44025109527769 0.1712902553902505
3.75 4 23 24 64.13767308072624 0.1598402511751916
3.75 4 24 25 61.74515214859022 0.1493497276848711
3.75 4 25 26 59.31632391469762 0.1397150366268607
3.75 4 26 27 56.89012268544178 0.1308463964717325
3.75 4 27 28 54.49456764022236 0.1282659736276084
3.75 4 28 29 52.14954310698377 0.1308798969739361
3.75 4 29 30 49.86885493790501 0.1336486779021999
3.75 4 30 31 47.6617612190268 0.1363487041177925
3.75 4 31 32 45.53411806530161 0.1388472036704653
3.75 4 32 33 43.4892414185322 0.1410712146654962
3.75 4 33 34 41.52855786485156 0.1429862219909464
3.75 4 34 35 39.65209772977167 0.1445819174396579
3.75 4 35 36 37.85886958996976 0.1458628671229307
3.75 4 36 37 36.14714517294955 0.1468424530187429
3.75 4 37 38 34.51467623782131 0.1475389667425767
3.75 4 38 39 32.95885961291667 0.1479731084682251
3.75 4 39 40 31.47686257087932 0.1481664035422211
3.75 4 40 41 30.0657178176546 0.148140216903286
3.75 4 41 42 28.72239507972701 0.1479151582854494
3.75 4 42 43 27.44385468785681 0.1475107414123238
3.75 4 43 44 26.2270872915901 0.1469452085490692
3.75 4 44 45 25.06914285298929 0.1462354608690982
3.75 4 45 46 23.96665067110079 0.1454685382893294
3.75 4 46 47 22.91771656598925 0.1449057513257924
3.75 4 47 48 21.91917383210284 0.1445602830916889
3.75 4 48 49 20.96847305198391 0.1444033243068045
3.75 4 49 50 20.06300035535246 0.1442217564091006
4 5 0 1 -1207.777244690057 3.806153217316549
4 5 1 2 -4883.234975440267 10.69407726757988
4 5 2 3 -2798.584690255837 6.80942073049103
4 5 3 4 -1464.523720547606 4.830292990671624
4 5 4 5 -758.0087730885791 3.527128708233166
4 5 5 6 -378.5961484251668 2.67194655241653
4 5 6 7 -166.4839777912025 2.13025369215656
4 5 7 8 -44.54284361862619 1.762006014952522
4 5 8 9 26.56734451682451 1.488518417575608
4 5 9 10 67.97891076220742 1.27411367552007
4 5 10 11 91.51867280440081 1.105150116919313
4 5 11 12 104.099257136583 0.9702511992525978
4 5 12 13 109.8642768551146 0.8574721353962549
4 5 13 14 111.3434484307494 0.760955507167038
4 5 14 15 110.1252877377308 0.6793787902488695
4 5 15 16 107.2347341497 0.610416940208711
4 5 16 17 103.3426096155443 0.5511584000857839
4 5 17 18 98.88750703343862 0.4992334662798003
4 5 18 19 94.15600642751281 0.4533173095217324
4 5 19 20 89.33607131625172 0.4126918292433898
4 5 20 21 84.55107794171784 0.3767493974543281
4 5 21 22 79.88100937748786 0.3448413369112474
4 5 22 23 75.37606052330483 0.316344516256726
4 5 23 24 71.06587257869424 0.2907415325650521
4 5 24 25 66.96602507050355 0.2676370524017559
4 5 25 26 63.08260761095778 0.24672871503314
4 5 26 27 59.41539109495815 0.2277704679071927
4 5 27 28 55.9599985701872 0.2105484881416832
4 5 28 29 52.70938786472936 0.1948712398277112
4 5 29 30 49.65487164019306 0.1805675165682504
4 5 30 31 46.78682627341811 0.1674866532741186
4 5 31 32 44.09518698457738 0.1554979960179223
4 5 32 33 41.56979210597434 0.1444890766633596
4 5 33 34 39.2006187116672 0.1343630121002461
4 5 34 35 36.97793941565965 0.125035798746894
4 5 35 36 34.89242215782319 0.1164339418395812
4 5 36 37 32.93518919336066 0.1084925774022443
4 5 37 38 31.09784731074084 0.1011540640755406
4 5 38 39 29.37249807941496 0.09436694027294795
4 5 39 40 27.75173448167402 0.08808513442688645
4 5 40 41 26.228628512449 0.08226733765699384
4 5 41 42 24.7967129357383 0.07687647922542444
4 5 42 43 23.44995948196188 0.07187926863618797
4 5 43 44 22.18275510430746 0.06724578789790051
4 5 44 45 20.98987737566117 0.06294912303151416
4 5 45 46 19.86597356198605 0.05941119359716437
4 5 46 47 18.80717819587874 0.05823297901543466
4 5 47 48 17.80883946229394 0.05955525294555101
4 5 48 49 16.86710137899205 0.06351128285296687
4 5 49 50 15.97797972578747 0.06780521673305311
-5 5 0 50 -549331.9195933418 98.03196245420111
