#ylo yhi qTlo qThi PDF0  uncertainty
-5 -4 0 1 -1196.940885757882 3.7062422138379
-5 -4 1 2 -4870.871918981942 10.42622760373754
-5 -4 2 3 -2795.913140167334 6.623614061296068
-5 -4 3 4 -1467.548500439751 4.691212059017952
-5 -4 4 5 -762.7399206587197 3.448162967091384
-5 -4 5 6 -383.2476343369021 2.629888779315057
-5 -4 6 7 -170.591481762274 2.101382620659929
-5 -4 7 8 -48.05206437751986 1.736687471571667
-5 -4 8 9 23.5830582585786 1.464751162362795
-5 -4 9 10 65.43628743967849 1.251554694424829
-5 -4 10 11 89.33906920832214 1.083646462660617
-5 -4 11 12 102.2152354028956 0.9491926005752037
-5 -4 12 13 108.2221238644843 0.8369137320125336
-5 -4 13 14 109.9010229229362 0.7413666151431962
-5 -4 14 15 108.8479348542966 0.6605168043802634
-5 -4 15 16 106.0952225002935 0.592187417265165
-5 -4 16 17 102.3191681125077 0.5335221103788123
-5 -4 17 18 97.96261672568255 0.4822003877350047
-5 -4 18 19 93.31546070488719 0.4368961349128179
-5 -4 19 20 88.56825734735179 0.3968669365938
-5 -4 20 21 83.84642834916747 0.3614887317355776
-5 -4 21 22 79.23158107208303 0.3301111222227728
-5 -4 22 23 74.77520885430448 0.3021162892990693
-5 -4 23 24 70.50799795873411 0.2769914929576946
-5 -4 24 25 66.44637517978774 0.2543429635089959
-5 -4 25 26 62.59712225751588 0.2338678868180417
-5 -4 26 27 58.96057976394587 0.2153194758048494
-5 -4 27 28 55.53284305317044 0.1984838573961307
-5 -4 28 29 52.30726422389958 0.1831702445725803
-5 -4 29 30 49.27548719531683 0.1692086707412122
-5 -4 30 31 46.42816835791783 0.156449852597612
-5 -4 31 32 43.75548099575218 0.1447644402220158
-5 -4 32 33 41.24746694616856 0.1340411159577598
-5 -4 33 34 38.89427814241074 0.1241840054058365
-5 -4 34 35 36.68633817202974 0.1151100184035529
-5 -4 35 36 34.61444591500735 0.1067465225332377
-5 -4 36 37 32.66983767205188 0.09902949542635306
-5 -4 37 38 30.84421995271538 0.09190213126901288
-5 -4 38 39 29.1297818425356 0.085313803622522
-5 -4 39 40 27.51919339194668 0.07921927645390703
-5 -4 40 41 26.00559468122169 0.07357807732384311
-5 -4 41 42 24.58257880488013 0.06835397571418746
-5 -4 42 43 23.24417110465453 0.06351453064772032
-5 -4 43 44 21.9848063017708 0.05903069015650008
-5 -4 44 45 20.79930463896662 0.05487643370481287
-5 -4 45 46 19.68235109745849 0.05146526724745401
-5 -4 46 47 18.63011116776134 0.05038088040985347
-5 -4 47 48 17.6379638222971 0.05164572004961462
-5 -4 48 49 16.70208116158049 0.05577887001232497
-5 -4 49 50 15.81849752878288 0.06046706703491646
-4 -3.75 0 1 -429.8971665035004 2.037394462311752
-4 -3.75 1 2 -4361.569759102826 29.67999094145222
-4 -3.75 2 3 -3053.442783306969 14.30652462293801
-4 -3.75 3 4 -1849.037421635203 8.590690543090092
-4 -3.75 4 5 -1119.676382986767 5.733396827318125
-4 -3.75 5 6 -682.5016567130529 4.073838061385104
-4 -3.75 6 7 -413.5101571721543 3.016409895066342
-4 -3.75 7 8 -243.5943100728809 2.298781311743204
-4 -3.75 8 9 -133.8061358968398 1.788761075399723
-4 -3.75 9 10 -61.61406601353997 1.413226538145254
-4 -3.75 10 11 -13.65755909787811 1.128965756647191
-4 -3.75 11 12 18.42860392907016 0.9165212635016817
-4 -3.75 12 13 39.85029218530622 0.7462609492122843
-4 -3.75 13 14 53.95736589856756 0.5991321213089136
-4 -3.75 14 15 63.05755529845374 0.4972158486918509
-4 -3.75 15 16 68.57069048784922 0.4086249228700478
-4 -3.75 16 17 71.62526417577948 0.3375971200409925
-4 -3.75 17 18 72.92416634406612 0.2803368811576588
-4 -3.75 18 19 72.98287467501763 0.2345858527569408
-4 -3.75 19 20 72.16964767050172 0.2135230892244362
-4 -3.75 20 21 70.74983369944977 0.1983882069879953
-4 -3.75 21 22 68.91591723459777 0.1846329739281129
-4 -3.75 22 23 66.80820817871717 0.1720942715987799
-4 -3.75 23 24 64.52928644112671 0.1606327865897269
-4 -3.75 24 25 62.1542130215789 0.1501289260215855
-4 -3.75 25 26 59.73782974792405 0.1404795275591326
-4 -3.75 26 27 57.32003065804383 0.1315951934841498
-4 -3.75 27 28 54.92960326297163 0.126833367648853
-4 -3.75 28 29 52.58705051225778 0.1292023695609641
-4 -3.75 29 30 50.30667896659509 0.1317825309751067
-4 -3.75 30 31 48.09815394038395 0.1343391965138138
-4 -3.75 31 32 45.96766420330636 0.1367301636480698
-4 -3.75 32 33 43.91879850952071 0.138874870548714
-4 -3.75 33 34 41.95320796702161 0.1407328371005421
-4 -3.75 34 35 40.07110824964163 0.1422891201494371
-4 -3.75 35 36 38.27166134694488 0.1435446886282473
-4 -3.75 36 37 36.55326624354026 0.1445101228306249
-4 -3.75 37 38 34.91378044193885 0.1452015184544407
-4 -3.75 38 39 33.35068874602324 0.1456378417639808
-4 -3.75 39 40 31.86123167687406 0.1458392382626897
-4 -3.75 40 41 30.44250293992414 0.1458259660733693
-4 -3.75 41 42 29.0915230417926 0.1456177404301378
-4 -3.75 42 43 27.80529454445946 0.145233346930695
-4 -3.75 43 44 26.58084315787218 0.1446904313527696
-4 -3.75 44 45 25.41524787766315 0.1440054031527156
-4 -3.75 45 46 24.30515967167306 0.1432676906915912
-4 -3.75 46 47 23.24870487025706 0.1427481336581598
-4 -3.75 47 48 22.2427309030731 0.1424600434227922
-4 -3.75 48 49 21.28470158745328 0.1423730634247157
-4 -3.75 49 50 20.37200891550003 0.1422652675430743
-3.75 -3.5 0 1 71.04316326569807 1.790287356854198
-3.75 -3.5 1 2 -5093.335233032523 25.15961737268845
-3.75 -3.5 2 3 -4018.492377860108 17.15621083399368
-3.75 -3.5 3 4 -2564.355570870516 12.30168413095426
-3.75 -3.5 4 5 -1623.490641794188 9.31329558359295
-3.75 -3.5 5 6 -1036.516656681834 7.332481279408291
-3.75 -3.5 6 7 -664.0914909746377 5.940575059045457
-3.75 -3.5 7 8 -422.2920749484231 4.918225721252564
-3.75 -3.5 8 9 -261.8575248998272 4.141192418996248
-3.75 -3.5 9 10 -153.416558738747 3.534639067771878
-3.75 -3.5 10 11 -79.02093440108069 3.050028982089866
-3.75 -3.5 11 12 -27.21673979206048 2.656844461115649
-3.75 -3.5 12 13 8.769268100178351 2.33234521800276
-3.75 -3.5 13 14 33.64071565567247 2.060842841916207
-3.75 -3.5 14 15 50.98071785465379 1.831572371383148
-3.75 -3.5 15 16 62.81394622246523 1.635959006136097
-3.75 -3.5 16 17 70.67058430695215 1.467647567016847
-3.75 -3.5 17 18 75.63509948485023 1.321743642250687
-3.75 -3.5 18 19 78.48624349833631 1.194422307616424
-3.75 -3.5 19 20 79.78963908681681 1.082655262851234
-3.75 -3.5 20 21 79.96014630442539 0.9840167843634139
-3.75 -3.5 21 22 79.30458099809465 0.8965432880438979
-3.75 -3.5 22 23 78.05142320353235 0.8186300747349009
-3.75 -3.5 23 24 76.37176452810684 0.7489543215656572
-3.75 -3.5 24 25 74.39426418305402 0.6864168971343211
-3.75 -3.5 25 26 72.215949336145 0.6300978746086243
-3.75 -3.5 26 27 69.91009547288894 0.579222146003848
-3.75 -3.5 27 28 67.53203043397804 0.5331325766775343
-3.75 -3.5 28 29 65.12344587362207 0.4912688518999855
-3.75 -3.5 29 30 62.71562487119834 0.4531506653426277
-3.75 -3.5 30 31 60.3318752418927 0.4183642515972977
-3.75 -3.5 31 32 57.98937573287509 0.3865515172420218
-3.75 -3.5 32 33 55.70058481967433 0.3574012084839285
-3.75 -3.5 33 34 53.47432127945339 0.330641686875745
-3.75 -3.5 34 35 51.31659680917059 0.3060349847766415
-3.75 -3.5 35 36 49.23126017135405 0.2833718855121061
-3.75 -3.5 36 37 47.22049725120036 0.2624678303231714
-3.75 -3.5 37 38 45.28522040609894 0.2431594954496439
-3.75 -3.5 38 39 43.42537232587364 0.2253019161583031
-3.75 -3.5 39 40 41.64016358018341 0.2087660598902387
-3.75 -3.5 40 41 39.9282585854705 0.1934367690181529
-3.75 -3.5 41 42 38.28792120775454 0.1792110107784998
-3.75 -3.5 42 43 36.71712876272056 0.1659963822342153
-3.75 -3.5 43 44 35.21366118130314 0.1537098293988497
-3.75 -3.5 44 45 33.77517058074791 0.1422765456350246
-3.75 -3.5 45 46 32.3985585062114 0.1317456057212226
-3.75 -3.5 46 47 31.08259916459556 0.1225163994647098
-3.75 -3.5 47 48 29.82416464031645 0.1146589445073127
-3.75 -3.5 48 49 28.62083800904709 0.1081706881618265
-3.75 -3.5 49 50 27.47005019000522 0.1026249655517315
-3.5 -3.25 0 1 734.3974200164644 0.4624273644001332
-3.5 -3.25 1 2 -5302.045352302614 18.71053144336872
-3.5 -3.25 2 3 -4696.223267371992 15.33717009761937
-3.5 -3.25 3 4 -3123.634059319263 11.70572582369804
-3.5 -3.25 4 5 -2043.256800701388 9.184112939868911
-3.5 -3.25 5 6 -1347.083923991655 7.412736637795739
-3.5 -3.25 6 7 -894.7177108336909 6.122212947911213
-3.5 -3.25 7 8 -594.8871145307942 5.149762839760726
-3.5 -3.25 8 9 -391.9902308241667 4.396112791367951
-3.5 -3.25 9 10 -252.0848506246743 3.798171866389983
-3.5 -3.25 10 11 -154.032649293355 3.31469082914068
-3.5 -3.25 11 12 -84.54853674202377 2.917173236656406
-3.5 -3.25 12 13 -34.90641132747896 2.585890512875028
-3.5 -3.25 13 14 0.7918769784541837 2.306496768893129
-3.5 -3.25 14 15 26.46667277391248 2.068429604308383
-3.5 -3.25 15 16 44.86295562757846 1.863744076479389
-3.5 -3.25 16 17 57.91758897233592 1.686358750371991
-3.5 -3.25 17 18 67.01801375197192 1.531546557836101
-3.5 -3.25 18 19 73.17143458215844 1.395582585454204
-3.5 -3.25 19 20 77.11764926094645 1.275495452642257
-3.5 -3.25 20 21 79.40565688939216 1.168888600377538
-3.5 -3.25 21 22 80.44653363923442 1.073809713473989
-3.5 -3.25 22 23 80.55047910657561 0.9886538868967314
-3.5 -3.25 23 24 79.95312902341266 0.9120908413503659
-3.5 -3.25 24 25 78.83447855201729 0.8430095369637167
-3.5 -3.25 25 26 77.33264690060781 0.7804755479400387
-3.5 -3.25 26 27 75.55399412857594 0.7236979152655262
-3.5 -3.25 27 28 73.58062780357449 0.6720031218355965
-3.5 -3.25 28 29 71.47602161394616 0.6248144773027489
-3.5 -3.25 29 30 69.28925439464626 0.5816356531749174
-3.5 -3.25 30 31 67.05823175693183 0.5420374313651504
-3.5 -3.25 31 32 64.81215091334076 0.5056469624323416
-3.5 -3.25 32 33 62.57339803853841 0.4721389998720115
-3.5 -3.25 33 34 60.35901699049006 0.4412287018726914
-3.5 -3.25 34 35 58.18185202794791 0.4126656853721862
-3.5 -3.25 35 36 56.05144099727897 0.3862290873560575
-3.5 -3.25 36 37 53.9747163797808 0.3617234411393385
-3.5 -3.25 37 38 51.95655760414215 0.3389752164773854
-3.5 -3.25 38 39 50.00022761150916 0.3178299025612758
-3.5 -3.25 39 40 48.10771890541676 0.2981495385148364
-3.5 -3.25 40 41 46.28002858763418 0.2798106133395279
-3.5 -3.25 41 42 44.51737732424195 0.2627022733817974
-3.5 -3.25 42 43 42.81938399824136 0.2467247862604915
-3.5 -3.25 43 44 41.18520516782772 0.2317882200149822
-3.5 -3.25 44 45 39.6136464730001 0.2178113031567659
-3.5 -3.25 45 46 38.10244249404731 0.2048152561646724
-3.5 -3.25 46 47 36.65143996348282 0.1930995585230962
-3.5 -3.25 47 48 35.25804701237783 0.1826875979039735
-3.5 -3.25 48 49 33.92040249726824 0.1735480492561368
-3.5 -3.25 49 50 32.63639288113504 0.1653145403655846
-3.25 -3 0 1 1445.452283782543 1.312377100598951
-3.25 -3 1 2 -5135.395242814573 8.59010035907148
-3.25 -3 2 3 -5110.826660045752 9.630813821273289
-3.25 -3 3 4 -3519.947278247287 7.954290265008362
-3.25 -3 4 5 -2362.597455290711 6.505361027751587
-3.25 -3 5 6 -1595.686393889636 5.398314076999083
-3.25 -3 6 7 -1087.439564326687 4.55264414610057
-3.25 -3 7 8 -744.9525233516015 3.894821894753109
-3.25 -3 8 9 -509.6133330595903 3.372966906804917
-3.25 -3 9 10 -344.9089814460817 2.951088321870742
-3.25 -3 10 11 -227.7986443843697 2.604686489739943
-3.25 -3 11 12 -143.4042345099497 2.316326709341873
-3.25 -3 12 13 -81.98968067057331 2.073217467799363
-3.25 -3 13 14 -36.97086883454199 1.866120277609124
-3.25 -3 14 15 -3.832840973573411 1.688051842655545
-3.25 -3 15 16 20.58332152763546 1.533679868705609
-3.25 -3 16 17 38.52509949641171 1.398870118144607
-3.25 -3 17 18 51.61562243180038 1.280372871197733
-3.25 -3 18 19 61.04283333342414 1.175601809677495
-3.25 -3 19 20 67.68651355647546 1.082475364138648
-3.25 -3 20 21 72.20508728990262 0.9993010545830533
-3.25 -3 21 22 75.09590332295522 0.9246899336045696
-3.25 -3 22 23 76.73772004388468 0.8574924415397517
-3.25 -3 23 24 77.42105450010786 0.796749718469845
-3.25 -3 24 25 77.37013165029055 0.7416562253764338
-3.25 -3 25 26 76.75893914629842 0.6915307448500642
-3.25 -3 26 27 75.72309302788062 0.6457936631086635
-3.25 -3 27 28 74.36869118867952 0.6039490117778776
-3.25 -3 28 29 72.77897737459267 0.5655701524476481
-3.25 -3 29 30 71.01939764297248 0.530288276150748
-3.25 -3 30 31 69.14146562900345 0.4977830958479451
-3.25 -3 31 32 67.1857374657867 0.4677752632278827
-3.25 -3 32 33 65.18411588199007 0.440020149654907
-3.25 -3 33 34 63.16164511041325 0.4143027161878351
-3.25 -3 34 35 61.13791661442178 0.3904332570403953
-3.25 -3 35 36 59.12817542207398 0.3682438496633759
-3.25 -3 36 37 57.14419474580069 0.3475853788539453
-3.25 -3 37 38 55.19497028096407 0.3283250301681441
-3.25 -3 38 39 53.2872734205387 0.3103441693791242
-3.25 -3 39 40 51.42609352520174 0.2935365405691401
-3.25 -3 40 41 49.61499264276497 0.2778067289305426
-3.25 -3 41 42 47.85639069161047 0.2630688443283944
-3.25 -3 42 43 46.15179534666618 0.2492453897625186
-3.25 -3 43 44 44.50198770806125 0.2362662852414963
-3.25 -3 44 45 42.90717250121088 0.2240680231419021
-3.25 -3 45 46 41.36619820676242 0.2126985294567055
-3.25 -3 46 47 39.88013970095483 0.2025078491070617
-3.25 -3 47 48 38.44720947492416 0.1935293064546623
-3.25 -3 48 49 37.06632166567272 0.1857323419073298
-3.25 -3 49 50 35.73603423315564 0.1787181888579394
-3 -2.75 0 1 2123.628647943691 2.081004833149299
-3 -2.75 1 2 -4779.132991865876 3.916332239652817
-3 -2.75 2 3 -5342.184847320601 5.836192186432196
-3 -2.75 3 4 -3786.630269289387 5.065914018133528
-3 -2.75 4 5 -2592.85946206181 4.243996731095091
-3 -2.75 5 6 -1783.097684605913 3.576500123299494
-3 -2.75 6 7 -1237.935960477678 3.050444786007775
-3 -2.75 7 8 -865.8108302002051 2.632960761800418
-3 -2.75 8 9 -607.1075299383051 2.296896463355935
-3 -2.75 9 10 -424.0398850041811 2.022586677827588
-3 -2.75 10 11 -292.419596571398 1.794478520701458
-3 -2.75 11 12 -196.4283499912303 1.603797758597159
-3 -2.75 12 13 -125.722538153911 1.4417844644095
-3 -2.75 13 14 -73.18675504009752 1.30297033190492
-3 -2.75 14 15 -33.92215174384364 1.182997100065523
-3 -2.75 15 16 -4.478400842422616 1.078504615165168
-3 -2.75 16 17 17.61496939617382 0.986866154105149
-3 -2.75 17 18 34.15322674912545 0.9060021596651424
-3 -2.75 18 19 46.45837617246229 0.8342471172039183
-3 -2.75 19 20 55.5155071381057 0.7702529719232903
-3 -2.75 20 21 62.06644445180348 0.712918049991569
-3 -2.75 21 22 66.67509832650308 0.6613340472690674
-3 -2.75 22 23 69.77373407149321 0.6147459974100097
-3 -2.75 23 24 71.69617230835718 0.5725216910886293
-3 -2.75 24 25 72.7019048563451 0.5341280624592578
-3 -2.75 25 26 72.99380984912773 0.4991127736958935
-3 -2.75 26 27 72.73130004672396 0.4670897190725664
-3 -2.75 27 28 72.04017472532541 0.4377275154296648
-3 -2.75 28 29 71.02006651690294 0.4107402904648864
-3 -2.75 29 30 69.75011587628819 0.3858802537440052
-3 -2.75 30 31 68.29332738294227 0.3629316634814231
-3 -2.75 31 32 66.69993718736617 0.3417058943370266
-3 -2.75 32 33 65.01003268767215 0.3220373799623085
-3 -2.75 33 34 63.25560253336732 0.3037802561637176
-3 -2.75 34 35 61.46214960501766 0.2868055677366207
-3 -2.75 35 36 59.64996655436795 0.2709989327775786
-3 -2.75 36 37 57.83514919533013 0.2562585797338862
-3 -2.75 37 38 56.03040511001876 0.2424936901148796
-3 -2.75 38 39 54.24570140987629 0.2296229929154852
-3 -2.75 39 40 52.48878550774418 0.2175735679480094
-3 -2.75 40 41 50.76560527334101 0.2062798225634211
-3 -2.75 41 42 49.08064893745473 0.1956826135296186
-3 -2.75 42 43 47.43722091232581 0.1857284909553157
-3 -2.75 43 44 45.83766612968685 0.1763690448025641
-3 -2.75 44 45 44.28355290196023 0.1675603379081192
-3 -2.75 45 46 42.77485721972545 0.159418605007852
-3 -2.75 46 47 41.31382401496487 0.1525017556611029
-3 -2.75 47 48 39.89951356984062 0.1468906403797099
-3 -2.75 48 49 38.53163947958845 0.142560074260117
-3 -2.75 49 50 37.20946429528433 0.1389387541461231
-2.75 -2.5 0 1 2743.526109547133 2.526663678288573
-2.75 -2.5 1 2 -4346.637565268732 1.097318100430674
-2.75 -2.5 2 3 -5459.014851261487 2.689268887275182
-2.75 -2.5 3 4 -3963.230970433607 2.655425113794629
-2.75 -2.5 4 5 -2756.6917923586 2.359415933750555
-2.75 -2.5 5 6 -1921.99264052674 2.06413052184351
-2.75 -2.5 6 7 -1352.865342234744 1.809440504271183
-2.75 -2.5 7 8 -960.4225112210793 1.595918308482176
-2.75 -2.5 8 9 -685.1490745867395 1.417188840195311
-2.75 -2.5 9 10 -488.6782524066721 1.2671671383606
-2.75 -2.5 10 11 -346.1678767894302 1.139526838495044
-2.75 -2.5 11 12 -241.4196571659411 1.030394605074568
-2.75 -2.5 12 13 -163.5435176120548 0.9362253287274998
-2.75 -2.5 13 14 -105.1215368390344 0.8543436411390086
-2.75 -2.5 14 15 -60.99452930233178 0.7826460742299738
-2.75 -2.5 15 16 -27.50982159018145 0.7194646286495787
-2.75 -2.5 16 17 -2.039051761277278 0.6634642742113405
-2.75 -2.5 17 18 17.33697523417368 0.6135664901258772
-2.75 -2.5 18 19 32.03818922577625 0.5688921150103233
-2.75 -2.5 19 20 43.12759844037453 0.5287183646722938
-2.75 -2.5 20 21 51.40945678610865 0.4924462425855628
-2.75 -2.5 21 22 57.49802812620783 0.4595756119261343
-2.75 -2.5 22 23 61.86645128743885 0.4296859551890445
-2.75 -2.5 23 24 64.88192597345846 0.4024213919709824
-2.75 -2.5 24 25 66.83135847493156 0.3774789113902505
-2.75 -2.5 25 26 67.94026366955416 0.3545990545106999
-2.75 -2.5 26 27 68.38684052898145 0.3335584772644454
-2.75 -2.5 27 28 68.3125531989225 0.3141639710667224
-2.75 -2.5 28 29 67.83015500652937 0.2962476215582658
-2.75 -2.5 29 30 67.02982257822708 0.2796628619763663
-2.75 -2.5 30 31 65.98388034608405 0.2642812367960098
-2.75 -2.5 31 32 64.75046458518614 0.2499897304661578
-2.75 -2.5 32 33 63.37638325424513 0.2366885515028841
-2.75 -2.5 33 34 61.8993614455635 0.2242892840145639
-2.75 -2.5 34 35 60.34981417207371 0.2127133376373392
-2.75 -2.5 35 36 58.75225316522227 0.2018906420823706
-2.75 -2.5 36 37 57.12640853337609 0.1917585424511464
-2.75 -2.5 37 38 55.48812703848989 0.1822608602485684
-2.75 -2.5 38 39 53.85009441150254 0.1733470923912424
-2.75 -2.5 39 40 52.22241834157626 0.1649717250127067
-2.75 -2.5 40 41 50.61310073668886 0.1570936432647549
-2.75 -2.5 41 42 49.02842141036737 0.1496756225433906
-2.75 -2.5 42 43 47.47325081408405 0.1426838875980854
-2.75 -2.5 43 44 45.95130558822351 0.1360877299258679
-2.75 -2.5 44 45 44.46535789792972 0.1298591743670826
-2.75 -2.5 45 46 43.01639676506773 0.1241911916735601
-2.75 -2.5 46 47 41.60769001304155 0.1198849323167187
-2.75 -2.5 47 48 40.23907416624061 0.1170547701272169
-2.75 -2.5 48 49 38.91098880445645 0.1156490571313317
-2.75 -2.5 49 50 37.62334072649048 0.1148721668350685
-2.5 -2.25 0 1 3302.991115630445 1.897958826572887
-2.5 -2.25 1 2 -3906.112800592768 0.9533379925831921
-2.5 -2.25 2 3 -5514.177787470088 1.687481650748495
-2.5 -2.25 3 4 -4082.895992810545 1.588502897144008
-2.5 -2.25 4 5 -2874.659191908067 1.472986015322853
-2.5 -2.25 5 6 -2025.251403003972 1.326634897751486
-2.5 -2.25 6 7 -1440.320055235714 1.188758730174313
-2.5 -2.25 7 8 -1033.819099282188 1.066621800584979
-2.5 -2.25 8 9 -746.7131533855131 0.9609677446008483
-2.5 -2.25 9 10 -540.4670309248722 0.8695180792912407
-2.5 -2.25 10 11 -389.9026482760389 0.7897071672917942
-2.5 -2.25 11 12 -278.5250278837702 0.7202734260719097
-2.5 -2.25 12 13 -195.1684014878817 0.659389556949641
-2.5 -2.25 13 14 -132.1940388065882 0.6057149836002205
-2.5 -2.25 14 15 -84.26601753621776 0.5581488432802303
-2.5 -2.25 15 16 -47.59114749872947 0.5157875769472174
-2.5 -2.25 16 17 -19.4293761968047 0.4778872500128045
-2.5 -2.25 17 18 2.227532027917505 0.4438323817229244
-2.5 -2.25 18 19 18.87081503066906 0.4131108991869807
-2.5 -2.25 19 20 31.62089156179036 0.3852942469461683
-2.5 -2.25 20 21 41.32849580442303 0.3600216414723347
-2.5 -2.25 21 22 48.64573404251792 0.3369875958038452
-2.5 -2.25 22 23 54.07672428793671 0.315932001399028
-2.5 -2.25 23 24 58.01416138472871 0.2966322066962765
-2.5 -2.25 24 25 60.76603993781043 0.2788966582234351
-2.5 -2.25 25 26 62.57540227190168 0.262559765966305
-2.5 -2.25 26 27 63.63508205407618 0.247477734971761
-2.5 -2.25 27 28 64.09881601970437 0.2335251609092929
-2.5 -2.25 28 29 64.08969178856455 0.2205922352257843
-2.5 -2.25 29 30 63.70662228326375 0.2085824376339526
-2.5 -2.25 30 31 63.02934490377015 0.1974106203347927
-2.5 -2.25 31 32 62.12230835663615 0.18700141156685
-2.5 -2.25 32 33 61.03771407042342 0.1772878760728397
-2.5 -2.25 33 34 59.8179102942276 0.1682103879147676
-2.5 -2.25 34 35 58.4972871082071 0.1597156774538614
-2.5 -2.25 35 36 57.10378413184407 0.151756021169058
-2.5 -2.25 36 37 55.66009581965659 0.1442885518732296
-2.5 -2.25 37 38 54.18463932801205 0.137274667086712
-2.5 -2.25 38 39 52.69233493414708 0.1306795218855321
-2.5 -2.25 39 40 51.19523770902157 0.1244715910186467
-2.5 -2.25 40 41 49.70305070815789 0.1186222902747794
-2.5 -2.25 41 42 48.22354316929489 0.1131056479597049
-2.5 -2.25 42 43 46.76289244462046 0.1078980193031919
-2.5 -2.25 43 44 45.32596432111609 0.1029778363971798
-2.5 -2.25 44 45 43.91654343168597 0.09832538971347531
-2.5 -2.25 45 46 42.53647679274954 0.09423278147026518
-2.5 -2.25 46 47 41.18989221601973 0.09184627373845179
-2.5 -2.25 47 48 39.87729022961042 0.09130429231630337
-2.5 -2.25 48 49 38.59973123173197 0.0924734806541217
-2.5 -2.25 49 50 37.35767465511702 0.09421443935178379
-2.25 -2 0 1 3806.723109922529 1.117434132408903
-2.25 -2 1 2 -3498.420552917236 0.865973089080416
-2.25 -2 2 3 -5561.15471896102 1.654854887565764
-2.25 -2 3 4 -4189.418669020371 1.530248958100983
-2.25 -2 4 5 -2978.125148720766 1.349216606907332
-2.25 -2 5 6 -2113.863977829413 1.189386068357037
-2.25 -2 6 7 -1513.698474385289 1.055527108047787
-2.25 -2 7 8 -1094.077912424881 0.9430192032557916
-2.25 -2 8 9 -796.2228495446516 0.8488199058236444
-2.25 -2 9 10 -581.2933110995823 0.7669398476037329
-2.25 -2 10 11 -423.7154612258732 0.6972495542550375
-2.25 -2 11 12 -306.6646645090377 0.6364033595890616
-2.25 -2 12 13 -218.6913637703187 0.5830978091307235
-2.25 -2 13 14 -151.9375415551815 0.5360898177750849
-2.25 -2 14 15 -100.8968756581858 0.4943894332883941
-2.25 -2 15 16 -61.64382966612948 0.4571994026646655
-2.25 -2 16 17 -31.33514214346178 0.4238710648915526
-2.25 -2 17 18 -7.881599478098224 0.3938717175682983
-2.25 -2 18 19 10.27201026867783 0.3667601429815863
-2.25 -2 19 20 24.29700407631617 0.3421680256823919
-2.25 -2 20 21 35.08489161811303 0.3197856772628309
-2.25 -2 21 22 43.32066156352266 0.2993509618204174
-2.25 -2 22 23 49.53511501182743 0.2806406132691421
-2.25 -2 23 24 54.14272641708533 0.2634633745853898
-2.25 -2 24 25 57.46936518368852 0.2476545265503832
-2.25 -2 25 26 59.77281893405984 0.2330714947418534
-2.25 -2 26 27 61.25814334231666 0.2195902927583865
-2.25 -2 27 28 62.08925110063694 0.2071026259789208
-2.25 -2 28 29 62.39773788532 0.1955135162191986
-2.25 -2 29 30 62.2896582478553 0.1847393421232647
-2.25 -2 30 31 61.85076652197387 0.1747062125669904
-2.25 -2 31 32 61.1505985382849 0.1653486117520376
-2.25 -2 32 33 60.24567095831839 0.1566082603742738
-2.25 -2 33 34 59.18200395563758 0.1484331579801506
-2.25 -2 34 35 57.9971213963172 0.1407767720331882
-2.25 -2 35 36 56.72164493640798 0.133597347638902
-2.25 -2 36 37 55.380570569025 0.1268573195086599
-2.25 -2 37 38 53.99429548205001 0.1205228070271588
-2.25 -2 38 39 52.57944749711032 0.114563180668849
-2.25 -2 39 40 51.14955761645729 0.1089506872126144
-2.25 -2 40 41 49.71560741243832 0.1036601253538303
-2.25 -2 41 42 48.28647592390729 0.09866856392657661
-2.25 -2 42 43 46.86930575132439 0.09395509619337468
-2.25 -2 43 44 45.46980377481506 0.08950062512792002
-2.25 -2 44 45 44.092488835832 0.08528767536830632
-2.25 -2 45 46 42.73981433795473 0.08195992406394559
-2.25 -2 46 47 41.41653874171297 0.08192099481211269
-2.25 -2 47 48 40.12361975581595 0.08523376520018133
-2.25 -2 48 49 38.86255045969298 0.0912743342283306
-2.25 -2 49 50 37.63417073376965 0.09766215061746632
-2 -1.75 0 1 4277.911179504634 1.076958324364353
-2 -1.75 1 2 -3094.900844849506 2.393248162068842
-2 -1.75 2 3 -5569.300790040694 2.721171199031692
-2 -1.75 3 4 -4263.946660195346 2.290486497984189
-2 -1.75 4 5 -3061.859897589332 1.909864409922665
-2 -1.75 5 6 -2192.495622717428 1.615420004407236
-2 -1.75 6 7 -1583.705186518655 1.387753279037268
-2 -1.75 7 8 -1155.185731399853 1.208364823211528
-2 -1.75 8 9 -849.1890581716812 1.063850126165873
-2 -1.75 9 10 -627.1411579530291 0.9459101503753353
-2 -1.75 10 11 -463.4309409064535 0.8471319474963946
-2 -1.75 11 12 -341.1607353794786 0.7638270971068533
-2 -1.75 12 13 -248.7480969132253 0.692594992357587
-2 -1.75 13 14 -178.2153514993049 0.6310608444249342
-2 -1.75 14 15 -123.9503914406807 0.577432653069706
-2 -1.75 15 16 -81.93765265069851 0.5303331606665732
-2 -1.75 16 17 -49.25862504596967 0.4886864082426316
-2 -1.75 17 18 -23.76170961045977 0.4516395065554926
-2 -1.75 18 19 -3.840121124846746 0.418507579052573
-2 -1.75 19 20 11.72009683017905 0.3887342699951591
-2 -1.75 20 21 23.84577062287792 0.3618629156336111
-2 -1.75 21 22 33.25122155142503 0.3375151619447643
-2 -1.75 22 23 40.49169387499876 0.3153748722106523
-2 -1.75 23 24 46.00210381345357 0.2951758548144268
-2 -1.75 24 25 50.125479464823 0.2766923912522996
-2 -1.75 25 26 53.13406492616127 0.2597318443395005
-2 -1.75 26 27 55.24514047333946 0.2441288305408209
-2 -1.75 27 28 56.63299331370274 0.22974058497777
-2 -1.75 28 29 57.43805438878894 0.2164432391743656
-2 -1.75 29 30 57.7739281907302 0.2041288132652102
-2 -1.75 30 31 57.7328418360978 0.1927027620376348
-2 -1.75 31 32 57.38989805685907 0.1820819642752025
-2 -1.75 32 33 56.80641596231465 0.1721930597909763
-2 -1.75 33 34 56.0325709258924 0.1629710706155489
-2 -1.75 34 35 55.10949223229255 0.1543582469318327
-2 -1.75 35 36 54.07093851002884 0.146303099577536
-2 -1.75 36 37 52.9446423754739 0.1387595822260955
-2 -1.75 37 38 51.75339448880987 0.131686398951375
-2 -1.75 38 39 50.51592119030272 0.1250464141630569
-2 -1.75 39 40 49.24759777852711 0.1188061477821229
-2 -1.75 40 41 47.96103043117159 0.1129353421092945
-2 -1.75 41 42 46.6665324505463 0.1074065883361826
-2 -1.75 42 43 45.37251538251155 0.1021950041399992
-2 -1.75 43 44 44.08581112003225 0.0972779526350981
-2 -1.75 44 45 42.81193791312811 0.09263479935800813
-2 -1.75 45 46 41.55421691324455 0.0886057045035251
-2 -1.75 46 47 40.31824064249224 0.08653138539494946
-2 -1.75 47 48 39.10565365235448 0.08659512124622544
-2 -1.75 48 49 37.91858278255793 0.09096729999705576
-2 -1.75 49 50 36.75843317816501 0.0978367221841412
-1.75 -1.5 0 1 4699.603338587747 0.9459094779524159
-1.75 -1.5 1 2 -2720.582364773012 0.7767609212991053
-1.75 -1.5 2 3 -5559.531149593981 1.711366025085139
-1.75 -1.5 3 4 -4302.377525773047 1.655547799438575
-1.75 -1.5 4 5 -3102.794906516922 1.479897273972994
-1.75 -1.5 5 6 -2227.89685919563 1.302572185722078
-1.75 -1.5 6 7 -1612.878661355565 1.146780143087636
-1.75 -1.5 7 8 -1178.946054593905 1.014575166449701
-1.75 -1.5 8 9 -868.5262055677294 0.902933272938709
-1.75 -1.5 9 10 -642.9227064168599 0.8092523999314737
-1.75 -1.5 10 11 -476.3634583492631 0.7287550267467088
-1.75 -1.5 11 12 -351.7999551281664 0.659922822738269
-1.75 -1.5 12 13 -257.5336581619711 0.6003863342133227
-1.75 -1.5 13 14 -185.4952179149277 0.5485016303107129
-1.75 -1.5 14 15 -130.0014645254944 0.502970247995897
-1.75 -1.5 15 16 -86.98163054251745 0.4627600796527372
-1.75 -1.5 16 17 -53.47408138008518 0.4270439372356106
-1.75 -1.5 17 18 -27.29329936381373 0.3951529600282781
-1.75 -1.5 18 19 -6.805633587570128 0.3665414980970064
-1.75 -1.5 19 20 9.224295997025138 0.3407605989566991
-1.75 -1.5 20 21 21.74050797713153 0.3174378703907276
-1.75 -1.5 21 22 31.47120065914453 0.2962620749875011
-1.75 -1.5 22 23 38.9828790475475 0.276971237060858
-1.75 -1.5 23 24 44.71964143861362 0.2593433874857878
-1.75 -1.5 24 25 49.03203615616985 0.2431892954445484
-1.75 -1.5 25 26 52.19849129506451 0.2283467157542553
-1.75 -1.5 26 27 54.44139108496313 0.2146757962813363
-1.75 -1.5 27 28 55.9392495121632 0.2020553866973849
-1.75 -1.5 28 29 56.8360087392839 0.1903800480123597
-1.75 -1.5 29 30 57.24819838817632 0.1795576145214929
-1.75 -1.5 30 31 57.27048885095712 0.169507192539217
-1.75 -1.5 31 32 56.98002860019056 0.1601575089038281
-1.75 -1.5 32 33 56.43985345387239 0.1514455390189968
-1.75 -1.5 33 34 55.70158233513911 0.143315361314045
-1.75 -1.5 34 35 54.80756066554756 0.1357171969339497
-1.75 -1.5 35 36 53.79257338081339 0.1286065990499575
-1.75 -1.5 36 37 52.68522054915405 0.1219437671391545
-1.75 -1.5 37 38 51.50902703852267 0.1156929627708254
-1.75 -1.5 38 39 50.28334138617726 0.1098220115528815
-1.75 -1.5 39 40 49.02406672944124 0.1043018756355712
-1.75 -1.5 40 41 47.74425744479129 0.09910628543715276
-1.75 -1.5 41 42 46.45460768500942 0.09421142255319358
-1.75 -1.5 42 43 45.1638527998075 0.08959564433173865
-1.75 -1.5 43 44 43.87910008231228 0.08523924431187031
-1.75 -1.5 44 45 42.60610205180032 0.08112424415557495
-1.75 -1.5 45 46 41.3483473841894 0.07794036781974724
-1.75 -1.5 46 47 40.11166018126826 0.07826494898544126
-1.75 -1.5 47 48 38.89779694918386 0.08217789605685108
-1.75 -1.5 48 49 37.70900679261328 0.08902513465436986
-1.75 -1.5 49 50 36.54680664444518 0.09625450154545043
-1.5 -1.25 0 1 5094.604150706127 3.357873160175644
-1.5 -1.25 1 2 -2355.075875173911 4.352966104413031
-1.5 -1.25 2 3 -5537.870455256701 1.684928881590309
-1.5 -1.25 3 4 -4337.989827917279 1.608734354229977
-1.5 -1.25 4 5 -3148.923235716713 1.432919710345671
-1.5 -1.25 5 6 -2273.019189238898 1.264198595213691
-1.5 -1.25 6 7 -1653.911817116336 1.118305439266393
-1.5 -1.25 7 8 -1215.300234354242 0.9946612654033299
-1.5 -1.25 8 9 -900.4232016960068 0.8907936383187706
-1.5 -1.25 9 10 -670.8271678141741 0.8011485069015034
-1.5 -1.25 10 11 -500.7780780163034 0.7253112551227079
-1.5 -1.25 11 12 -373.2053723969357 0.6595307160842091
-1.5 -1.25 12 13 -276.3536874471802 0.6022818249504593
-1.5 -1.25 13 14 -202.0957127351749 0.5521062520231658
-1.5 -1.25 14 15 -144.6942906821505 0.5078454935966176
-1.5 -1.25 15 16 -100.0311829979244 0.4685722082163185
-1.5 -1.25 16 17 -65.10414488317338 0.4335376878681284
-1.5 -1.25 17 18 -37.69338490595715 0.4021321313845412
-1.5 -1.25 18 19 -16.13650879716806 0.3738546172068826
-1.5 -1.25 19 20 0.8259126831751473 0.34829030592393
-1.5 -1.25 20 21 14.15801931223746 0.3250930062870401
-1.5 -1.25 21 22 24.60486668059343 0.3039717411582839
-1.5 -1.25 22 23 32.7471128841089 0.2846803006492499
-1.5 -1.25 23 24 39.04076993845945 0.2670090535318304
-1.5 -1.25 24 25 43.84644364353028 0.2507784740901992
-1.5 -1.25 25 26 47.45107804719873 0.2358339842985734
-1.5 -1.25 26 27 50.08429011145461 0.2232084375030054
-1.5 -1.25 27 28 51.93075546497869 0.2126248586795617
-1.5 -1.25 28 29 53.13968131945171 0.2027206334115459
-1.5 -1.25 29 30 53.83210959776238 0.1934395806516549
-1.5 -1.25 30 31 54.10658913302052 0.1847311514891244
-1.5 -1.25 31 32 54.04361150258569 0.1765497878498914
-1.5 -1.25 32 33 53.7091021778121 0.1688543593036093
-1.5 -1.25 33 34 53.15718453667284 0.1616076664682618
-1.5 -1.25 34 35 52.4323803107394 0.1547760057609966
-1.5 -1.25 35 36 51.57137043218762 0.1483287866813225
-1.5 -1.25 36 37 50.60441086590862 0.1422381952939536
-1.5 -1.25 37 38 49.55647617887649 0.1364788988187262
-1.5 -1.25 38 39 48.44818706998086 0.1310277846768494
-1.5 -1.25 39 40 47.29656559537074 0.1258637309596356
-1.5 -1.25 40 41 46.11565245351386 0.1209674038640746
-1.5 -1.25 41 42 44.9170131138431 0.1163210779471494
-1.5 -1.25 42 43 43.71015426336521 0.1119084777732701
-1.5 -1.25 43 44 42.50286741995467 0.107714636497322
-1.5 -1.25 44 45 41.30151325623365 0.1037257708111982
-1.5 -1.25 45 46 40.11010164840485 0.1002660053502201
-1.5 -1.25 46 47 38.93497368998459 0.09857955920536007
-1.5 -1.25 47 48 37.77829769581172 0.09882783181020899
-1.5 -1.25 48 49 36.64270956324506 0.1009012192720876
-1.5 -1.25 49 50 35.53006456689656 0.1035813632634224
-1.25 -1 0 1 5414.611772795266 1.521909488097266
-1.25 -1 1 2 -2084.700576158374 0.6587954209535336
-1.25 -1 2 3 -5541.052467100066 1.817561411782286
-1.25 -1 3 4 -4378.245426336816 1.762525458771854
-1.25 -1 4 5 -3191.072097496945 1.568599062440083
-1.25 -1 5 6 -2310.188201672369 1.381149826474539
-1.25 -1 6 7 -1685.257016565648 1.220196950526072
-1.25 -1 7 8 -1241.388047810228 1.084821303142623
-1.25 -1 8 9 -922.0786566044771 0.9715624590008545
-1.25 -1 9 10 -688.827557924526 0.8745022291589266
-1.25 -1 10 11 -515.7775037641941 0.7923603205799807
-1.25 -1 11 12 -385.7452420307686 0.7212763963332791
-1.25 -1 12 13 -286.870788270719 0.6594582442102184
-1.25 -1 13 14 -210.9427834849982 0.6052939702132474
-1.25 -1 14 15 -152.1567209962959 0.5575143679765884
-1.25 -1 15 16 -106.3407527019383 0.5151098432977339
-1.25 -1 16 17 -70.44996704834762 0.4772689050313528
-1.25 -1 17 18 -42.23051371523911 0.4433326998267533
-1.25 -1 18 19 -19.99268888869733 0.4127612158440336
-1.25 -1 19 20 -2.45505346638447 0.3851079359861647
-1.25 -1 20 21 11.36436497301906 0.3600006343757122
-1.25 -1 21 22 22.22514580375673 0.3371266749990623
-1.25 -1 22 23 30.71983556077498 0.3162216424988593
-1.25 -1 23 24 37.31422404144837 0.2970604626680109
-1.25 -1 24 25 42.37699510360176 0.2794504052804645
-1.25 -1 25 26 46.20179481234197 0.2632255207974393
-1.25 -1 26 27 49.02382254183362 0.2482421818646883
-1.25 -1 27 28 51.03242104361891 0.2343754833761946
-1.25 -1 28 29 52.38071304711843 0.2215163138333718
-1.25 -1 29 30 53.19303620137805 0.2095689581447687
-1.25 -1 30 31 53.57072194994271 0.1984491217483343
-1.25 -1 31 32 53.59661809912518 0.1880822932677763
-1.25 -1 32 33 53.3386507938842 0.1784023797248056
-1.25 -1 33 34 52.85264661059779 0.1693505628248109
-1.25 -1 34 35 52.18458081173941 0.1608743357645818
-1.25 -1 35 36 51.3723776937594 0.1529266890342215
-1.25 -1 36 37 50.44735916664661 0.145465417115972
-1.25 -1 37 38 49.43541556368018 0.138452528423526
-1.25 -1 38 39 48.35795590107108 0.1318537385581717
-1.25 -1 39 40 47.2326821238936 0.1256380349413987
-1.25 -1 40 41 46.07422235662528 0.1197773010491371
-1.25 -1 41 42 44.8946504651401 0.1142459907906278
-1.25 -1 42 43 43.70391384103021 0.1090208458199503
-1.25 -1 43 44 42.51018660131831 0.1040806485491261
-1.25 -1 44 45 41.32016204398087 0.09940600718032351
-1.25 -1 45 46 40.13811782609463 0.09535972087796749
-1.25 -1 46 47 38.97069246034482 0.09336368621819439
-1.25 -1 47 48 37.82025243110374 0.09361970138305957
-1.25 -1 48 49 36.68962578128 0.09748341528776354
-1.25 -1 49 50 35.58084025183209 0.1051986217369256
-1 -0.75 0 1 5685.245737207919 1.841609045077607
-1 -0.75 1 2 -1838.969535338953 1.698589174807616
-1 -0.75 2 3 -5519.153615400739 1.593637860580352
-1 -0.75 3 4 -4388.553444098734 1.530279673746102
-1 -0.75 4 5 -3206.090607872202 1.365656186653392
-1 -0.75 5 6 -2324.426160178434 1.210121834363745
-1 -0.75 6 7 -1697.651175796797 1.076927851752043
-1 -0.75 7 8 -1251.915887377997 0.9642570536008724
-1 -0.75 8 9 -930.9606810818632 0.8693535585398964
-1 -0.75 9 10 -696.3177096826089 0.7868782485789881
-1 -0.75 10 11 -522.1032328282236 0.716676558636691
-1 -0.75 11 12 -391.1048469714824 0.6553077549261839
-1 -0.75 12 13 -291.4283760726018 0.6015033797925082
-1 -0.75 13 14 -214.833837544827 0.554013193772636
-1 -0.75 14 15 -155.4927882192856 0.5118423286991834
-1 -0.75 15 16 -109.2136967313713 0.4741906980885968
-1 -0.75 16 17 -72.93556857101339 0.4404082930002564
-1 -0.75 17 18 -44.39143119699793 0.4099619975492484
-1 -0.75 18 19 -21.88086360260422 0.3824107122948681
-1 -0.75 19 20 -4.11365444897001 0.3573865046733778
-1 -0.75 20 21 9.899368759829258 0.3345801687583916
-1 -0.75 21 22 20.92371261674566 0.3137300533936602
-1 -0.75 22 23 29.55681762239453 0.2946133268364886
-1 -0.75 23 24 36.26852616205065 0.2770390902578591
-1 -0.75 24 25 41.43088728909504 0.260842898324171
-1 -0.75 25 26 45.34034882796811 0.245882365794892
-1 -0.75 26 27 48.23444860123027 0.2320336177701206
-1 -0.75 27 28 50.30448566815153 0.2191884010279709
-1 -0.75 28 29 51.70522295789021 0.2072517184229234
-1 -0.75 29 30 52.56237611910558 0.1961398780408856
-1 -0.75 30 31 52.97843654501219 0.1857788766440166
-1 -0.75 31 32 53.03723021300107 0.1761030504279201
-1 -0.75 32 33 52.80750955019619 0.1670539451957439
-1 -0.75 33 34 52.34580021929634 0.1585793642288832
-1 -0.75 34 35 51.69866983142765 0.1506325613731753
-1 -0.75 35 36 50.90454528335653 0.1431715572695627
-1 -0.75 36 37 49.99517547954201 0.1361585529911689
-1 -0.75 37 38 48.99681394051606 0.1295594296276899
-1 -0.75 38 39 47.93117892625668 0.1233433163889781
-1 -0.75 39 40 46.81623594661892 0.1174822184075254
-1 -0.75 40 41 45.66683795075642 0.1119506934311257
-1 -0.75 41 42 44.4952507198883 0.1067255723875078
-1 -0.75 42 43 43.31158557056386 0.101785713631644
-1 -0.75 43 44 42.12415670105889 0.09711178965738314
-1 -0.75 44 45 40.93977715545782 0.09268609977603838
-1 -0.75 45 46 39.7628075954716 0.08925668263702778
-1 -0.75 46 47 38.60001119585959 0.08961779225967753
-1 -0.75 47 48 37.45380954072272 0.09386315159270295
-1 -0.75 48 49 36.3270943949301 0.1012884400638856
-1 -0.75 49 50 35.22194437401819 0.1091313363510882
-0.75 -0.5 0 1 5894.300222080742 2.56940687407479
-0.75 -0.5 1 2 -1654.940844069676 1.898052220925932
-0.75 -0.5 2 3 -5507.838482016889 1.60171572737073
-0.75 -0.5 3 4 -4402.526970612559 1.544044033336327
-0.75 -0.5 4 5 -3223.901882401548 1.378835103021775
-0.75 -0.5 5 6 -2341.507602487824 1.221020715998561
-0.75 -0.5 6 7 -1712.991479670833 1.085295724070497
-0.75 -0.5 7 8 -1265.412912262417 0.9704011279064468
-0.75 -0.5 8 9 -942.7640128162175 0.8730677382778225
-0.75 -0.5 9 10 -706.6306702316488 0.7905954757072061
-0.75 -0.5 10 11 -531.1290454866967 0.7186922033841421
-0.75 -0.5 11 12 -399.0277063451722 0.6565727094836037
-0.75 -0.5 12 13 -298.4076055212226 0.6022139055086667
-0.75 -0.5 13 14 -221.0053162218451 0.5543158533193314
-0.75 -0.5 14 15 -160.9715341728152 0.5126900534610729
-0.75 -0.5 15 16 -114.0968101505709 0.4771827853589971
-0.75 -0.5 16 17 -77.30501674167476 0.445051787901359
-0.75 -0.5 17 18 -48.31650066591078 0.4158861374372581
-0.75 -0.5 18 19 -25.42024790757955 0.3893328017531998
-0.75 -0.5 19 20 -7.317202160313172 0.3650883947171175
-0.75 -0.5 20 21 6.989202218266428 0.342891728098741
-0.75 -0.5 21 22 18.27066325008764 0.3225173473305516
-0.75 -0.5 22 23 27.12981887086232 0.3037700348196813
-0.75 -0.5 23 24 34.04088602177569 0.2864801846988735
-0.75 -0.5 24 25 39.37960589754869 0.2704999312992856
-0.75 -0.5 25 26 43.44555124995031 0.2556999130524907
-0.75 -0.5 26 27 46.47891216818709 0.2419665679897015
-0.75 -0.5 27 28 48.67324504945532 0.2291998698538027
-0.75 -0.5 28 29 50.18523927997296 0.2173114276996697
-0.75 -0.5 29 30 51.14225898460302 0.2062228879189855
-0.75 -0.5 30 31 51.64820986325287 0.1958645845252183
-0.75 -0.5 31 32 51.78813441201339 0.1861743964408075
-0.75 -0.5 32 33 51.63183407974441 0.1770967769172762
-0.75 -0.5 33 34 51.23674134513715 0.1685819250220429
-0.75 -0.5 34 35 50.65020959881895 0.1605850780060069
-0.75 -0.5 35 36 49.91134824623259 0.1530659029894919
-0.75 -0.5 36 37 49.0525003766266 0.1459879739191414
-0.75 -0.5 37 38 48.10043797630669 0.1393183192130679
-0.75 -0.5 38 39 47.07733271175027 0.1330270299567698
-0.75 -0.5 39 40 46.00154746703487 0.1270869198970547
-0.75 -0.5 40 41 44.88828420728646 0.1214732283621135
-0.75 -0.5 41 42 43.75011589775357 0.1161633612478383
-0.75 -0.5 42 43 42.59742477888568 0.1111366641120105
-0.75 -0.5 43 44 41.4387644752286 0.1063742221111792
-0.75 -0.5 44 45 40.28116003956535 0.1018586848699494
-0.75 -0.5 45 46 39.12914674789903 0.09797727833233108
-0.75 -0.5 46 47 37.98967858331071 0.09623208801794383
-0.75 -0.5 47 48 36.86531277580136 0.09682086668373867
-0.75 -0.5 48 49 35.75907424474116 0.1015078265529904
-0.75 -0.5 49 50 34.6731598726945 0.1095442649726058
-0.5 -0.25 0 1 6031.522455577122 2.464392789964652
-0.5 -0.25 1 2 -1541.040942257458 1.192422216369766
-0.5 -0.25 2 3 -5505.858026402048 1.57890760657041
-0.5 -0.25 3 4 -4415.292492243987 1.538915475672763
-0.5 -0.25 4 5 -3237.895861654291 1.437930263534234
-0.5 -0.25 5 6 -2354.139648813929 1.312541263425151
-0.5 -0.25 6 7 -1723.872438146328 1.186642158640478
-0.5 -0.25 7 8 -1274.660035019363 1.07219700111319
-0.5 -0.25 8 9 -950.6016101560544 0.972020231570539
-0.5 -0.25 9 10 -713.277099553598 0.8828578933837803
-0.5 -0.25 10 11 -536.78033110456 0.8060088102909641
-0.5 -0.25 11 12 -403.8477524881309 0.738190448936542
-0.5 -0.25 12 13 -302.5324669111833 0.6783876740229489
-0.5 -0.25 13 14 -224.5472162458461 0.6254040066442426
-0.5 -0.25 14 15 -164.0229951205517 0.5782399357780242
-0.5 -0.25 15 16 -116.7342568622819 0.5360648814239956
-0.5 -0.25 16 17 -79.59176981380438 0.4981884514714854
-0.5 -0.25 17 18 -50.3052099812187 0.4640350463775146
-0.5 -0.25 18 19 -27.15485378110839 0.433122668995349
-0.5 -0.25 19 20 -8.834511948593217 0.4050456775634874
-0.5 -0.25 20 21 5.65824542777068 0.3794608944796463
-0.5 -0.25 21 22 17.09995688182789 0.356076454553809
-0.5 -0.25 22 23 26.09727167800202 0.3346428480375021
-0.5 -0.25 23 24 33.1277437095049 0.3149457066075845
-0.5 -0.25 24 25 38.56990031675502 0.2967999705985756
-0.5 -0.25 25 26 42.72564862482159 0.2800451510472592
-0.5 -0.25 26 27 45.83714104586363 0.2645414629978519
-0.5 -0.25 27 28 48.09958871533775 0.2501666522233308
-0.5 -0.25 28 29 49.67108053392246 0.2368133791734277
-0.5 -0.25 29 30 50.68016762873197 0.2243870510268227
-0.5 -0.25 30 31 51.23176517193281 0.2128040150967638
-0.5 -0.25 31 32 51.4117763626524 0.2019900485501208
-0.5 -0.25 32 33 51.29073831970811 0.1918790873360134
-0.5 -0.25 33 34 50.92671380815887 0.1824121536170175
-0.5 -0.25 34 35 50.36759744754875 0.1735364461486598
-0.5 -0.25 35 36 49.65296441669454 0.1652045652331997
-0.5 -0.25 36 37 48.81555948960602 0.1573738511548113
-0.5 -0.25 37 38 47.88250177333452 0.1500058157963734
-0.5 -0.25 38 39 46.87626349377393 0.143065653182327
-0.5 -0.25 39 40 45.81546827469776 0.1365218177098828
-0.5 -0.25 40 41 44.71554469086692 0.1303456568333052
-0.5 -0.25 41 42 43.5892630057499 0.1245110933929851
-0.5 -0.25 42 43 42.44717753142879 0.1189943471951423
-0.5 -0.25 43 44 41.29799221159317 0.1137736927597565
-0.5 -0.25 44 45 40.14886362470128 0.1088292454798914
-0.5 -0.25 45 46 39.00443293954334 0.1045265681327028
-0.5 -0.25 46 47 37.87177414824157 0.1022983347462197
-0.5 -0.25 47 48 36.75352389092782 0.1023509228708668
-0.5 -0.25 48 49 35.65278527396015 0.1045543777703
-0.5 -0.25 49 50 34.57182542814067 0.1108084583883256
-0.25 0 0 1 6100.628869773571 2.581961489513445
-0.25 0 1 2 -1483.225630850277 1.666481979018931
-0.25 0 2 3 -5503.77882643649 1.601312638106301
-0.25 0 3 4 -4419.976245062706 1.550758866582032
-0.25 0 4 5 -3242.837344394342 1.387589201163552
-0.25 0 5 6 -2358.278854502607 1.230274427384281
-0.25 0 6 7 -1727.153369320324 1.094491958720371
-0.25 0 7 8 -1277.212486107489 0.9814453928299506
-0.25 0 8 9 -952.5704989103415 0.894517452937859
-0.25 0 9 10 -714.7797354711179 0.8180271284269134
-0.25 0 10 11 -537.9173736449757 0.7490612726355368
-0.25 0 11 12 -404.6944096529346 0.6883448199832967
-0.25 0 12 13 -303.1486207665598 0.634395394303511
-0.25 0 13 14 -224.9800378956709 0.5862994374739064
-0.25 0 14 15 -164.3098443880265 0.543263186289056
-0.25 0 15 16 -116.9048913035545 0.5046088831623814
-0.25 0 16 17 -79.67001751643215 0.4697617571131937
-0.25 0 17 18 -50.31023977940845 0.4382351120470988
-0.25 0 18 19 -27.10214621065461 0.4096163014860361
-0.25 0 19 20 -8.736607629894706 0.3835544820643423
-0.25 0 20 21 5.791163888890196 0.3597502805525518
-0.25 0 21 22 17.25960855511653 0.3379472175152869
-0.25 0 22 23 26.27691656642401 0.3179246419376692
-0.25 0 23 24 33.32189549775228 0.2994919275126444
-0.25 0 24 25 38.77409615174861 0.2824837036313242
-0.25 0 25 26 42.93626354836454 0.2667559298035312
-0.25 0 26 27 46.05123767037298 0.2521826556857807
-0.25 0 27 28 48.31479492005587 0.2386533366678569
-0.25 0 28 29 49.88548958256274 0.2260706020605676
-0.25 0 29 30 50.89225633198669 0.2143483917701593
-0.25 0 30 31 51.44032664451584 0.2034103943078145
-0.25 0 31 32 51.61586463847743 0.1931887321397568
-0.25 0 32 33 51.48962263450562 0.1836228502792374
-0.25 0 33 34 51.11984079742638 0.1746585741734197
-0.25 0 34 35 50.55455983686147 0.1662473063597299
-0.25 0 35 36 49.83347505834905 0.1583453403317719
-0.25 0 36 37 48.98942980720699 0.1509132720274723
-0.25 0 37 38 48.04962385088481 0.1439154928253547
-0.25 0 38 39 47.03659518344188 0.1373197513440646
-0.25 0 39 40 45.96902080770383 0.1310967752121678
-0.25 0 40 41 44.86237237026569 0.1252199404199414
-0.25 0 41 42 43.72945462851578 0.119664984591767
-0.25 0 42 43 42.58084925388653 0.1144097556086852
-0.25 0 43 44 41.42528161661397 0.1094339913234638
-0.25 0 44 45 40.26992479284553 0.1047191266438267
-0.25 0 45 46 39.11942674901508 0.1006491959901979
-0.25 0 46 47 37.98088221144906 0.09872032558420807
-0.25 0 47 48 36.85692820917413 0.09913765701891211
-0.25 0 48 49 35.75067160775262 0.1026308526427425
-0.25 0 49 50 34.66438170272809 0.1107959515336092
0 0.25 0 1 6100.357485990986 2.581967650073971
0 0.25 1 2 -1483.754228092379 1.666504669526104
0 0.25 2 3 -5504.164168226092 1.601267999648948
0 0.25 3 4 -4420.134807739249 1.550663539568912
0 0.25 4 5 -3242.851494786163 1.387498527358886
0 0.25 5 6 -2358.223942215184 1.230215787481672
0 0.25 6 7 -1727.071597633304 1.094466269797745
0 0.25 7 8 -1277.124855683115 0.9814446351361712
0 0.25 8 9 -952.4863173836757 0.8945322096508039
0 0.25 9 10 -714.7024660129578 0.8180481345611703
0 0.25 10 11 -537.8479106881432 0.7490868192687439
0 0.25 11 12 -404.6321315856035 0.688371012501282
0 0.25 12 13 -303.0925760823961 0.6344207075797781
0 0.25 13 14 -224.9292286366647 0.5863231103789659
0 0.25 14 15 -164.2633840824381 0.5432849034995464
0 0.25 15 16 -116.8620543914776 0.504628578581486
0 0.25 16 17 -79.63023799070493 0.4697794960386
0 0.25 17 18 -50.27308898931165 0.4382510243471834
0 0.25 18 19 -27.06730485590379 0.4096305429544733
0 0.25 19 20 -8.703838973881602 0.3835672140782708
0 0.25 20 21 5.822036765061057 0.3597616590566626
0 0.25 21 22 17.28872076149037 0.3379573878370424
0 0.25 22 23 26.30437497497428 0.3179337367783042
0 0.25 23 24 33.3477885624028 0.2995000662677937
0 0.25 24 25 38.79850075033778 0.2824909931544067
0 0.25 25 26 42.95924956226997 0.2667624651039342
0 0.25 26 27 46.07287090715988 0.2521885209468791
0 0.25 27 28 48.33513885998946 0.2386586064812939
0 0.25 28 29 49.9046063197045 0.2260753424059777
0 0.25 29 30 50.91020698461796 0.2143526609035105
0 0.25 30 31 51.45717143263812 0.2034142437813534
0 0.25 31 32 51.63166276785091 0.1931922074777344
0 0.25 32 33 51.50443208430909 0.1836259917997648
0 0.25 33 34 51.13371807215469 0.1746614175092587
0 0.25 34 35 50.56755972308696 0.1662498829718184
0 0.25 35 36 49.8456504090878 0.1583476783355414
0 0.25 36 37 49.00083136547943 0.1509153960833136
0 0.25 37 38 48.0603001183743 0.1439174248791391
0 0.25 38 39 47.04659233076131 0.1373215109943058
0 0.25 39 40 45.97838262779146 0.1310983797915041
0 0.25 40 41 44.8711402645672 0.1252214053396619
0 0.25 41 42 43.73766762644129 0.1196663234328134
0 0.25 42 43 42.5885440554797 0.1144109807428271
0 0.25 43 44 41.4324926563408 0.1094351137074492
0 0.25 44 45 40.27668431852743 0.1047201558913135
0 0.25 45 46 39.12576487702438 0.100650152452108
0 0.25 46 47 37.98682711403058 0.09872127002164982
0 0.25 47 48 36.8625061234041 0.09913864758430949
0 0.25 48 49 35.7559069811887 0.1026319242212969
0 0.25 49 50 34.66929726981962 0.110797063023938
0.25 0.5 0 1 6030.74081101617 2.464397669013513
0.25 0.5 1 2 -1542.556853686038 1.192416469748735
0.25 0.5 2 3 -5506.953122405284 1.578796535001298
0.25 0.5 3 4 -4415.736452323556 1.538751623436322
0.25 0.5 4 5 -3237.932224686532 1.43780149508026
0.25 0.5 5 6 -2353.984609956511 1.312473511594694
0.25 0.5 6 7 -1723.644553329236 1.186625896108848
0.25 0.5 7 8 -1274.417223099148 1.072216331572482
0.25 0.5 8 9 -950.3689938533375 0.9720546462816924
0.25 0.5 9 10 -713.0636695828016 0.8829084066305536
0.25 0.5 10 11 -536.5882327015474 0.8060597124298891
0.25 0.5 11 12 -403.6750162113303 0.738240712064444
0.25 0.5 12 13 -302.3763599153663 0.6784353061993603
0.25 0.5 13 14 -224.4049634269916 0.6254480837586391
0.25 0.5 14 15 -163.8921846609041 0.578280149020383
0.25 0.5 15 16 -116.6129536790561 0.5361012597671239
0.25 0.5 16 17 -79.47849539094432 0.4982211972750559
0.25 0.5 17 18 -50.19886989752968 0.4640644408153483
0.25 0.5 18 19 -27.05465313516811 0.4331490193743933
0.25 0.5 19 20 -8.739877026025397 0.4050692889837155
0.25 0.5 20 21 5.74773229229595 0.3794820552540293
0.25 0.5 21 22 17.18460797202238 0.3560954298856085
0.25 0.5 22 23 26.17733139169491 0.3346598778891539
0.25 0.5 23 24 33.20341513115613 0.3149610059747689
0.25 0.5 24 25 38.64136324597735 0.2968137308679079
0.25 0.5 25 26 42.79307120737212 0.2800575422744145
0.25 0.5 26 27 45.90068678849423 0.2645526355658039
0.25 0.5 27 28 48.15942028650693 0.2501767391848704
0.25 0.5 28 29 49.72736141423468 0.2368224983143038
0.25 0.5 29 30 50.73306239011913 0.2243953063307167
0.25 0.5 30 31 51.28143894210723 0.2128114987051185
0.25 0.5 31 32 51.45839386134969 0.2019968419023055
0.25 0.5 32 33 51.33446272181527 0.1918852625948367
0.25 0.5 33 34 50.96770560168022 0.1824177747426131
0.25 0.5 34 35 50.40601338258398 0.1735415698270136
0.25 0.5 35 36 49.68895660130482 0.1652092418605188
0.25 0.5 36 37 48.84927465385169 0.1573781254318116
0.25 0.5 37 38 47.91408070644678 0.1500097274361347
0.25 0.5 38 39 46.90584064341118 0.1430692377885477
0.25 0.5 39 40 45.84317149345708 0.1365251066973686
0.25 0.5 40 41 44.74149511169679 0.1303486783904117
0.25 0.5 41 42 43.6135750243842 0.1245138726664927
0.25 0.5 42 43 42.46995887806361 0.1189969065751699
0.25 0.5 43 44 41.31934409245974 0.1137760524382238
0.25 0.5 44 45 40.16888091866679 0.1088314234462586
0.25 0.5 45 46 39.02320435491612 0.1045286107018548
0.25 0.5 46 47 37.88938269062533 0.1023003952641304
0.25 0.5 47 48 36.770046934351 0.1023531534828373
0.25 0.5 48 49 35.66829495522342 0.1045569000278413
0.25 0.5 49 50 34.58638886234536 0.1108111941610107
0.5 0.75 0 1 5892.961054466943 2.569412967514404
0.5 0.75 1 2 -1657.503777789422 1.898064376904945
0.5 0.75 2 3 -5509.628990270025 1.601647084041125
0.5 0.75 3 4 -4403.192835505148 1.543927675367012
0.5 0.75 4 5 -3223.894857451869 1.378736362856029
0.5 0.75 5 6 -2341.203294041787 1.220963916969039
0.5 0.75 6 7 -1712.585877343034 1.085275813289751
0.5 0.75 7 8 -1264.996954270888 0.9704083912916943
0.5 0.75 8 9 -942.3731931099769 0.8737552799303068
0.5 0.75 9 10 -706.2795900842552 0.7899287306906195
0.5 0.75 10 11 -530.8155103833683 0.7187228406525239
0.5 0.75 11 12 -398.7480153600345 0.6566036775190142
0.5 0.75 12 13 -298.1563154598523 0.6022436901271926
0.5 0.75 13 14 -220.7772939659878 0.5543436919291255
0.5 0.75 14 15 -160.7624765507182 0.5127155942220711
0.5 0.75 15 16 -113.903337637792 0.4772059087576786
0.5 0.75 16 17 -77.12458381908527 0.4450726239659212
0.5 0.75 17 18 -48.14724301338606 0.4159048795870601
0.5 0.75 18 19 -25.26082350381239 0.3893496648829112
0.5 0.75 19 20 -7.166650809690736 0.3651035918546272
0.5 0.75 20 21 7.13157290097547 0.3429054580547252
0.5 0.75 21 22 18.40536529569727 0.3225297894710965
0.5 0.75 22 23 27.25724815252352 0.3037813472326694
0.5 0.75 23 24 34.16136755204354 0.2864905051198221
0.5 0.75 24 25 39.4934245230445 0.2705093783897333
0.5 0.75 25 26 43.55297148888769 0.2557085887015721
0.5 0.75 26 27 46.58019024739599 0.2419745596908718
0.5 0.75 27 28 48.76863551751467 0.2292072524260709
0.5 0.75 28 29 50.27499798918006 0.2173182655309651
0.5 0.75 29 30 51.22664374991348 0.2062292362897075
0.5 0.75 30 31 51.72747973078208 0.1958704913868447
0.5 0.75 31 32 51.86254818141322 0.1861799033066258
0.5 0.75 32 33 51.70164851347158 0.1771019200075583
0.5 0.75 33 34 51.30220934004348 0.1685867360905864
0.5 0.75 34 35 50.71157849080646 0.1605895851054329
0.5 0.75 35 36 49.968858337683 0.1530701309220434
0.5 0.75 36 37 49.10638372965673 0.1459919446589112
0.5 0.75 37 38 48.15091747887448 0.1393220525134082
0.5 0.75 38 39 47.12462140406382 0.1330305435818855
0.5 0.75 39 40 46.04584810555366 0.127090229755382
0.5 0.75 40 41 44.9297890337491 0.1214763488780229
0.5 0.75 41 42 43.78900658447526 0.1161663056666773
0.5 0.75 42 43 42.63387251764624 0.1111394442673634
0.5 0.75 43 44 41.47293018144637 0.1063768490145438
0.5 0.75 44 45 40.31319464603882 0.1018611685692661
0.5 0.75 45 46 39.15919145751371 0.09797967308139298
0.5 0.75 46 47 38.01786553874905 0.09623461214469123
0.5 0.75 47 48 36.89176522450967 0.09682374430140428
0.5 0.75 48 49 35.78390713544769 0.1015111766812433
0.5 0.75 49 50 34.69648018768635 0.1095479886943732
0.75 1 0 1 5683.289128992019 1.841522324154915
0.75 1 1 2 -1842.687239923389 1.698053527699146
0.75 1 2 3 -5521.703913373423 1.593046230640404
0.75 1 3 4 -4389.454689473515 1.530103325574543
0.75 1 4 5 -3206.025825857334 1.365871760719961
0.75 1 5 6 -2323.945358266755 1.210562098332617
0.75 1 6 7 -1697.035472074531 1.077446863166183
0.75 1 7 8 -1251.293630310598 0.9647709641453294
0.75 1 8 9 -930.3815151014837 0.8692361996870418
0.75 1 9 10 -695.7990571340561 0.7878770116550616
0.75 1 10 11 -521.6431876877396 0.7170126095598425
0.75 1 11 12 -390.6966694404982 0.655586076264414
0.75 1 12 13 -291.0637438534147 0.6017315370700573
0.75 1 13 14 -214.5049703572654 0.5541989524793304
0.75 1 14 15 -155.1931539022942 0.5119928594644215
0.75 1 15 16 -108.9381261161916 0.4743122891483952
0.75 1 16 17 -72.68011863299034 0.4405062995525884
0.75 1 17 18 -44.15316315366454 0.4100408972327075
0.75 1 18 19 -21.65761449113734 0.382474201965409
0.75 1 19 20 -3.903835611652539 0.3574376095479411
0.75 1 20 21 10.09693554578303 0.3346213471242793
0.75 1 21 22 21.1099214766848 0.3137632918865936
0.75 1 22 23 29.73237210306183 0.2946402245241552
0.75 1 23 24 36.4340060600465 0.2770609293990803
0.75 1 24 25 41.58679479268437 0.260860704267435
0.75 1 25 26 45.48713920193109 0.2458969565889408
0.75 1 26 27 48.37254967749686 0.2320456446277685
0.75 1 27 28 50.43430946885405 0.2191983818074019
0.75 1 28 29 51.82717196292549 0.2072600642298977
0.75 1 29 30 52.67684602291115 0.1961469150373162
0.75 1 30 31 53.08581682485078 0.1857848632805917
0.75 1 31 32 53.13790343167693 0.1761081915495763
0.75 1 32 33 52.90185001943064 0.167058403169567
0.75 1 33 34 52.43417243553398 0.1585832674609205
0.75 1 34 35 51.78142693979936 0.1506360119265476
0.75 1 35 36 50.98202772009301 0.1431746359816535
0.75 1 36 37 50.06770986842974 0.1361613240160371
0.75 1 37 38 49.06471227136018 0.1295619441277093
0.75 1 38 39 47.9947380140311 0.1233456149908582
0.75 1 39 40 46.87573714895075 0.1174843336775398
0.75 1 40 41 45.72254711407771 0.1119526515408318
0.75 1 41 42 44.54741832097159 0.1067273942584998
0.75 1 42 43 43.36044701589026 0.1017874161370677
0.75 1 43 44 42.16993275365655 0.09711338675413993
0.75 1 44 45 40.98267445788144 0.09268760264121821
0.75 1 45 46 39.80301909019244 0.08925815284639482
0.75 1 46 47 38.63771719667571 0.08961947614207999
0.75 1 47 48 37.48917795050693 0.09386528515315093
0.75 1 48 49 36.36028160125497 0.1012911963098935
0.75 1 49 50 35.2530957495631 0.1091346984206499
1 1.25 0 1 5412.020803540764 1.522214675705565
1 1.25 1 2 -2089.620456868766 0.6616780598594149
1 1.25 2 3 -5544.424331806598 1.818016748413256
1 1.25 3 4 -4379.43431661368 1.762130217800697
1 1.25 4 5 -3190.978093128148 1.567852992946327
1 1.25 5 6 -2309.535241755895 1.380395972224604
1 1.25 6 7 -1684.417798237486 1.219560886638939
1 1.25 7 8 -1240.535699676297 1.084325936947807
1 1.25 8 9 -921.2826127960889 0.9706794057943224
1 1.25 9 10 -688.112417326367 0.874735674841909
1 1.25 10 11 -515.1433529085243 0.7921485243885638
1 1.25 11 12 -385.1836118900324 0.7211205232445318
1 1.25 12 13 -286.3709236971556 0.6593453908199992
1 1.25 13 14 -210.4943061176712 0.6052143888418992
1 1.25 14 15 -151.7507055355456 0.557460586425387
1 1.25 15 16 -105.9699738747072 0.5150760417303081
1 1.25 16 17 -70.10877972586422 0.477250495846629
1 1.25 17 18 -41.91459756346353 0.4433260425103679
1 1.25 18 19 -19.69876917376723 0.4127634155875137
1 1.25 19 20 -2.180647441957035 0.3851166942387465
1 1.25 20 21 11.62115843955166 0.360014133492766
1 1.25 21 22 22.46581120576388 0.3371434863152233
1 1.25 22 23 30.945565011197 0.3162406513066591
1 1.25 23 24 37.52600786687753 0.297080807484914
1 1.25 24 25 42.57568599797514 0.2794714273428665
1 1.25 25 26 46.38815198132534 0.2632467232706199
1 1.25 26 27 49.19854115658507 0.2482631961126093
1 1.25 27 28 51.19615119861282 0.2343960417756695
1 1.25 28 29 52.53407141682862 0.2215362279280013
1 1.25 29 30 53.33661276836278 0.2095881007284764
1 1.25 30 31 53.70508352185107 0.1984674126555883
1 1.25 31 32 53.72230982738995 0.1880996883903824
1 1.25 32 33 53.45619653831329 0.1784188618241122
1 1.25 33 34 52.96254870817336 0.1693661344652722
1 1.25 34 35 52.28731961929014 0.1608890141534303
1 1.25 35 36 51.46841112649025 0.1529405013863457
1 1.25 36 37 50.53712236491361 0.1454783975238792
1 1.25 37 38 49.51932074797435 0.1384647154522956
1 1.25 38 39 48.43639243964606 0.1318651730453497
1 1.25 39 40 47.30601680749248 0.1256487587998948
1 1.25 40 41 46.14279986006267 0.1197873562650513
1 1.25 41 42 44.95879396797937 0.1142554184968392
1 1.25 42 43 43.76392577716894 0.1090296858405719
1 1.25 43 44 42.56634950722878 0.1040889391238591
1 1.25 44 45 41.37273947671514 0.09941378464134365
1 1.25 45 46 40.18735503538289 0.09536711201593336
1 1.25 46 47 39.01681815226985 0.0933711462459689
1 1.25 47 48 37.8634789526615 0.09362767632051565
1 1.25 48 49 36.73015045339716 0.09749210844487254
1 1.25 49 50 35.6188461064948 0.105207728786405
1.25 1.5 0 1 5091.53922801354 3.357970968060523
1.25 1.5 1 2 -2360.805744217276 4.353424933030488
1.25 1.5 2 3 -5541.649828225834 1.686356493177657
1.25 1.5 3 4 -4339.194026398851 1.609429275443814
1.25 1.5 4 5 -3148.69634201894 1.43276505436207
1.25 1.5 5 6 -2272.211643596286 1.263483647300208
1.25 1.5 6 7 -1652.934615247825 1.117345408734171
1.25 1.5 7 8 -1214.333020382521 0.9939367584566513
1.25 1.5 8 9 -899.533826065137 0.8890065961939306
1.25 1.5 9 10 -670.0338122696721 0.8009359013182078
1.25 1.5 10 11 -500.0778033337888 0.7246301930784331
1.25 1.5 11 12 -372.5859745473995 0.6589694958555977
1.25 1.5 12 13 -275.8019855352927 0.6018264917808809
1.25 1.5 13 14 -201.5996638019267 0.5517411221109539
1.25 1.5 14 15 -144.2438705375951 0.5075555530140615
1.25 1.5 15 16 -99.61846853638144 0.4683440813803941
1.25 1.5 16 17 -64.72306726237957 0.4333599030781899
1.25 1.5 17 18 -37.33938065705138 0.4019950641888576
1.25 1.5 18 19 -15.8061738181068 0.3737503025603564
1.25 1.5 19 20 1.135123145483476 0.3482122107052589
1.25 1.5 20 21 14.44803231448986 0.3250358056064749
1.25 1.5 21 22 24.87717688920884 0.3039311151653981
1.25 1.5 22 23 33.00291942255092 0.2846527579210362
1.25 1.5 23 24 39.2810742252999 0.2669917811526427
1.25 1.5 24 25 44.07211719980899 0.2507692120224145
1.25 1.5 25 26 47.6629079693239 0.2358309218652307
1.25 1.5 26 27 50.28300841425528 0.223210119119719
1.25 1.5 27 28 52.11705710128615 0.2126300658995509
1.25 1.5 28 29 53.31423448386852 0.2027284010421186
1.25 1.5 29 30 53.99556095158414 0.1934491571875054
1.25 1.5 30 31 54.25956583491393 0.1847419541811073
1.25 1.5 31 32 54.18672135686711 0.1765613674362387
1.25 1.5 32 33 53.84293278917579 0.168866371565595
1.25 1.5 33 34 53.28230205563278 0.1616198500061203
1.25 1.5 34 35 52.54932813477279 0.1547881640913122
1.25 1.5 35 36 51.68066807694998 0.148340774164561
1.25 1.5 36 37 50.70655311860088 0.1422499061565806
1.25 1.5 37 38 49.65193257660093 0.1364902579222839
1.25 1.5 38 39 48.53740170670278 0.1310387410033868
1.25 1.5 39 40 47.37995723053814 0.1258742519223263
1.25 1.5 40 41 46.19361488703538 0.1209774709683464
1.25 1.5 41 42 44.98991578226997 0.1163306834323489
1.25 1.5 42 43 43.77834301433984 0.111917621751668
1.25 1.5 43 44 42.56666542200497 0.107723325314621
1.25 1.5 44 45 41.36122200674549 0.1037340147427074
1.25 1.5 45 46 40.16600177759966 0.1002739220756055
1.25 1.5 46 47 38.98732675881413 0.09858764133419458
1.25 1.5 47 48 37.82734660393507 0.09883657567000563
1.25 1.5 48 49 36.68867999356286 0.1009110132711769
1.25 1.5 49 50 35.57316582912307 0.1035922010853753
1.5 1.75 0 1 4695.957409024117 0.9467177180495115
1.5 1.75 1 2 -2727.336824186591 0.7827125018586782
1.5 1.75 2 3 -5563.872196245048 1.71449206967156
1.5 1.75 3 4 -4303.635328244591 1.656834566219052
1.5 1.75 4 5 -3102.388773472835 1.479368866167541
1.5 1.75 5 6 -2226.847077320718 1.30103529934551
1.5 1.75 6 7 -1611.663635239028 1.144907380748154
1.5 1.75 7 8 -1177.768343446317 1.012624499286025
1.5 1.75 8 9 -867.457566010406 0.9014187329538068
1.5 1.75 9 10 -641.9770771971343 0.8078369669212194
1.5 1.75 10 11 -475.5369750177369 0.7275955147251593
1.5 1.75 11 12 -351.0747576546423 0.6589782150188616
1.5 1.75 12 13 -256.8927279016043 0.5996251365389064
1.5 1.75 13 14 -184.9233322258947 0.5478930002108686
1.5 1.75 14 15 -129.4860438607327 0.502486656641297
1.5 1.75 15 16 -86.51272872025766 0.4623780376148072
1.5 1.75 16 17 -53.04403832767571 0.4267438814656853
1.5 1.75 17 18 -26.89630160285537 0.3949188219403137
1.5 1.75 18 19 -6.43729262329839 0.3663601890277469
1.5 1.75 19 20 9.56730424643456 0.3406215138863571
1.5 1.75 20 21 22.06073218774213 0.3173324468943343
1.5 1.75 21 22 31.77063589174281 0.2961834169776863
1.5 1.75 22 23 39.2631314416509 0.276913801503963
1.5 1.75 23 24 44.98204718177863 0.2593027256595497
1.5 1.75 24 25 49.27774527906524 0.2431618421265606
1.5 1.75 25 26 52.4285252307792 0.2283296172296664
1.5 1.75 26 27 54.6566811613834 0.2146667716843812
1.5 1.75 27 28 56.14066191696531 0.2020526153784075
1.5 1.75 28 29 57.02436012416103 0.1903820790100463
1.5 1.75 29 30 57.42426516252965 0.1795632935151106
1.5 1.75 30 31 57.43501236481984 0.1695156030821222
1.5 1.75 31 32 57.133717756946 0.1601679250678896
1.5 1.75 32 33 56.58338581419065 0.1514573874614461
1.5 1.75 33 34 55.83560442381895 0.1433281909550468
1.5 1.75 34 35 54.93268793923352 0.1357306541896705
1.5 1.75 35 36 53.90939013991647 0.128620408393461
1.5 1.75 36 37 52.79427995962391 0.1219577150180387
1.5 1.75 37 38 51.61085134227045 0.11570688550398
1.5 1.75 38 39 50.37842233201883 0.109835784433708
1.5 1.75 39 40 49.11286622211014 0.1043154056547925
1.5 1.75 40 41 47.82720838769995 0.09911950397910209
1.5 1.75 41 42 46.53211498869842 0.09422428083881912
1.5 1.75 42 43 45.23629451977877 0.08960810860208857
1.5 1.75 43 44 43.94682865111798 0.08525129322535711
1.5 1.75 44 45 42.66944557408846 0.08113586541765729
1.5 1.75 45 46 41.40761064762208 0.07795164043880488
1.5 1.75 46 47 40.16712682331439 0.07827625246945275
1.5 1.75 47 48 38.9497299313222 0.0821895988844274
1.5 1.75 48 49 37.75765008716601 0.08903750434667851
1.5 1.75 49 50 36.59238621714272 0.09626750509590717
1.75 2 0 1 4274.009426359225 1.077300575368556
1.75 2 1 2 -3102.112903374976 2.393849689446401
1.75 2 2 3 -5573.927715852439 2.721299990782137
1.75 2 3 4 -4265.306181444498 2.290078336694492
1.75 2 4 5 -3061.462013109464 1.909256142262835
1.75 2 5 6 -2191.406206346819 1.614865111098493
1.75 2 6 7 -1582.423753919767 1.387327188626096
1.75 2 7 8 -1153.928492115728 1.208227517552362
1.75 2 8 9 -848.0371480581666 1.063811950004374
1.75 2 9 10 -626.115234440751 0.9454019112090332
1.75 2 10 11 -462.5284376231207 0.8470396466217591
1.75 2 11 12 -340.365602430855 0.7637693204142165
1.75 2 12 13 -248.0435868692687 0.6925624294145827
1.75 2 13 14 -177.5860314573947 0.631047031226717
1.75 2 14 15 -123.3832568555588 0.5774329137462819
1.75 2 15 16 -81.42226039375532 0.5303439711894353
1.75 2 16 17 -48.78681655486776 0.4887050303465003
1.75 2 17 18 -23.32720234727049 0.4516637748885938
1.75 2 18 19 -3.438097850881377 0.4185357709294517
1.75 2 19 20 12.09334719162848 0.3887650170291361
1.75 2 20 21 24.19314450320462 0.3618951396145961
1.75 2 21 22 33.57502631161788 0.3375480230589708
1.75 2 22 23 40.79381637611527 0.3154077264857358
1.75 2 23 24 46.28413290322783 0.2952082182126574
1.75 2 24 25 50.38879282458788 0.2767239090096858
1.75 2 25 26 53.37988923895114 0.2597622653929848
1.75 2 26 27 55.47459215702793 0.2441579862771596
1.75 2 27 28 56.84710543249435 0.2297683707309208
1.75 2 28 29 57.63779397178848 0.2164696004685257
1.75 2 29 30 57.96020705742262 0.2041537331414511
1.75 2 30 31 57.90652316349747 0.1927262521699395
1.75 2 31 32 57.55180025146598 0.1821040565918777
1.75 2 32 33 56.9573149184132 0.1722138013378677
1.75 2 33 34 56.17320138970859 0.1629905178505486
1.75 2 34 35 55.24054874180479 0.1543764627991921
1.75 2 35 36 54.19307619909387 0.1463201502432952
1.75 2 36 37 53.05847781191505 0.1387755351535657
1.75 2 37 38 51.85950663164363 0.131701321491994
1.75 2 38 39 50.61485250172694 0.125060372056291
1.75 2 39 40 49.33985549106694 0.1188192046262662
1.75 2 40 41 48.04708795313297 0.1129475585835978
1.75 2 41 42 46.74683088133901 0.1074180222806886
1.75 2 42 43 45.44746510880788 0.1022057097821175
1.75 2 43 44 44.15579346065411 0.09728798125025874
1.75 2 44 45 42.87730678471596 0.09264419850175044
1.75 2 45 46 41.61530008539702 0.08861463538676458
1.75 2 46 47 40.37534246346792 0.08654042174793986
1.75 2 47 48 39.1590555227294 0.08660482402543955
1.75 2 48 49 37.9685451755729 0.09097781995385218
1.75 2 49 50 36.8051968297178 0.09784781093174383
2 2.25 0 1 3802.402304323666 1.117410457503319
2 2.25 1 2 -3506.32497511654 0.8656287341121728
2 2.25 2 3 -5566.057570645584 1.654457765350156
2 2.25 3 4 -4190.651448240105 1.529902824493879
2 2.25 4 5 -2977.45223237273 1.349130704878123
2 2.25 5 6 -2112.495427606172 1.189540117902082
2 2.25 6 7 -1512.180897697282 1.055813718439882
2 2.25 7 8 -1092.635247220948 0.9433684866882875
2 2.25 8 9 -794.9288637866784 0.848625906083475
2 2.25 9 10 -580.1612719946856 0.76777594778478
2 2.25 10 11 -422.7347099755507 0.6975155243761837
2 2.25 11 12 -305.812478161331 0.6366317186853666
2 2.25 12 13 -217.9459601808865 0.5832916068909521
2 2.25 13 14 -151.2796515069685 0.5362534010905224
2 2.25 14 15 -100.3105765159498 0.4945273086500008
2 2.25 15 16 -61.1164495154519 0.4573157345610104
2 2.25 16 17 -30.85681009665086 0.423969494273982
2 2.25 17 18 -7.444710033704723 0.3939553324099133
2 2.25 18 19 10.67330107532257 0.366831516351682
2 2.25 19 20 24.66720652174627 0.3422292790498315
2 2.25 20 21 35.42752509509751 0.3198385487429891
2 2.25 21 22 43.63851892936782 0.299396870331394
2 2.25 22 23 49.83046082848057 0.2806807158780742
2 2.25 23 24 54.4174423845941 0.2634986142131842
2 2.25 24 25 57.72505488832883 0.2476856731182933
2 2.25 25 26 60.01088208181125 0.2330991776755225
2 2.25 26 27 61.47982759957029 0.2196150283471217
2 2.25 27 28 62.29568781165483 0.2071248392472508
2 2.25 28 29 62.58996638934696 0.1955335581246477
2 2.25 29 30 62.46864227773949 0.1847575040132146
2 2.25 30 31 62.01740520863444 0.1747227376383297
2 2.25 31 32 61.30573381946238 0.1653637035679329
2 2.25 32 33 60.3900926508112 0.1566220905452103
2 2.25 33 34 59.31645335815563 0.1484458720502234
2 2.25 34 35 58.12229400420051 0.140788493741836
2 2.25 35 36 56.83819265196701 0.1336081831198503
2 2.25 36 37 55.48910364871836 0.1268673601547482
2 2.25 37 38 54.0953843656485 0.1205321319228241
2 2.25 38 39 52.67362460222438 0.1145718584962684
2 2.25 39 40 51.23731913589791 0.1089587782602927
2 2.25 40 41 49.7974151297675 0.103667682370553
2 2.25 41 42 48.36275904259048 0.09867563348641646
2 2.25 42 43 46.94046272787597 0.09396171968189292
2 2.25 43 44 45.53620414124407 0.08950683920002228
2 2.25 44 45 44.1544749946288 0.08529351281647347
2 2.25 45 46 42.79770291073564 0.08196549934744515
2 2.25 46 47 41.47062335514372 0.08192671984172625
2 2.25 47 48 40.17417155928206 0.08524002877222894
2 2.25 48 49 38.90982016711297 0.09128141711172441
2 2.25 49 50 37.67838982452949 0.09767002657731505
2.25 2.5 0 1 3298.89162984921 1.89796205187646
2.25 2.5 1 2 -3913.458606144691 0.9533094265602677
2.25 2.5 2 3 -5518.49038893622 1.687304610513341
2.25 2.5 3 4 -4083.77177789322 1.588243035070193
2.25 2.5 4 5 -2873.890864505226 1.472822914990561
2.25 2.5 5 6 -2023.954129158049 1.326593137112807
2.25 2.5 6 7 -1438.951347260323 1.18879409005664
2.25 2.5 7 8 -1032.548590735615 1.066917174500384
2.25 2.5 8 9 -745.589176834088 0.9608430603006166
2.25 2.5 9 10 -539.4870340117427 0.8695865079753813
2.25 2.5 10 11 -389.0555615623964 0.789786430492214
2.25 2.5 11 12 -277.7873239688272 0.7203445303279075
2.25 2.5 12 13 -194.5201766886489 0.6594525875215393
2.25 2.5 13 14 -131.6184384159333 0.6057707168962377
2.25 2.5 14 15 -83.74952647217697 0.5581982401964098
2.25 2.5 15 16 -47.12326252956973 0.5158315655814194
2.25 2.5 16 17 -19.00208037378957 0.477926646712669
2.25 2.5 17 18 2.620306522090459 0.4438678738704452
2.25 2.5 18 19 19.23366007107074 0.4131430537089626
2.25 2.5 19 20 31.95730935052939 0.3853235269923884
2.25 2.5 20 21 41.64119942812113 0.3600484248638677
2.25 2.5 21 22 48.93687343901979 0.3370121917057558
2.25 2.5 22 23 54.34805158251095 0.3159546640594443
2.25 2.5 23 24 58.26714907911298 0.2966531472944559
2.25 2.5 24 25 61.00196360143741 0.2789160538666586
2.25 2.5 25 26 62.79539719442926 0.2625777667903545
2.25 2.5 26 27 63.84018122416001 0.2474944696702893
2.25 2.5 27 28 64.28997500138075 0.2335407411877912
2.25 2.5 28 29 64.26780460671773 0.220606758911067
2.25 2.5 29 30 63.87253129274097 0.2085959911262649
2.25 2.5 30 31 63.18384674963477 0.1974232809466137
2.25 2.5 31 32 62.26615749311162 0.1870132485412491
2.25 2.5 32 33 61.17162483299671 0.1772989520329175
2.25 2.5 33 34 59.94255818770012 0.1682207597536259
2.25 2.5 34 35 58.61330973259015 0.1597253969698116
2.25 2.5 35 36 57.21178200319844 0.1517651357805565
2.25 2.5 36 37 55.76063323567541 0.14429710504501
2.25 2.5 37 38 54.27824534908825 0.1372826986877096
2.25 2.5 38 39 52.77950450744731 0.1306870686136111
2.25 2.5 39 40 51.27643293276878 0.1244786866768257
2.25 2.5 40 41 49.77870221654297 0.1186289659532664
2.25 2.5 41 42 48.2940516119175 0.1131119324667163
2.25 2.5 42 43 46.82863003163118 0.1079039389797058
2.25 2.5 43 44 45.38727640398818 0.1029834158125658
2.25 2.5 44 45 43.97375009521079 0.09833065142226399
2.25 2.5 45 46 42.58987413343152 0.09423783775056507
2.25 2.5 46 47 41.23975465472478 0.09185156545885306
2.25 2.5 47 48 39.92387123608978 0.09131026920508037
2.25 2.5 48 49 38.64326512602781 0.09248051203512406
2.25 2.5 49 50 37.39837771889503 0.09422254389995366
2.5 2.75 0 1 2739.713481907926 2.526675462025347
2.5 2.75 1 2 -4353.417953409984 1.097445857342566
2.5 2.75 2 3 -5462.904442505675 2.68919428711013
2.5 2.75 3 4 -3963.922087783516 2.655222937945275
2.5 2.75 4 5 -2755.893757798362 2.359230203667407
2.5 2.75 5 6 -1920.740572391541 2.064020435890074
2.5 2.75 6 7 -1351.571918604346 1.809393753546533
2.5 2.75 7 8 -959.2359716597243 1.595910959404663
2.5 2.75 8 9 -684.106235570976 1.417467826670058
2.5 2.75 9 10 -487.7763138227028 1.266922471515228
2.5 2.75 10 11 -345.3920619318515 1.139556689304551
2.5 2.75 11 12 -240.7474363527504 1.030425084873079
2.5 2.75 12 13 -162.9556091615098 0.9362550038768058
2.5 2.75 13 14 -104.6017874238255 0.854371920345528
2.5 2.75 14 15 -60.53006115803123 0.782672763985423
2.5 2.75 15 16 -27.09065671354779 0.7194897120123924
2.5 2.75 16 17 -1.657582726412784 0.6634878062495756
2.5 2.75 17 18 17.6865073519009 0.613588550705052
2.5 2.75 18 19 32.36014713919599 0.5689127890803937
2.5 2.75 19 20 43.42531434554087 0.528737734481338
2.5 2.75 20 21 51.68551527564807 0.4924643857702576
2.5 2.75 21 22 57.75447820591398 0.459592601134001
2.5 2.75 22 23 62.10496132824539 0.429701858891492
2.5 2.75 23 24 65.10389457052065 0.4024362747281344
2.5 2.75 24 25 67.0379922474699 0.3774928348032419
2.5 2.75 25 26 68.13263086424513 0.3546120772087271
2.5 2.75 26 27 68.56590728479944 0.3335706552763946
2.5 2.75 27 28 68.47920763370064 0.3141753579204324
2.5 2.75 28 29 67.98522292071544 0.2962582682498351
2.5 2.75 29 30 67.17407751658146 0.2796728172235088
2.5 2.75 30 31 66.11804995923274 0.2642905465342291
2.5 2.75 31 32 64.8752346411564 0.2499984383748187
2.5 2.75 32 33 63.49240022208477 0.2366966987061875
2.5 2.75 33 34 62.00723426282315 0.2242969092423972
2.5 2.75 34 35 60.45011559246575 0.2127204771101217
2.5 2.75 35 36 58.84552093291006 0.2018973298774108
2.5 2.75 36 37 57.21314652518794 0.1917648101270916
2.5 2.75 37 38 55.5688064523128 0.1822667374308161
2.5 2.75 38 39 53.92515503067233 0.1733526065028158
2.5 2.75 39 40 52.29226988078295 0.1649769014900681
2.5 2.75 40 41 50.6781242601075 0.1570985057832326
2.5 2.75 41 42 49.08897080207151 0.1496801929728504
2.5 2.75 42 43 47.52965428035105 0.1426881860838344
2.5 2.75 43 44 46.00386716996371 0.1360917752539079
2.5 2.75 44 45 44.51435897311936 0.1298629837887247
2.5 2.75 45 46 43.06209725985661 0.1241948489124166
2.5 2.75 46 47 41.65033050363033 0.1198887671588705
2.5 2.75 47 48 40.27887658331707 0.1170591313624904
2.5 2.75 48 49 38.94815806936731 0.115654254458568
2.5 2.75 49 50 37.65806576549258 0.1148782522303995
2.75 3 0 1 2120.288373436047 2.081019114765161
2.75 3 1 2 -4785.000187932717 3.916390403241054
2.75 3 2 3 -5345.422478306642 5.836179924032843
2.75 3 3 4 -3787.068624381494 5.065809897127751
2.75 3 4 5 -2592.056109749489 4.243876799840093
2.75 3 5 6 -1781.954115815496 3.576410881862046
2.75 3 6 7 -1236.79265173377 3.050388398403474
2.75 3 7 8 -864.7814890092932 2.632928231080041
2.75 3 8 9 -606.2137021153912 2.297045344431929
2.75 3 9 10 -423.2766057443391 2.022016052722219
2.75 3 10 11 -291.765712817717 1.79488699543753
2.75 3 11 12 -195.8663960724 1.60380003544872
2.75 3 12 13 -125.2337365129326 1.441788942351045
2.75 3 13 14 -72.75659180225966 1.302976256561497
2.75 3 14 15 -33.53920852960209 1.183003986778639
2.75 3 15 16 -4.133912185654253 1.078512131229643
2.75 3 16 17 17.92764021969265 0.9868740582480142
2.75 3 17 18 34.43907631649836 0.9060102702823214
2.75 3 18 19 46.72117232060361 0.8342552950637612
2.75 3 19 20 55.75811596988137 0.7702611096702034
2.75 3 20 21 62.29108048029229 0.7129260653669747
2.75 3 21 22 66.88351047252434 0.6613418781565575
2.75 3 22 23 69.96734085494961 0.6147535980829831
2.75 3 23 24 71.87615820838482 0.572529028992712
2.75 3 24 25 72.86928778469951 0.5341351159137134
2.75 3 25 26 73.14948760208529 0.4991195295217911
2.75 3 26 27 72.876081754349 0.4670961709837545
2.75 3 27 28 72.17480179247866 0.4377336624924482
2.75 3 28 29 71.14522634329234 0.410746135923221
2.75 3 29 30 69.86645071559388 0.3858858039164196
2.75 3 30 31 68.40144000995502 0.3629369271032853
2.75 3 31 32 66.80039453054889 0.3417108816707788
2.75 3 32 33 65.10336821436437 0.3220421024563087
2.75 3 33 34 63.34231791260481 0.3037847258742144
2.75 3 34 35 61.54271598649837 0.2868097970373228
2.75 3 35 36 59.7248256758582 0.2710029341650827
2.75 3 36 37 57.90471444070869 0.2562623655168533
2.75 3 37 38 56.09506258633536 0.2424972723798055
2.75 3 38 39 54.3058110719754 0.229626383325194
2.75 3 39 40 52.5446823378326 0.2175767776537281
2.75 3 40 41 50.81760050680197 0.2062828622706587
2.75 3 41 42 49.12903132491911 0.1956854933672561
2.75 3 42 43 47.48225799763776 0.185731220569832
2.75 3 43 44 45.87960552988815 0.1763716331265759
2.75 3 44 45 44.32262357356902 0.1675627935482889
2.75 3 45 46 42.81127049562707 0.1594209814063323
2.75 3 46 47 41.34777529530007 0.1525042744148754
2.75 3 47 48 39.93118297881699 0.1468935442101426
2.75 3 48 49 38.56119320582744 0.1425635920799472
2.75 3 49 50 37.23705542906043 0.1389429450382752
3 3.25 0 1 1442.68233406347 1.312383872746227
3 3.25 1 2 -5140.187928696496 8.590120408036208
3 3.25 2 3 -5113.342126470412 9.63080643546747
3 3.25 3 4 -3520.143356288806 7.954227632875748
3 3.25 4 5 -2361.825139527272 6.505287970321231
3 3.25 5 6 -1594.688440897498 5.398260240282458
3 3.25 6 7 -1086.478175564455 4.552610974440693
3 3.25 7 8 -744.1064809150907 3.894803647627979
3 3.25 8 9 -508.8955255654716 3.372874804045332
3 3.25 9 10 -344.2994915107515 2.95103889149744
3 3.25 10 11 -227.2789213338024 2.604831086473894
3 3.25 11 12 -142.9655278823777 2.316329132249093
3 3.25 12 13 -81.61136797111135 2.073220976705552
3 3.25 13 14 -36.64041666231219 1.866124422195536
3 3.25 14 15 -3.540529779577355 1.688056347476957
3 3.25 15 16 20.84487637581924 1.533684556752741
3 3.25 16 17 38.76144444488682 1.398874870734435
3 3.25 17 18 51.83090482981243 1.280377606487848
3 3.25 18 19 61.2401608039487 1.175606470408616
3 3.25 19 20 67.86823474212963 1.082479910348303
3 3.25 20 21 72.37300422275825 0.9993054589095417
3 3.25 21 22 75.25142818962058 0.9246941779468832
3 3.25 22 23 76.88198861984858 0.8574965147701102
3 3.25 23 24 77.55500682342324 0.7967536147400671
3 3.25 24 25 77.49456849907813 0.7416599427688905
3 3.25 25 26 76.87456099034557 0.6915342843882412
3 3.25 26 27 75.8305265025449 0.6457970280151749
3 3.25 27 28 74.46850683564389 0.6039522067948803
3 3.25 28 29 72.8717013710995 0.5655731835167245
3 3.25 29 30 71.10551946982793 0.530291149830259
3 3.25 30 31 69.22144305399951 0.497785819238874
3 3.25 31 32 67.2599997956475 0.4677778436269744
3 3.25 32 33 65.25306613558359 0.4400225944321114
3 3.25 33 34 63.2256615475406 0.4143050326614056
3 3.25 34 35 61.19735390447653 0.3904354523509259
3 3.25 35 36 59.18336563170965 0.3682459307316469
3 3.25 36 37 57.19544825182282 0.3475873523389686
3 3.25 37 38 55.24257667058544 0.328326902441709
3 3.25 38 39 53.3315024067073 0.3103459464534245
3 3.25 39 40 51.46719588753447 0.2935382281410898
3 3.25 40 41 49.65320119290382 0.2778083323830135
3 3.25 41 42 47.89192125620337 0.2630703687140084
3 3.25 42 43 46.18484775473414 0.249246839787663
3 3.25 43 44 44.53274677657026 0.2362676653384802
3 3.25 44 45 42.93580900323676 0.2240693374365914
3 3.25 45 46 41.39286968121684 0.2126998080087834
3 3.25 46 47 39.90499168069704 0.2025092193274137
3 3.25 47 48 38.4703760459127 0.1935309111223944
3 3.25 48 49 37.08792646603489 0.1857343216598686
3 3.25 49 50 35.75619107963199 0.1787205900634698
3.25 3.5 0 1 732.1532199208094 0.4623933373698084
3.25 3.5 1 2 -5305.854965112683 18.71053883463149
3.25 3.5 2 3 -4698.089147934478 15.33716956354585
3.25 3.5 3 4 -3123.619730352522 11.70568807446877
3.25 3.5 4 5 -2042.516898127263 9.184063083821796
3.25 3.5 5 6 -1346.217081464812 7.412696325186868
3.25 3.5 6 7 -893.9176325324725 6.122184920215514
3.25 3.5 7 8 -594.2028282455933 5.149744230466459
3.25 3.5 8 9 -391.4229845533255 4.39614182416277
3.25 3.5 9 10 -251.6219803690369 3.798187659364468
3.25 3.5 10 11 -153.6377417871749 3.314600114741631
3.25 3.5 11 12 -84.20813158857391 2.917184327442415
3.25 3.5 12 13 -34.62724787440152 2.585888042123305
3.25 3.5 13 14 1.032295863450827 2.306495220141586
3.25 3.5 14 15 26.67664607389952 2.068428763714659
3.25 3.5 15 16 45.0487318388283 1.86374378745184
3.25 3.5 16 17 58.08383131798166 1.686358892538081
3.25 3.5 17 18 67.16819127423889 1.531547036025674
3.25 3.5 18 19 73.3081334053195 1.395583323389605
3.25 3.5 19 20 77.24281180265928 1.275496388819699
3.25 3.5 20 21 79.52076115652812 1.168889685203817
3.25 3.5 21 22 80.55272504303503 1.073810906985394
3.25 3.5 22 23 80.64866585068592 0.988655156996655
3.25 3.5 23 24 80.04405019863225 0.9120921623372654
3.25 3.5 24 25 78.91875216112317 0.8430108883967788
3.25 3.5 25 26 77.41080335198598 0.7804769136176344
3.25 3.5 26 27 75.62649935513065 0.7236992824745316
3.25 3.5 27 28 73.64789906998209 0.6720044806964194
3.25 3.5 28 29 71.53843823891827 0.6248158202134346
3.25 3.5 29 30 69.34716498479497 0.5816369743996076
3.25 3.5 30 31 67.11195908347128 0.5420387266519692
3.25 3.5 31 32 64.86199522240508 0.5056482287539185
3.25 3.5 32 33 62.61963934247535 0.4721402351615796
3.25 3.5 33 34 60.40191671108158 0.4412299047987984
3.25 3.5 34 35 58.22165423966774 0.4126668552416118
3.25 3.5 35 36 56.08837343261644 0.386230223913782
3.25 3.5 36 37 54.00899130005052 0.3617245445438306
3.25 3.5 37 38 51.98837259788536 0.3389762871311816
3.25 3.5 38 39 50.02976635662731 0.3178309410921858
3.25 3.5 39 40 48.13515191436409 0.2981505457034871
3.25 3.5 40 41 46.30551394244304 0.279811590080732
3.25 3.5 41 42 44.54106140429715 0.2627032206339701
3.25 3.5 42 43 42.84140219720442 0.2467257050435256
3.25 3.5 43 44 41.20568259648081 0.2317891113720278
3.25 3.5 44 45 39.63269864418064 0.217812168132287
3.25 3.5 45 46 38.1201759002917 0.2048161143035093
3.25 3.5 46 47 36.66795289385317 0.1931004994973465
3.25 3.5 47 48 35.27342997770452 0.1826887256074772
3.25 3.5 48 49 33.93473890973839 0.1735494694470138
3.25 3.5 49 50 32.64975947799068 0.1653162933315648
3.5 3.75 0 1 69.24598343617316 1.790258938142363
3.5 3.75 1 2 -5096.315864052853 25.15961786687025
3.5 3.75 2 3 -4019.823784837719 17.15621101983511
3.5 3.75 3 4 -2564.182893576599 12.30165891533642
3.5 3.75 4 5 -1622.793983757417 9.313259565589785
3.5 3.75 5 6 -1035.770629864104 7.332450998558593
3.5 3.75 6 7 -663.4329465650362 5.940553246707033
3.5 3.75 7 8 -421.7464547530694 4.918211690190505
3.5 3.75 8 9 -261.4175660854339 4.141179366357223
3.5 3.75 9 10 -153.0673320138692 3.534578784512878
3.5 3.75 10 11 -78.74588332594021 3.050118001040382
3.5 3.75 11 12 -26.97059465363623 2.65711386820047
3.5 3.75 12 13 8.989139925588006 2.332014221679276
3.5 3.75 13 14 33.80791333830064 2.060840302030771
3.5 3.75 14 15 51.1239626884468 1.831570411098656
3.5 3.75 15 16 62.9384758330915 1.635957512889406
3.5 3.75 16 17 70.78028545323673 1.467646454049304
3.5 3.75 17 18 75.73285110425047 1.321742840870031
3.5 3.75 18 19 78.5741824841358 1.194421762638704
3.5 3.75 19 20 79.86936129815751 1.082654929543505
3.5 3.75 20 21 80.03285593320538 0.9840166262448168
3.5 3.75 21 22 79.37120004485894 0.8965432752172525
3.5 3.75 22 23 78.11267082284155 0.8186301825796409
3.5 3.75 23 24 76.42821399447513 0.7489545297153709
3.5 3.75 24 25 74.44638345772688 0.6864171886719952
3.5 3.75 25 26 72.26412974911005 0.6300982354211279
3.5 3.75 26 27 69.9546718770651 0.5792225642781754
3.5 3.75 27 28 67.57329529481098 0.5331330425512735
3.5 3.75 28 29 65.16165908381601 0.491269357040194
3.5 3.75 29 30 62.75102057824631 0.4531512027978606
3.5 3.75 30 31 60.36466660688939 0.418364815473746
3.5 3.75 31 32 58.0197582702877 0.3865521026412013
3.5 3.75 32 33 55.72873877440057 0.3574018112732432
3.5 3.75 33 34 53.50041335567769 0.3306423036015932
3.5 3.75 34 35 51.34078147030456 0.3060356125208942
3.5 3.75 35 36 49.25368065626418 0.2833725219391274
3.5 3.75 36 37 47.24128640704984 0.2624684734310223
3.5 3.75 37 38 45.30450140068123 0.243160143624619
3.5 3.75 38 39 43.44325928214337 0.2253025681113964
3.5 3.75 39 40 41.65676215868294 0.2087667145533664
3.5 3.75 40 41 39.94366652884526 0.1934374256242885
3.5 3.75 41 42 38.30222885781669 0.1792116687046024
3.5 3.75 42 43 36.73041955396056 0.1659970410555484
3.5 3.75 43 44 35.22601211202344 0.1537104888406168
3.5 3.75 44 45 33.78665266381969 0.1422772056161889
3.5 3.75 45 46 32.4092371533163 0.1317462823078454
3.5 3.75 46 47 31.09253468073118 0.1225171715593633
3.5 3.75 47 48 29.83341252275838 0.1146599066664611
3.5 3.75 48 49 28.62944936922403 0.1081719379917447
3.5 3.75 49 50 27.47807201583321 0.1026265417469654
3.75 4 0 1 -431.2874708208822 2.037356589278076
3.75 4 1 2 -4363.811878678539 29.67998699068511
3.75 4 2 3 -3054.328841991793 14.30652460425664
3.75 4 3 4 -1848.76899523583 8.590673945375663
3.75 4 4 5 -1119.059361821933 5.73336830623715
3.75 4 5 6 -681.8942140959 4.073811727564536
3.75 4 6 7 -412.99882688308 3.016389638787977
3.75 4 7 8 -243.1852450664862 2.298739219851474
3.75 4 8 9 -133.4836469764875 1.788790011381999
3.75 4 9 10 -61.35812112435838 1.413382466816818
3.75 4 10 11 -13.4558392649493 1.12904741871858
3.75 4 11 12 18.5994690590602 0.9119905886475864
3.75 4 12 13 39.97955736428298 0.7423943712149348
3.75 4 13 14 54.07282880666446 0.6046477707717416
3.75 4 14 15 63.13264105554379 0.5017145746157456
3.75 4 15 16 68.64819616919453 0.4086187582315631
3.75 4 16 17 71.69239910348136 0.3375912663608949
3.75 4 17 18 72.98310719156461 0.2803313311490123
3.75 4 18 19 73.03522411501353 0.2345806209291528
3.75 4 19 20 72.21659232270451 0.2135185536550305
3.75 4 20 21 70.79225991951023 0.1983843601300342
3.75 4 21 22 68.95449526524749 0.184629726479864
3.75 4 22 23 66.84345286800601 0.1720915477984453
3.75 4 23 24 64.561600785476 0.1606305213583661
3.75 4 24 25 62.18391922761043 0.1501270629174226
3.75 4 25 26 59.76519129058772 0.1404780173222852
3.75 4 26 27 57.34526788454355 0.1315939927929184
3.75 4 27 28 54.95290439968434 0.1268324635924444
3.75 4 28 29 52.60857941439454 0.1292017495704585
3.75 4 29 30 50.3265805748143 0.1317821316213358
3.75 4 30 31 48.11655813127805 0.134338966391132
3.75 4 31 32 45.98468852213381 0.1367300622495931
3.75 4 32 33 43.93455013009907 0.1388748662374226
3.75 4 33 34 41.96778511943189 0.1407329054243293
3.75 4 34 35 40.08460128463933 0.1422892421454064
3.75 4 35 36 38.28415355263509 0.1435448496633648
3.75 4 36 37 36.56483449407388 0.1445103115832152
3.75 4 37 38 34.92449573170077 0.145201726155271
3.75 4 38 39 33.36061664570673 0.1456380616712353
3.75 4 39 40 31.87043273494339 0.1458394651497494
3.75 4 40 41 30.45103304466602 0.1458261959233309
3.75 4 41 42 29.09943375441672 0.1456179701465742
3.75 4 42 43 27.81263340807774 0.1452335742033283
3.75 4 43 44 26.5876539881903 0.1446906544042715
3.75 4 44 45 25.42157103516155 0.1440056206822539
3.75 4 45 46 24.31103230274284 0.1432679085392096
3.75 4 46 47 23.2541611660176 0.1427483816854827
3.75 4 47 48 22.24780230942832 0.1424603529546527
3.75 4 48 49 21.28941704045021 0.1423734632122594
3.75 4 49 50 20.37639499371119 0.1422657633899563
4 5 0 1 -1198.673395248892 3.711608135494596
4 5 1 2 -4873.562131063143 10.42985207923199
4 5 2 3 -2796.768577701436 6.622173185095887
4 5 3 4 -1466.970214760153 4.697322648403589
4 5 4 5 -761.8422977389487 3.454454746699552
4 5 5 6 -382.4709599708449 2.630875274900086
4 5 6 7 -169.9935629147446 2.101065146281387
4 5 7 8 -47.59988377501736 1.736695439346888
4 5 8 9 23.92699614461162 1.464799722042256
4 5 9 10 65.70087187812805 1.251389643805978
4 5 10 11 89.5450829253756 1.08328341373716
4 5 11 12 102.3777064713485 0.9487169239221702
4 5 12 13 108.3520350723591 0.8364022225686907
4 5 13 14 110.0064886538825 0.7408764656614405
4 5 14 15 108.9349018238501 0.6600704719973329
4 5 15 16 106.1680523262953 0.5917922899975882
4 5 16 17 102.3810623996868 0.5331803905333219
4 5 17 18 98.01593271068754 0.4819112148213814
4 5 18 19 93.36194207628569 0.4366558909546979
4 5 19 20 88.60920225371535 0.3966703003733409
4 5 20 21 83.88281175818048 0.3613299145353206
4 5 21 22 79.26414368501938 0.3299846007485729
4 5 22 23 74.80452132584978 0.3020170513579357
4 5 23 24 70.53450699664515 0.2769150696905553
4 5 24 25 66.47043654019438 0.2542854230440565
4 5 25 26 62.61902437654172 0.2338258282534537
4 5 26 27 58.98056072907241 0.2152900109856911
4 5 27 28 55.55110282740077 0.1984645709085882
4 5 28 29 52.32397347602767 0.1831591375591195
4 5 29 30 49.29079369743448 0.1692040994352847
4 5 30 31 46.44220164205788 0.1564504693656649
4 5 31 32 43.76835576831215 0.144769142749896
4 5 32 33 41.25928561807278 0.1340490042887059
4 5 33 34 38.90513273231788 0.1241943467055064
4 5 34 35 36.69631176316622 0.1151222176931444
4 5 35 36 34.62361379467761 0.106760098633554
4 5 36 37 32.67826824296777 0.09904406064571816
4 5 37 38 30.85197547881233 0.09191737454998011
4 5 38 39 29.13691907336435 0.08532947645043266
4 5 39 40 27.52576409617648 0.07923518106829827
4 5 40 41 26.01164611025768 0.07359405735920904
4 5 41 42 24.58815410266391 0.06836990797860117
4 5 42 43 23.24930967301805 0.06353031855694614
4 5 43 44 21.98954412966899 0.05904625857016652
4 5 44 45 20.80367460131273 0.05489172437266649
4 5 45 46 19.68638315690697 0.05148029353804837
4 5 46 47 18.63383281187017 0.05039571092247112
4 5 47 48 17.64140009973893 0.05166039311317671
4 5 48 49 16.70525496897145 0.05579310249795279
4 5 49 50 15.82142976372693 0.06048080119856348
-5 5 0 50 -553133.7623890887 96.93932079500148
