#ylo yhi qTlo qThi PDF0  uncertainty
-5 -4 0 1 -1191.312138002006 3.74909265141722
-5 -4 1 2 -4843.742528140858 10.51093394317065
-5 -4 2 3 -2778.734032823722 6.694378754252541
-5 -4 3 4 -1456.724199357 4.735308902909148
-5 -4 4 5 -755.7633041704476 3.446918951950197
-5 -4 5 6 -378.669417246088 2.610269856239432
-5 -4 6 7 -167.5138499474481 2.080746393310379
-5 -4 7 8 -45.92748360329551 1.720825584470052
-5 -4 8 9 25.09051387931413 1.45401640079712
-5 -4 9 10 66.53706767199048 1.245159912957926
-5 -4 10 11 90.16690332715859 1.080901975442107
-5 -4 11 12 102.8570514812842 0.9495388863964389
-5 -4 12 13 108.7353277620983 0.8395291735216406
-5 -4 13 14 110.3243405450985 0.7455889877550274
-5 -4 14 15 109.2078585321333 0.6659894154931801
-5 -4 15 16 106.4100952013035 0.598715800719279
-5 -4 16 17 102.6018010834364 0.5409019610361109
-5 -4 17 18 98.22203251043476 0.4902092761090533
-5 -4 18 19 93.55806164175181 0.4453504759975311
-5 -4 19 20 88.79860909120941 0.405644575573577
-5 -4 20 21 84.06779143091353 0.370511921490908
-5 -4 21 22 79.44627966399028 0.3393220769450453
-5 -4 22 23 74.98489200115009 0.3114643329925543
-5 -4 23 24 70.71382681334137 0.2864313474923809
-5 -4 24 25 66.64915775371912 0.2638368842573681
-5 -4 25 26 62.79741059701021 0.2433867689676744
-5 -4 26 27 59.15874030126724 0.2248419653033238
-5 -4 27 28 55.72910785749838 0.2079944275550439
-5 -4 28 29 52.50176860031976 0.1926573175380235
-5 -4 29 30 49.46829742316133 0.1786633009022947
-5 -4 30 31 46.61930221802449 0.165864989915443
-5 -4 31 32 43.94492296512053 0.1541345747437231
-5 -4 32 33 41.43517942065593 0.1433620934288222
-5 -4 33 34 39.0802096917467 0.1334528820608345
-5 -4 34 35 36.87042957482785 0.1243249010431504
-5 -4 35 36 34.79663453333758 0.1159063874369646
-5 -4 36 37 32.85006058576323 0.1081339999983752
-5 -4 37 38 31.02241616791847 0.1009514333064773
-5 -4 38 39 29.30589380882879 0.09430839712003281
-5 -4 39 40 27.69316800553496 0.08815984646568126
-5 -4 40 41 26.17738390583197 0.08246537187518387
-5 -4 41 42 24.75214001061191 0.07718868954858532
-5 -4 42 43 23.41146719936619 0.07229719470891634
-5 -4 43 44 22.14980571257164 0.06776156378436422
-5 -4 44 45 20.96198118644931 0.06355539339970373
-5 -4 45 46 19.84268713702106 0.06010480561688813
-5 -4 46 47 18.78809260032446 0.05902019293225431
-5 -4 47 48 17.79358400979432 0.0607366222935679
-5 -4 48 49 16.85533735051812 0.06465718141837296
-5 -4 49 50 15.96939865825435 0.06891962070613974
-4 -3.75 0 1 -423.3183926528283 2.032035543901867
-4 -3.75 1 2 -4335.636407062115 29.68683327281121
-4 -3.75 2 3 -3024.808401825484 14.2293955654854
-4 -3.75 3 4 -1827.360488460508 8.511869798910961
-4 -3.75 4 5 -1104.524929073891 5.662751649625726
-4 -3.75 5 6 -672.0551395375305 4.011885855891842
-4 -3.75 6 7 -406.3010227978075 2.962105071798269
-4 -3.75 7 8 -238.6014428791709 2.250955265407018
-4 -3.75 8 9 -130.3480063285874 1.746465698179927
-4 -3.75 9 10 -59.24021452950478 1.376589211992708
-4 -3.75 10 11 -12.0793773492735 1.096653521714042
-4 -3.75 11 12 19.24884631757584 0.8829456852672187
-4 -3.75 12 13 40.48614632642159 0.7162504650229198
-4 -3.75 13 14 54.67406895443025 0.5789470160099064
-4 -3.75 14 15 63.17490925100003 0.4748737754102865
-4 -3.75 15 16 68.54832209130427 0.3894725238372378
-4 -3.75 16 17 71.47840817966608 0.3208658947961791
-4 -3.75 17 18 72.68398610604567 0.2660425845877342
-4 -3.75 18 19 72.67299745696192 0.2291153471882821
-4 -3.75 19 20 71.80813599143346 0.2124371589460888
-4 -3.75 20 21 70.3505923723514 0.1973328281670239
-4 -3.75 21 22 68.48971167987492 0.1836094744369586
-4 -3.75 22 23 66.36341083158908 0.1711033421542813
-4 -3.75 23 24 64.07243023571141 0.1596746442076615
-4 -3.75 24 25 61.69040617733904 0.1492034369292887
-4 -3.75 25 26 59.27106962379784 0.1395862998787048
-4 -3.75 26 27 56.85344333061124 0.1307336478619646
-4 -3.75 27 28 54.4656278804932 0.1329226121328052
-4 -3.75 28 29 52.12758219580863 0.1356455083031279
-4 -3.75 29 30 49.85318032353351 0.1383980891255514
-4 -3.75 30 31 47.65174261709186 0.14100058309724
-4 -3.75 31 32 45.52918200927539 0.1433506009500507
-4 -3.75 32 33 43.48886627024822 0.1453957907443356
-4 -3.75 33 34 41.53226925174405 0.1471154558077236
-4 -3.75 34 35 39.65946437665302 0.1485084812960875
-4 -3.75 35 36 37.86949951139944 0.1495855016275571
-4 -3.75 36 37 36.1606821941762 0.1503638584041245
-4 -3.75 37 38 34.53079681714219 0.1508643778569623
-4 -3.75 38 39 32.97726993853607 0.1511093296395906
-4 -3.75 39 40 31.49729590967813 0.1511211537347701
-4 -3.75 40 41 30.08793209456242 0.1509216854726469
-4 -3.75 41 42 28.74617066786325 0.1505317047109996
-4 -3.75 42 43 27.46899239302761 0.1499706936012334
-4 -3.75 43 44 26.25340651383263 0.1492567296373571
-4 -3.75 44 45 25.09647991122521 0.1484064630843676
-4 -3.75 45 46 23.99485840482593 0.1475058180806514
-4 -3.75 46 47 22.94665838812814 0.1468134577642822
-4 -3.75 47 48 21.94872717911477 0.1463432598834731
-4 -3.75 48 49 20.99852703020068 0.1460674357224257
-4 -3.75 49 50 20.0934533724302 0.1457750625825303
-3.75 -3.5 0 1 74.38908900435791 1.783421806632979
-3.75 -3.5 1 2 -5076.291141789499 25.65436525069278
-3.75 -3.5 2 3 -3993.374129103418 17.42829893394223
-3.75 -3.5 3 4 -2543.740012704977 12.47678830738645
-3.75 -3.5 4 5 -1608.293146413527 9.435856340333387
-3.75 -3.5 5 6 -1025.546623705042 7.422809699679595
-3.75 -3.5 6 7 -656.1754945279358 6.009501490700464
-3.75 -3.5 7 8 -416.543871417628 4.972137931427849
-3.75 -3.5 8 9 -257.6484905511977 4.184145393005856
-3.75 -3.5 9 10 -150.3080628892828 3.569307632641634
-3.75 -3.5 10 11 -76.6984207823657 3.078195735196853
-3.75 -3.5 11 12 -25.56341856127597 2.680772920922041
-3.75 -3.5 12 13 9.946902550265577 2.351115832664274
-3.75 -3.5 13 14 34.52489959481284 2.076842127528736
-3.75 -3.5 14 15 51.60270463080735 1.844890023584963
-3.75 -3.5 15 16 63.23330468964105 1.647051941853371
-3.75 -3.5 16 17 70.93229482596166 1.476878826358069
-3.75 -3.5 17 18 75.77351971789619 1.329405294764661
-3.75 -3.5 18 19 78.52788767355491 1.20075192630379
-3.75 -3.5 19 20 79.75515563310182 1.087847991711922
-3.75 -3.5 20 21 79.8657454400514 0.9882343235482913
-3.75 -3.5 21 22 79.16307913769333 0.8999206825935649
-3.75 -3.5 22 23 77.87301653438351 0.8212809116476848
-3.75 -3.5 23 24 76.16460853950753 0.7509747562005893
-3.75 -3.5 24 25 74.16491238276075 0.6878888065653348
-3.75 -3.5 25 26 71.96968857295315 0.631091351967067
-3.75 -3.5 26 27 69.65120450290965 0.5797974914287908
-3.75 -3.5 27 28 67.2639809264175 0.5333418999574547
-3.75 -3.5 28 29 64.8490598450777 0.4911573724976175
-3.75 -3.5 29 30 62.43719884707619 0.4527577746520631
-3.75 -3.5 30 31 60.05127880507342 0.4177243866406752
-3.75 -3.5 31 32 57.70813020641165 0.385694883844749
-3.75 -3.5 32 33 55.41992643345111 0.3563543834603579
-3.75 -3.5 33 34 53.19525213664383 0.3294281222080367
-3.75 -3.5 34 35 51.03992620553097 0.3046754318180301
-3.75 -3.5 35 36 48.957638236338 0.2818847541552296
-3.75 -3.5 36 37 46.9504424511627 0.2608694939092273
-3.75 -3.5 37 38 45.01914211202785 0.2414645515570775
-3.75 -3.5 38 39 43.1635893961957 0.2235234102266669
-3.75 -3.5 39 40 41.38291971146703 0.2069156780376496
-3.75 -3.5 40 41 39.67573502866267 0.1915250052306218
-3.75 -3.5 41 42 38.04024733272013 0.177247312424952
-3.75 -3.5 42 43 36.47439085557491 0.1639892777360605
-3.75 -3.5 43 44 34.97590978569252 0.151667040597149
-3.75 -3.5 44 45 33.54242663758805 0.1402050880390386
-3.75 -3.5 45 46 32.17082127006424 0.1296519239539709
-3.75 -3.5 46 47 30.8598444163608 0.1204075307658545
-3.75 -3.5 47 48 29.60635418282895 0.1125437815486718
-3.75 -3.5 48 49 28.40792003147315 0.1060601188172131
-3.75 -3.5 49 50 27.26196452629121 0.1005296831214775
-3.5 -3.25 0 1 737.3577812798816 0.4620495464122371
-3.5 -3.25 1 2 -5287.977923735592 19.15916105668441
-3.5 -3.25 2 3 -4674.654924718301 15.66554164995321
-3.5 -3.25 3 4 -3106.024781485072 11.94610637397527
-3.5 -3.25 4 5 -2030.329484363023 9.367707347033912
-3.5 -3.25 5 6 -1337.759669970077 7.557832855081867
-3.5 -3.25 6 7 -887.9820153954615 6.239905450770732
-3.5 -3.25 7 8 -589.9821152480108 5.247168598048187
-3.5 -3.25 8 9 -388.3797906620605 4.478015852481207
-3.5 -3.25 9 10 -249.3954765385697 3.867993020821801
-3.5 -3.25 10 11 -152.047298298854 3.374711617462716
-3.5 -3.25 11 12 -83.07956127713169 2.96935675828769
-3.5 -3.25 12 13 -33.78937791249405 2.631555082953349
-3.5 -3.25 13 14 1.625780812888252 2.346718971896072
-3.5 -3.25 14 15 27.0841603999927 2.104055315934296
-3.5 -3.25 15 16 45.31356745643757 1.895451223625247
-3.5 -3.25 16 17 58.2385857244343 1.714697683982352
-3.5 -3.25 17 18 67.23774401206845 1.556969165893324
-3.5 -3.25 18 19 73.31168875882088 1.418463680891402
-3.5 -3.25 19 20 77.19533005201458 1.296148748684209
-3.5 -3.25 20 21 79.43398176441758 1.187578822111843
-3.5 -3.25 21 22 80.43591205284213 1.090761903544595
-3.5 -3.25 22 23 80.50916035807904 1.004060643081982
-3.5 -3.25 23 24 79.88768618068207 0.9261180079378177
-3.5 -3.25 24 25 78.75017370419357 0.8558007256780261
-3.5 -3.25 25 26 77.23370948565201 0.7921557625858826
-3.5 -3.25 26 27 75.44383489094582 0.7343764825976999
-3.5 -3.25 27 28 73.46200460072026 0.6817760801121804
-3.5 -3.25 28 29 71.35116886408923 0.6337665372874972
-3.5 -3.25 29 30 69.15998483385459 0.5898418187963504
-3.5 -3.25 30 31 66.9260169337449 0.5495643478471938
-3.5 -3.25 31 32 64.67818523711776 0.512554044124356
-3.5 -3.25 32 33 62.43865001670525 0.4784793791777104
-3.5 -3.25 33 34 60.22427042227019 0.4470500315633956
-3.5 -3.25 34 35 58.0477392766943 0.418010820448905
-3.5 -3.25 35 36 55.91846997863396 0.3911366671324734
-3.5 -3.25 36 37 53.84329254020994 0.3662283882478818
-3.5 -3.25 37 38 51.8270018848217 0.3431091664023294
-3.5 -3.25 38 39 49.87279117937277 0.3216215748870487
-3.5 -3.25 39 40 47.98259527177186 0.3016250588176449
-3.5 -3.25 40 41 46.15736360466386 0.2829937934454628
-3.5 -3.25 41 42 44.39727745344672 0.2656148559677573
-3.5 -3.25 42 43 42.70192316434355 0.2493866592857034
-3.5 -3.25 43 44 41.0704304525706 0.2342176048781465
-3.5 -3.25 44 45 39.50158285408074 0.2200249206021122
-3.5 -3.25 45 46 37.99309932826544 0.2068262790566532
-3.5 -3.25 46 47 36.54480871467607 0.1949116010982659
-3.5 -3.25 47 48 35.15410932927213 0.1843016008870171
-3.5 -3.25 48 49 33.8191300738924 0.174963972410269
-3.5 -3.25 49 50 32.53775160376104 0.1665388018637191
-3.25 -3 0 1 1449.629144710407 1.363652475808654
-3.25 -3 1 2 -5116.679923733427 8.641173510607089
-3.25 -3 2 3 -5088.517858487328 9.733094696058224
-3.25 -3 3 4 -3503.218384946948 8.045873382886407
-3.25 -3 4 5 -2351.025116874739 6.582785192768195
-3.25 -3 5 6 -1587.751789436653 5.463706609243787
-3.25 -3 6 7 -1081.980545509314 4.60838177254811
-3.25 -3 7 8 -741.171938559738 3.942837251534872
-3.25 -3 8 9 -506.9760610227379 3.414670934425737
-3.25 -3 9 10 -343.072806884282 2.987863088532408
-3.25 -3 10 11 -226.5298049772705 2.637121996050779
-3.25 -3 11 12 -142.5217574618969 2.345247380009781
-3.25 -3 12 13 -81.39163671848496 2.099144818837139
-3.25 -3 13 14 -36.57893060152196 1.889489493010341
-3.25 -3 14 15 -3.59118344080116 1.709216096458487
-3.25 -3 15 16 20.7150140399533 1.552928962129477
-3.25 -3 16 17 38.57628043528462 1.416444262097138
-3.25 -3 17 18 51.60802369959481 1.296473011565553
-3.25 -3 18 19 60.99262288484624 1.190397461037918
-3.25 -3 19 20 67.60580078403791 1.09611062518846
-3.25 -3 20 21 72.10298863671392 1.011899280057942
-3.25 -3 21 22 74.97930669769403 0.9363574011623936
-3.25 -3 22 23 76.6118398741645 0.868321258636604
-3.25 -3 23 24 77.28983923684416 0.8068201478160486
-3.25 -3 24 25 77.2365659472722 0.7510385612269208
-3.25 -3 25 26 76.62526996632158 0.7002868390906196
-3.25 -3 26 27 75.59100020512562 0.6539781755576843
-3.25 -3 27 28 74.23941703344042 0.6116104418113331
-3.25 -3 28 29 72.6534258008092 0.5727516957027767
-3.25 -3 29 30 70.89821042744489 0.5370285400069997
-3.25 -3 30 31 69.02508138107601 0.5041167009383857
-3.25 -3 31 32 67.07443743339684 0.4737333511835775
-3.25 -3 32 33 65.07805967144043 0.4456308143977801
-3.25 -3 33 34 63.06089863415542 0.419591371627886
-3.25 -3 34 35 61.04247401487527 0.395422952195951
-3.25 -3 35 36 59.03797630881127 0.3729555398732797
-3.25 -3 36 37 57.05913776478332 0.3520381597566612
-3.25 -3 37 38 55.11492380770795 0.3325363410825283
-3.25 -3 38 39 53.21208398513656 0.3143299697938598
-3.25 -3 39 40 51.35559244657514 0.2973114645311759
-3.25 -3 40 41 49.54900124355726 0.2813842203499559
-3.25 -3 41 42 47.79472438595997 0.2664612755899572
-3.25 -3 42 43 46.09426683118477 0.2524641666308859
-3.25 -3 43 44 44.44840943940676 0.2393219392323079
-3.25 -3 44 45 42.85735860194904 0.2269702936990018
-3.25 -3 45 46 41.3199690524186 0.2154537772966804
-3.25 -3 46 47 39.83731546274004 0.2051115857693537
-3.25 -3 47 48 38.40761824330531 0.1959743094126573
-3.25 -3 48 49 37.02979694343726 0.1880105737171208
-3.25 -3 49 50 35.70241727949674 0.1808300553967252
-3 -2.75 0 1 2127.727809147194 2.239980105454419
-3 -2.75 1 2 -4754.583829656493 3.55049814768718
-3 -2.75 2 3 -5316.576714911799 5.631266771035566
-3 -2.75 3 4 -3768.518709144535 4.931972057634462
-3 -2.75 4 5 -2580.899250803838 4.148839246062836
-3 -2.75 5 6 -1775.270791623887 3.505224802587067
-3 -2.75 6 7 -1232.823654861706 2.995072018391003
-3 -2.75 7 8 -862.4835567233986 2.588779408764591
-3 -2.75 8 9 -604.9843868848807 2.261027057407737
-3 -2.75 9 10 -422.7142041267537 1.992457948367664
-3 -2.75 10 11 -291.5832541397581 1.76982257260269
-3 -2.75 11 12 -195.9934991343193 1.582704803276569
-3 -2.75 12 13 -125.5412488030286 1.423785311414276
-3 -2.75 13 14 -73.17956116153891 1.287504949806463
-3 -2.75 14 15 -34.03369887417398 1.169632665285864
-3 -2.75 15 16 -4.669708056208492 1.066900907722024
-3 -2.75 16 17 17.37158807002561 0.9767517877962361
-3 -2.75 17 18 33.87755433128086 0.8971578525770502
-3 -2.75 18 19 46.16459612894425 0.8264936642726705
-3 -2.75 19 20 55.21379184427963 0.7634424334921931
-3 -2.75 20 21 61.76406622485558 0.7069271886157555
-3 -2.75 21 22 66.37721654530606 0.6560593648695887
-3 -2.75 22 23 69.48395926380533 0.6100999321564284
-3 -2.75 23 24 71.41697455535711 0.5684296673278936
-3 -2.75 24 25 72.43491215596816 0.5305261767421409
-3 -2.75 25 26 72.74002780681747 0.4959459615061467
-3 -2.75 26 27 72.49127473459066 0.4643102887329017
-3 -2.75 27 28 71.81411410125901 0.4352939658581547
-3 -2.75 28 29 70.80793137044236 0.408616349956049
-3 -2.75 29 30 69.55168819544434 0.3840340931217952
-3 -2.75 30 31 68.10826187960726 0.3613352473617071
-3 -2.75 31 32 66.5278001817212 0.3403344427828445
-3 -2.75 32 33 64.85033146015741 0.3208689195973057
-3 -2.75 33 34 63.10780744932083 0.3027952432486941
-3 -2.75 34 35 61.32571074479819 0.2859865703353216
-3 -2.75 35 36 59.52432614953119 0.2703303615728811
-3 -2.75 36 37 57.71975085610438 0.2557264584990408
-3 -2.75 37 38 55.92470059693909 0.2420854598423098
-3 -2.75 38 39 54.1491555203429 0.2293273432986782
-3 -2.75 39 40 52.40087951910613 0.2173802924830336
-3 -2.75 40 41 50.68583927911351 0.2061796930551094
-3 -2.75 41 42 49.00854334013439 0.1956672710919495
-3 -2.75 42 43 47.37231727213583 0.1857903512485073
-3 -2.75 43 44 45.77952752770847 0.1765012151327605
-3 -2.75 44 45 44.23176393744396 0.1677565449328975
-3 -2.75 45 46 42.72902781555129 0.1596710302264427
-3 -2.75 46 47 41.27357832871141 0.1527945839194675
-3 -2.75 47 48 39.86449982219054 0.1472058401902044
-3 -2.75 48 49 38.50152518659354 0.1428789834813071
-3 -2.75 49 50 37.18393720740761 0.1392502158615862
-2.75 -2.5 0 1 2744.763662753512 2.613865088608188
-2.75 -2.5 1 2 -4322.425472386603 1.094995430682489
-2.75 -2.5 2 3 -5432.245201027798 2.396752377050586
-2.75 -2.5 3 4 -3944.185434192628 2.440065103481722
-2.75 -2.5 4 5 -2744.107035115998 2.194837225275049
-2.75 -2.5 5 6 -1913.7839565208 1.934004529022923
-2.75 -2.5 6 7 -1347.539843082274 1.703753934835759
-2.75 -2.5 7 8 -956.9959007902339 1.50809146367887
-2.75 -2.5 8 9 -682.9839803562854 1.34335511756915
-2.75 -2.5 9 10 -487.3626887348732 1.203917717065603
-2.75 -2.5 10 11 -345.4220483787699 1.084797722363699
-2.75 -2.5 11 12 -241.0638311609207 0.9826019829977786
-2.75 -2.5 12 13 -163.4540157181209 0.8941536116134331
-2.75 -2.5 13 14 -105.2132978085601 0.8170519879305357
-2.75 -2.5 14 15 -61.20831907944603 0.7493934929685132
-2.75 -2.5 15 16 -27.8039701319201 0.6896586074017546
-2.75 -2.5 16 17 -2.384018951855751 0.6366246807941989
-2.75 -2.5 17 18 16.96223557336907 0.5892996520407231
-2.75 -2.5 18 19 31.64870240008804 0.5468718511493426
-2.75 -2.5 19 20 42.73407675914177 0.5086718670507099
-2.75 -2.5 20 21 51.01949554695693 0.4741434069862613
-2.75 -2.5 21 22 57.11695373772363 0.4428208633884546
-2.75 -2.5 22 23 61.49792951393488 0.4143119068719692
-2.75 -2.5 23 24 64.52840251594773 0.3882838696664168
-2.75 -2.5 24 25 66.49438090305512 0.3644530104089596
-2.75 -2.5 25 26 67.62071844172806 0.3425759832051951
-2.75 -2.5 26 27 68.0851286227678 0.3224430096493166
-2.75 -2.5 27 28 68.02872094653742 0.303872373574945
-2.75 -2.5 28 29 67.56399197572097 0.286705953349246
-2.75 -2.5 29 30 66.78093502780661 0.2708055717025164
-2.75 -2.5 30 31 65.75174645995742 0.256049996705624
-2.75 -2.5 31 32 64.5344760352192 0.2423324616738589
-2.75 -2.5 32 33 63.17587645337346 0.229558604952225
-2.75 -2.5 33 34 61.71364099342014 0.2176447478914983
-2.75 -2.5 34 35 60.17817036818235 0.2065164493898929
-2.75 -2.5 35 36 58.59397500140278 0.1961072867960282
-2.75 -2.5 36 37 56.9807932333253 0.1863578227113914
-2.75 -2.5 37 38 55.35448696021575 0.1772147261836449
-2.75 -2.5 38 39 53.72776193117255 0.1686300218416488
-2.75 -2.5 39 40 52.11074919717845 0.1605604463667051
-2.75 -2.5 40 41 50.51147619642748 0.1529668940258012
-2.75 -2.5 41 42 48.93624954846129 0.1458139387499013
-2.75 -2.5 42 43 47.38996711160033 0.1390694190523049
-2.75 -2.5 43 44 45.87637302877582 0.1327040782371631
-2.75 -2.5 44 45 44.39826668633069 0.1266912496840088
-2.75 -2.5 45 46 42.95666836880483 0.1212279385257824
-2.75 -2.5 46 47 41.55486395458132 0.1171259819120871
-2.75 -2.5 47 48 40.19271945416995 0.1144990645464861
-2.75 -2.5 48 49 38.87069835980961 0.1132913970404631
-2.75 -2.5 49 50 37.58873175936935 0.1126968691532429
-2.5 -2.25 0 1 3299.893350522091 1.852102227289222
-2.5 -2.25 1 2 -3889.650421760462 0.9555750073644304
-2.5 -2.25 2 3 -5490.956673945673 1.686640795089964
-2.5 -2.25 3 4 -4065.616197096234 1.554231750154415
-2.5 -2.25 4 5 -2862.951690752893 1.370058454690761
-2.5 -2.25 5 6 -2017.459129078409 1.232624388749359
-2.5 -2.25 6 7 -1435.162275050065 1.110555836344558
-2.5 -2.25 7 8 -1030.423049549547 1.000437191694297
-2.5 -2.25 8 9 -744.5038665585935 0.904188632035878
-2.5 -2.25 9 10 -539.0658499206811 0.8202334391100082
-2.5 -2.25 10 11 -389.0506920865269 0.7464327720487204
-2.5 -2.25 11 12 -278.0539440488935 0.6819655026185129
-2.5 -2.25 12 13 -194.9613125597969 0.6252226911540653
-2.5 -2.25 13 14 -132.1698304045171 0.5750425446582689
-2.5 -2.25 14 15 -84.36768815275468 0.5304562675588343
-2.5 -2.25 15 16 -47.77821872087679 0.4906596685272324
-2.5 -2.25 16 17 -19.67286450456027 0.4549848254738492
-2.5 -2.25 17 18 1.948502598990217 0.4228752763594683
-2.5 -2.25 18 19 18.57133168674522 0.3938653919155917
-2.5 -2.25 19 20 31.31186406711743 0.367563610185819
-2.5 -2.25 20 21 41.0177917367871 0.3436389404271763
-2.5 -2.25 21 22 48.33898872906548 0.3218101300078557
-2.5 -2.25 22 23 53.77792519194452 0.3018369643004352
-2.5 -2.25 23 24 57.72607400530808 0.283513260169644
-2.5 -2.25 24 25 60.49052096524531 0.2666612016518989
-2.5 -2.25 25 26 62.31363163558183 0.2511267400468347
-2.5 -2.25 26 27 63.38773602230071 0.2367758401867935
-2.5 -2.25 27 28 63.86619706047588 0.2234914014977295
-2.5 -2.25 28 29 63.8718264487685 0.211170720148752
-2.5 -2.25 29 30 63.50333523610362 0.1997233868618682
-2.5 -2.25 30 31 62.84031511699834 0.1890695362385126
-2.5 -2.25 31 32 61.94711177024288 0.1791383833565419
-2.5 -2.25 32 33 60.87585603794361 0.1698669931341226
-2.5 -2.25 33 34 59.66885022667901 0.1611992427316137
-2.5 -2.25 34 35 58.3604571513456 0.1530849413965688
-2.5 -2.25 35 36 56.97860326439599 0.1454790819946691
-2.5 -2.25 36 37 55.54598043092102 0.1383412015478537
-2.5 -2.25 37 38 54.08101107889206 0.1316348327661558
-2.5 -2.25 38 39 52.59862652513777 0.1253270323777343
-2.5 -2.25 39 40 51.11089703092773 0.1193879741368192
-2.5 -2.25 40 41 49.62754374674279 0.1137905953366588
-2.5 -2.25 41 42 48.15635594927912 0.1085102909946328
-2.5 -2.25 42 43 46.70353223766148 0.1035246466372392
-2.5 -2.25 43 44 45.2739602899571 0.09881320468509754
-2.5 -2.25 44 45 43.87144684645827 0.09435725969399236
-2.5 -2.25 45 46 42.49786523475316 0.09045964723113056
-2.5 -2.25 46 47 41.15735737343385 0.08830242440090708
-2.5 -2.25 47 48 39.85044912112133 0.0880216252191129
-2.5 -2.25 48 49 38.57822125719525 0.08946801142287156
-2.5 -2.25 49 50 37.34115393644566 0.09300090348512764
-2.25 -2 0 1 3801.175587717616 1.055902448227721
-2.25 -2 1 2 -3490.904166954919 0.8721784322810729
-2.25 -2 2 3 -5543.088176273235 1.657637956184805
-2.25 -2 3 4 -4175.0251621175 1.532304232990632
-2.25 -2 4 5 -2968.135450141613 1.350576657834728
-2.25 -2 5 6 -2107.167154383445 1.190081761580499
-2.25 -2 6 7 -1509.279520487683 1.055673217093633
-2.25 -2 7 8 -1091.203170251 0.9427354541530076
-2.25 -2 8 9 -794.3951660443195 0.8482707946770212
-2.25 -2 9 10 -580.1800123855583 0.7661397303882201
-2.25 -2 10 11 -423.0870824839189 0.6963250804144385
-2.25 -2 11 12 -306.3712903539706 0.6353884473682199
-2.25 -2 12 13 -218.6286349823552 0.5820286020572464
-2.25 -2 13 14 -152.032960096976 0.5349922603540299
-2.25 -2 14 15 -101.099505843415 0.4932820951937553
-2.25 -2 15 16 -61.91754600052468 0.4560955287182591
-2.25 -2 16 17 -31.65413723387223 0.4227800457497145
-2.25 -2 17 18 -8.227349157265053 0.3928001426202289
-2.25 -2 18 19 9.912828679136283 0.3657125566171831
-2.25 -2 19 20 23.93396048031946 0.3411474733523072
-2.25 -2 20 21 34.72482493705672 0.3187941024315608
-2.25 -2 21 22 42.96840928554775 0.2983894962497353
-2.25 -2 22 23 49.19403984563519 0.2797097913847486
-2.25 -2 23 24 53.81510021464874 0.2625632917970647
-2.25 -2 24 25 57.15665123088047 0.2467849576249311
-2.25 -2 25 26 59.47588106812009 0.2322319822377579
-2.25 -2 26 27 60.97740185276064 0.2187802135381053
-2.25 -2 27 28 61.82479957423777 0.2063212413277991
-2.25 -2 28 29 62.1494311527191 0.1947600094694833
-2.25 -2 29 30 62.05717879221538 0.1840128471924376
-2.25 -2 30 31 61.63367472890161 0.174005835849445
-2.25 -2 31 32 60.9483707553988 0.1646734474344056
-2.25 -2 32 33 60.05772831137881 0.1559574032496389
-2.25 -2 33 34 59.00773412621015 0.1478057121104675
-2.25 -2 34 35 57.83589502218626 0.1401718569169106
-2.25 -2 35 36 56.57282788968905 0.1330141036989454
-2.25 -2 36 37 55.24353307094464 0.1262949105463349
-2.25 -2 37 38 53.86841878423712 0.1199804231178094
-2.25 -2 38 39 52.46412869093371 0.1140400389209749
-2.25 -2 39 40 51.04421300413856 0.1084460332465931
-2.25 -2 40 41 49.61967477273015 0.1031732327461333
-2.25 -2 41 42 48.19941593210558 0.09819873472827595
-2.25 -2 42 43 46.79060275461401 0.0935016603290998
-2.25 -2 43 44 45.3989660786801 0.08906293984572682
-2.25 -2 44 45 44.02904862343078 0.08486512456574304
-2.25 -2 45 46 42.68333105850456 0.08154923253283164
-2.25 -2 46 47 41.36658815566952 0.08150900809100274
-2.25 -2 47 48 40.07980354084833 0.08480687933975931
-2.25 -2 48 49 38.82449169013941 0.09082130477949954
-2.25 -2 49 50 37.60151373981506 0.09718099662093524
-2 -1.75 0 1 4272.14398401963 1.07503723423615
-2 -1.75 1 2 -3095.103347114269 2.626849958849069
-2 -1.75 2 3 -5557.729604409098 2.819943635429195
-2 -1.75 3 4 -4253.262141073612 2.344237565672855
-2 -1.75 4 5 -3053.705434553525 1.942744851803145
-2 -1.75 5 6 -2186.535024266047 1.63681103139637
-2 -1.75 6 7 -1579.39445619405 1.402121441965156
-2 -1.75 7 8 -1152.066768318604 1.21813054993095
-2 -1.75 8 9 -846.9247079928346 1.070452331552087
-2 -1.75 9 10 -625.4923825316573 0.9502809723445248
-2 -1.75 10 11 -462.2248718261362 0.8498555803383958
-2 -1.75 11 12 -340.2796054500525 0.7653339762438514
-2 -1.75 12 13 -248.1067380624349 0.6931848844889754
-2 -1.75 13 14 -177.7522981677319 0.6309522188875077
-2 -1.75 14 15 -123.6207499705827 0.5767878329555476
-2 -1.75 15 16 -81.70826220216645 0.5292747203161046
-2 -1.75 16 17 -49.10474097880183 0.4873081872336776
-2 -1.75 17 18 -23.66470184970126 0.4500141949297392
-2 -1.75 18 19 -3.785855435113717 0.4166920551681428
-2 -1.75 19 20 11.74241256953883 0.3867734272212762
-2 -1.75 20 21 23.8444193244535 0.3597924518371983
-2 -1.75 21 22 33.23258549064315 0.3353636425769513
-2 -1.75 22 23 40.46070431522071 0.3131652764177421
-2 -1.75 23 24 45.96257659245589 0.2929267479875999
-2 -1.75 24 25 50.08036779289944 0.2744188242590819
-2 -1.75 25 26 53.08565142137161 0.2574460489324455
-2 -1.75 26 27 55.1951841473101 0.2418407639448057
-2 -1.75 27 28 56.58284284574142 0.2274583569741268
-2 -1.75 28 29 57.38873595845314 0.2141734530193918
-2 -1.75 29 30 57.72621395680812 0.2018768365565205
-2 -1.75 30 31 57.68730359141102 0.1904729456498939
-2 -1.75 31 32 57.3469494504061 0.1798778187275551
-2 -1.75 32 33 56.76634585410551 0.1700173995700227
-2 -1.75 33 34 55.99556982390595 0.1608261312377747
-2 -1.75 34 35 55.07567330748276 0.1522457819598385
-2 -1.75 35 36 54.04035434223277 0.1442244600843184
-2 -1.75 36 37 52.91729832197467 0.1367157829169415
-2 -1.75 37 38 51.72925937329103 0.12967817329953
-2 -1.75 38 39 50.49493585666482 0.1230742596792548
-2 -1.75 39 40 49.22968194018875 0.1168703649676259
-2 -1.75 40 41 47.94608815355087 0.1110360661919566
-2 -1.75 41 42 46.65445653653762 0.105543816662655
-2 -1.75 42 43 45.36319087456508 0.1003686186375874
-2 -1.75 43 44 44.07911809098641 0.09548773958382416
-2 -1.75 44 45 42.80775368184888 0.09088046543657469
-2 -1.75 45 46 41.55241996091627 0.08689189507492107
-2 -1.75 46 47 40.31870606640894 0.08488162246843257
-2 -1.75 47 48 39.1082600467526 0.08503295644476849
-2 -1.75 48 49 37.92321094715959 0.09072202003250987
-2 -1.75 49 50 36.76496741082491 0.09756284117463039
-1.75 -1.5 0 1 4696.963798916423 0.9426706695188494
-1.75 -1.5 1 2 -2723.381117685428 0.7607538037470857
-1.75 -1.5 2 3 -5554.418915106058 1.700072460218091
-1.75 -1.5 3 4 -4297.484083374302 1.644065529536509
-1.75 -1.5 4 5 -3099.33183286214 1.470468206627549
-1.75 -1.5 5 6 -2225.662003433032 1.295547764531219
-1.75 -1.5 6 7 -1611.524653652089 1.14180306217544
-1.75 -1.5 7 8 -1178.186626832268 1.011172804485658
-1.75 -1.5 8 9 -868.1589761163632 0.9006997128939332
-1.75 -1.5 9 10 -642.8110709719654 0.8078924093567176
-1.75 -1.5 10 11 -476.4124216999189 0.7280143616652381
-1.75 -1.5 11 12 -351.9501311476563 0.6596430976269019
-1.75 -1.5 12 13 -257.744564049714 0.6004455242630108
-1.75 -1.5 13 14 -185.7398044316224 0.5488103483772356
-1.75 -1.5 14 15 -130.261619603488 0.5034624631880138
-1.75 -1.5 15 16 -87.24524758664052 0.4633865805815152
-1.75 -1.5 16 17 -53.73313018352133 0.427767738520317
-1.75 -1.5 17 18 -27.54254180113071 0.3959460560110294
-1.75 -1.5 18 19 -7.041757813512277 0.367382548370751
-1.75 -1.5 19 20 9.003266435908699 0.3416332604179212
-1.75 -1.5 20 21 21.53562204876994 0.3183295817083538
-1.75 -1.5 21 22 31.28286431187394 0.2971631606065386
-1.75 -1.5 22 23 38.81105531199319 0.2778742411930364
-1.75 -1.5 23 24 44.56399216103227 0.2602425720279746
-1.75 -1.5 24 25 48.89202289501941 0.2440802602474215
-1.75 -1.5 25 26 52.07344736038021 0.2292261073095069
-1.75 -1.5 26 27 54.3305730078871 0.2155410836459297
-1.75 -1.5 27 28 55.84187374107773 0.2029046874091291
-1.75 -1.5 28 29 56.7512776645641 0.1912119920626413
-1.75 -1.5 29 30 57.17531861749308 0.1803712375348453
-1.75 -1.5 30 31 57.20868384387791 0.1703018518823156
-1.75 -1.5 31 32 56.92854718692502 0.1609328163959028
-1.75 -1.5 32 33 56.39797535032727 0.1522013078621006
-1.75 -1.5 33 34 55.66862147305193 0.144051563991643
-1.75 -1.5 34 35 54.78286693825117 0.1364339304597341
-1.75 -1.5 35 36 53.775533247157 0.1293040584204986
-1.75 -1.5 36 37 52.67525682859423 0.1226222228455404
-1.75 -1.5 37 38 51.50559813706553 0.1163527431043649
-1.75 -1.5 38 39 50.2859401371565 0.110463488506064
-1.75 -1.5 39 40 49.03221898142277 0.1049254533420408
-1.75 -1.5 40 41 47.75752049452063 0.0997123905831126
-1.75 -1.5 41 42 46.47256862938059 0.09480049739676874
-1.75 -1.5 42 43 45.18612685852753 0.09016813990160141
-1.75 -1.5 43 44 43.90532892798916 0.0857956165130741
-1.75 -1.5 44 45 42.63595217552503 0.08166494922977131
-1.75 -1.5 45 46 41.38151003805757 0.07846500762554401
-1.75 -1.5 46 47 40.14784537358548 0.0787699827236628
-1.75 -1.5 47 48 38.93673642004734 0.08265920881457478
-1.75 -1.5 48 49 37.75045113962037 0.08947858903713235
-1.75 -1.5 49 50 36.59052367199897 0.09667898462873127
-1.5 -1.25 0 1 5097.495971712608 3.274495077535557
-1.5 -1.25 1 2 -2354.066877827192 4.088542255172315
-1.5 -1.25 2 3 -5535.338998199417 1.681143553138724
-1.5 -1.25 3 4 -4335.86481212957 1.604377321021495
-1.5 -1.25 4 5 -3147.584553576093 1.428922678325891
-1.5 -1.25 5 6 -2272.2913679117 1.260914490109799
-1.5 -1.25 6 7 -1653.590525654211 1.11575406718415
-1.5 -1.25 7 8 -1215.229841225841 0.9927429020948051
-1.5 -1.25 8 9 -900.4997802971466 0.8894006361136341
-1.5 -1.25 9 10 -670.9845113662404 0.8001477641616124
-1.5 -1.25 10 11 -500.9723411231903 0.7246325439862158
-1.5 -1.25 11 12 -373.412105807814 0.6590977480551454
-1.5 -1.25 12 13 -276.5576445650895 0.6020398116251798
-1.5 -1.25 13 14 -202.2880026245609 0.5520128255252491
-1.5 -1.25 14 15 -144.8699920247041 0.5078678304911929
-1.5 -1.25 15 16 -100.187854580669 0.4686847664340109
-1.5 -1.25 16 17 -65.24089066402257 0.4337204818482226
-1.5 -1.25 17 18 -37.81026281328832 0.4023694340374768
-1.5 -1.25 18 19 -16.23415409519544 0.3741339846102897
-1.5 -1.25 19 20 0.7465288049741048 0.3486018425270281
-1.5 -1.25 20 21 14.09574501949783 0.3254288083884534
-1.5 -1.25 21 22 24.55846932736813 0.3043254727097449
-1.5 -1.25 22 23 32.71534279887464 0.2850468668168601
-1.5 -1.25 23 24 39.02240057828033 0.2673843485096588
-1.5 -1.25 24 25 43.84029615684642 0.2511591840400282
-1.5 -1.25 25 26 47.45603551742158 0.238559552150879
-1.5 -1.25 26 27 50.09930496755987 0.2269227205915061
-1.5 -1.25 27 28 51.95485239042648 0.2160534346939266
-1.5 -1.25 28 29 53.17195722823328 0.2058865007640017
-1.5 -1.25 29 30 53.87173173728104 0.1963634203962712
-1.5 -1.25 30 31 54.15279203467946 0.187431614605007
-1.5 -1.25 31 32 54.09569326785356 0.1790437413439882
-1.5 -1.25 32 33 53.76642043005819 0.1711570962790866
-1.5 -1.25 33 34 53.21915226012169 0.1637330874008664
-1.5 -1.25 34 35 52.4984617228709 0.1567367749284991
-1.5 -1.25 35 36 51.64107698411664 0.1501364677044751
-1.5 -1.25 36 37 50.67729742846984 0.1439033689777798
-1.5 -1.25 37 38 49.63213744821644 0.1380112661179195
-1.5 -1.25 38 39 48.52625420884175 0.1324362567740584
-1.5 -1.25 39 40 47.37670311498209 0.1271565085359775
-1.5 -1.25 40 41 46.19755533247343 0.1221520466276731
-1.5 -1.25 41 42 45.00040414634896 0.1174045662289409
-1.5 -1.25 42 43 43.79478162592682 0.1128972669804446
-1.5 -1.25 43 44 42.58850244314789 0.1086147057108052
-1.5 -1.25 44 45 41.38794838763084 0.1045426656756843
-1.5 -1.25 45 46 40.19714923799771 0.1010040523653293
-1.5 -1.25 46 47 39.02246274897817 0.0992408150342292
-1.5 -1.25 47 48 37.86607380480925 0.09941546293004259
-1.5 -1.25 48 49 36.73063283546557 0.1014191458097639
-1.5 -1.25 49 50 35.61800834409641 0.1040351109856056
-1.25 -1 0 1 5424.644899138877 1.54124019051422
-1.25 -1 1 2 -2074.644830818724 0.6579803170191173
-1.25 -1 2 3 -5538.318632120852 1.874308034486737
-1.25 -1 3 4 -4377.597663439796 1.811701680068877
-1.25 -1 4 5 -3191.408154989883 1.60954345735611
-1.25 -1 5 6 -2310.984743898418 1.41539339375666
-1.25 -1 6 7 -1686.241199592236 1.249171688311892
-1.25 -1 7 8 -1242.41447543944 1.109629352116729
-1.25 -1 8 9 -923.0726872767773 0.9930267232496796
-1.25 -1 9 10 -689.7534819439138 0.893251035467451
-1.25 -1 10 11 -516.6192184362199 0.808869136310189
-1.25 -1 11 12 -386.500015721173 0.7359185325843502
-1.25 -1 12 13 -287.5411937933259 0.6725276705176449
-1.25 -1 13 14 -211.5342146660773 0.6170256989676386
-1.25 -1 14 15 -152.675720159787 0.5680985055120916
-1.25 -1 15 16 -106.7941167667705 0.5247018398049424
-1.25 -1 16 17 -70.84428620284643 0.4859971354488111
-1.25 -1 17 18 -42.57194958063246 0.4513041452531104
-1.25 -1 18 19 -20.28688413718191 0.4200657734663877
-1.25 -1 19 20 -2.707112292839611 0.3918217262576482
-1.25 -1 20 21 11.14985954353733 0.3661885667176891
-1.25 -1 21 22 22.04409680691583 0.3428444580432287
-1.25 -1 22 23 30.56858973697376 0.321517374351343
-1.25 -1 23 24 37.18952797456154 0.3019759004836844
-1.25 -1 24 25 42.27595285997427 0.2840219865733959
-1.25 -1 25 26 46.12182854070181 0.2674851923230325
-1.25 -1 26 27 48.96263662467868 0.2522180768561378
-1.25 -1 27 28 50.98796991990673 0.2380924788674972
-1.25 -1 28 29 52.35117256901606 0.2249964920778758
-1.25 -1 29 30 53.17677827271496 0.2128319910043533
-1.25 -1 30 31 53.56629213927749 0.2015125930581998
-1.25 -1 31 32 53.60271591289484 0.1909619700910426
-1.25 -1 32 33 53.35411231000751 0.1811124422770728
-1.25 -1 33 34 52.87642918977275 0.1719037999131162
-1.25 -1 34 35 52.21574963705172 0.1632823119996315
-1.25 -1 35 36 51.41009390976689 0.155199887908962
-1.25 -1 36 37 50.49086942310788 0.1476133649500966
-1.25 -1 37 38 49.48404278510651 0.1404839010029438
-1.25 -1 38 39 48.41109113202214 0.1337764538725441
-1.25 -1 39 40 47.28977731521428 0.1274593341973829
-1.25 -1 40 41 46.13478397859524 0.1215038191186771
-1.25 -1 41 42 44.9582338425289 0.1158838183278147
-1.25 -1 42 43 43.77011812560482 0.110575583442474
-1.25 -1 43 44 42.57865030309614 0.1055574550790623
-1.25 -1 44 45 41.39055905392826 0.1008096419177793
-1.25 -1 45 46 40.21015415047833 0.09668998316020519
-1.25 -1 46 47 39.0441019714271 0.09460342673395844
-1.25 -1 47 48 37.8947951065831 0.09475212187913039
-1.25 -1 48 49 36.76508489271356 0.0975678634360639
-1.25 -1 49 50 35.65701951461008 0.1052719735954207
-1 -0.75 0 1 5701.919591363865 1.906520978472827
-1 -0.75 1 2 -1819.131925145133 1.748004271199505
-1 -0.75 2 3 -5515.863865811592 1.597980480459195
-1 -0.75 3 4 -4389.480181581514 1.534567143850621
-1 -0.75 4 5 -3208.391569750058 1.369418977854623
-1 -0.75 5 6 -2327.088563205781 1.213276870178995
-1 -0.75 6 7 -1700.271900417961 1.079525155262702
-1 -0.75 7 8 -1254.336232721102 0.9663828274267889
-1 -0.75 8 9 -933.128890077176 0.8710978613984612
-1 -0.75 9 10 -698.2293990277044 0.788309584696687
-1 -0.75 10 11 -523.7735695025326 0.7178599053275607
-1 -0.75 11 12 -392.5571939161664 0.6562896112942754
-1 -0.75 12 13 -292.687410462079 0.6023214015424888
-1 -0.75 13 14 -215.9231333670286 0.5546970783253219
-1 -0.75 14 15 -156.4337655435379 0.512415621861091
-1 -0.75 15 16 -110.0253297783831 0.4746721993187917
-1 -0.75 16 17 -73.63444229621427 0.4408131268715861
-1 -0.75 17 18 -44.99194406792253 0.4103024255955004
-1 -0.75 18 19 -22.39547803369237 0.3826967486327204
-1 -0.75 19 20 -4.553148483273844 0.3576263857621007
-1 -0.75 20 21 9.525668783486253 0.3347807135799405
-1 -0.75 21 22 20.60772571333314 0.3138969420534586
-1 -0.75 22 23 29.29152920007141 0.294751318232464
-1 -0.75 23 24 36.04783471567896 0.2771521924408817
-1 -0.75 24 25 41.24947393215564 0.2609345038115817
-1 -0.75 25 26 45.19356660263736 0.245955359562235
-1 -0.75 26 27 48.11822865378258 0.2320904632170642
-1 -0.75 27 28 50.21525768400875 0.2192312105972946
-1 -0.75 28 29 51.63984759628488 0.2072823099313733
-1 -0.75 29 30 52.51808752891111 0.1961598213772516
-1 -0.75 30 31 52.95279334651082 0.1857895319219612
-1 -0.75 31 32 53.02807359648534 0.1761055995819769
-1 -0.75 32 33 52.81292736582486 0.1670494182387411
-1 -0.75 33 34 52.36409612254181 0.1585686610294288
-1 -0.75 34 35 51.72833670287241 0.1506164700511466
-1 -0.75 35 36 50.94424227323816 0.1431507695325476
-1 -0.75 36 37 50.04370813305695 0.1361336773935342
-1 -0.75 37 38 49.05311694854049 0.1295310024108994
-1 -0.75 38 39 47.99430112074191 0.1233118107560114
-1 -0.75 39 40 46.88532721769661 0.1174480529077504
-1 -0.75 40 41 45.74113781514149 0.1119142386198292
-1 -0.75 41 42 44.57407831194058 0.1066871568173423
-1 -0.75 42 43 43.39433086015299 0.1017456286492062
-1 -0.75 43 44 42.21027277302989 0.09707029456746304
-1 -0.75 44 45 41.02877341083934 0.09264342467620874
-1 -0.75 45 46 39.85424402536268 0.08921293725249929
-1 -0.75 46 47 38.69349190360984 0.08957281851986694
-1 -0.75 47 48 37.54897924807307 0.09381701858056017
-1 -0.75 48 49 36.42363395976838 0.1012415083702403
-1 -0.75 49 50 35.31956664267778 0.1090836502537782
-0.75 -0.5 0 1 5916.747414364418 2.66181902947351
-0.75 -0.5 1 2 -1625.233850195332 2.045683067558813
-0.75 -0.5 2 3 -5502.543886875657 1.604465373862873
-0.75 -0.5 3 4 -4403.487160535584 1.547129143579931
-0.75 -0.5 4 5 -3226.776681229051 1.381767542120244
-0.75 -0.5 5 6 -2344.835349658778 1.223690669708976
-0.75 -0.5 6 7 -1716.227061719541 1.087699112313703
-0.75 -0.5 7 8 -1268.359936541407 0.9725587875948781
-0.75 -0.5 8 9 -945.3687011687289 0.8750052298035356
-0.75 -0.5 9 10 -708.8980752454599 0.7923351830485289
-0.75 -0.5 10 11 -533.087237294219 0.7202604898780914
-0.75 -0.5 11 12 -400.7112567843997 0.6579890666726946
-0.75 -0.5 12 13 -299.8511911207468 0.6034964625863243
-0.75 -0.5 13 14 -222.2408668805217 0.5554803630710951
-0.75 -0.5 14 15 -162.0273434142719 0.5154533854929698
-0.75 -0.5 15 16 -114.9974717379343 0.4799654689471022
-0.75 -0.5 16 17 -78.07170391349337 0.4478272360947868
-0.75 -0.5 17 18 -48.96736234107061 0.418635895167809
-0.75 -0.5 18 19 -25.97081930230092 0.3920441197594583
-0.75 -0.5 19 20 -7.780786261862659 0.3677525747699227
-0.75 -0.5 20 21 6.60119781892331 0.3455029755958971
-0.75 -0.5 21 22 17.94843667958253 0.3250719639999342
-0.75 -0.5 22 23 26.86492834615353 0.3062658436727753
-0.75 -0.5 23 24 33.82604309788223 0.2889161155872117
-0.75 -0.5 24 25 39.2085020212329 0.2728757196448713
-0.75 -0.5 25 26 43.31271238317856 0.2580158787816773
-0.75 -0.5 26 27 46.37957686039317 0.2442234524564078
-0.75 -0.5 27 28 48.60326201104294 0.231398714555595
-0.75 -0.5 28 29 50.14098114612148 0.2194534840913149
-0.75 -0.5 29 30 51.12054952352958 0.2083095496603171
-0.75 -0.5 30 31 51.64626235891137 0.1978973367474335
-0.75 -0.5 31 32 51.80349935592119 0.1881547781156897
-0.75 -0.5 32 33 51.66235463495707 0.1790263519017295
-0.75 -0.5 33 34 51.28051531658696 0.1704622613215383
-0.75 -0.5 34 35 50.70555686760736 0.1624177316637003
-0.75 -0.5 35 36 49.97678280400385 0.1548524071362159
-0.75 -0.5 36 37 49.12670624632659 0.1477298296821677
-0.75 -0.5 37 38 48.18224842453031 0.1410169905673129
-0.75 -0.5 38 39 47.16571225723158 0.1346839390984426
-0.75 -0.5 39 40 46.09557627302468 0.1287034451533255
-0.75 -0.5 40 41 44.98714450788549 0.1230507023787784
-0.75 -0.5 41 42 43.85308016974494 0.1177030705865426
-0.75 -0.5 42 43 42.70384541058138 0.1126398486839352
-0.75 -0.5 43 44 41.54806472470301 0.1078420763990431
-0.75 -0.5 44 45 40.39282610600856 0.1032923580791929
-0.75 -0.5 45 46 39.24272103119426 0.09937280314319311
-0.75 -0.5 46 47 38.10475247703107 0.09756648121513072
-0.75 -0.5 47 48 36.98152237349166 0.09807082751517116
-0.75 -0.5 48 49 35.87609526628464 0.1016112766814582
-0.75 -0.5 49 50 34.79070275706522 0.1096451983889794
-0.5 -0.25 0 1 6058.21230899593 2.578794704850325
-0.5 -0.25 1 2 -1503.544343267608 1.404872417424922
-0.5 -0.25 2 3 -5498.60774802179 1.581816228398461
-0.5 -0.25 3 4 -4415.973043706459 1.541820795396385
-0.5 -0.25 4 5 -3241.023281783529 1.401386583140451
-0.5 -0.25 5 6 -2357.877949742067 1.287832022356186
-0.5 -0.25 6 7 -1727.540766036118 1.169326930289039
-0.5 -0.25 7 8 -1278.013313847279 1.05978256338632
-0.5 -0.25 8 9 -953.5707464085599 0.9630029859929389
-0.5 -0.25 9 10 -715.8650148425254 0.8762723561629262
-0.5 -0.25 10 11 -539.0184334799073 0.8012140699233045
-0.5 -0.25 11 12 -405.7748501892652 0.7347423369455667
-0.5 -0.25 12 13 -304.1878743800908 0.6759701209945583
-0.5 -0.25 13 14 -225.9671794887997 0.6237865302466556
-0.5 -0.25 14 15 -165.2396325306429 0.5772509731711961
-0.5 -0.25 15 16 -117.7754739247437 0.5355744559027501
-0.5 -0.25 16 17 -80.4815750028431 0.4980965784883028
-0.5 -0.25 17 18 -51.06416709874838 0.4642637837884728
-0.5 -0.25 18 19 -27.8005513054934 0.4336105454204563
-0.5 -0.25 19 20 -9.381998989353178 0.4057437116966411
-0.5 -0.25 20 21 5.196074388212082 0.3803297013381839
-0.5 -0.25 21 22 16.71203130478557 0.357084109936102
-0.5 -0.25 22 23 25.77406474058409 0.3357632894583517
-0.5 -0.25 23 24 32.86103657416311 0.3161575218763236
-0.5 -0.25 24 25 38.35258450034291 0.298085468552313
-0.5 -0.25 25 26 42.55156046108516 0.2813896422632343
-0.5 -0.25 26 27 45.70092294516405 0.2659326963566212
-0.5 -0.25 27 28 47.99657270015052 0.25159437122407
-0.5 -0.25 28 29 49.59719025959191 0.2382689683351694
-0.5 -0.25 29 30 50.63183574435709 0.2258632526498908
-0.5 -0.25 30 31 51.20586342654838 0.2142947011799248
-0.5 -0.25 31 32 51.40555632151268 0.2034900346502401
-0.5 -0.25 32 33 51.30178093142581 0.1933839813507794
-0.5 -0.25 33 34 50.95288637901888 0.1839182307338523
-0.5 -0.25 34 35 50.40701682932433 0.1750405461883445
-0.5 -0.25 35 36 49.70396542178878 0.1667040072380027
-0.5 -0.25 36 37 48.87666771954474 0.1588663619253377
-0.5 -0.25 37 38 47.9524101814664 0.1514894702488728
-0.5 -0.25 38 39 46.95381211782137 0.144538824579489
-0.5 -0.25 39 40 45.89962666765791 0.1379831346324157
-0.5 -0.25 40 41 44.80539665688758 0.1317939680328759
-0.5 -0.25 41 42 43.68399330531986 0.1259454367211294
-0.5 -0.25 42 43 42.54606028071333 0.1204139241464595
-0.5 -0.25 43 44 41.40038073529399 0.1151778458920176
-0.5 -0.25 44 45 40.2541815656229 0.1102174395911099
-0.5 -0.25 45 46 39.11216673729558 0.1058944265710122
-0.5 -0.25 46 47 37.98146470656991 0.1036263251106939
-0.5 -0.25 47 48 36.86476206475072 0.1036181594632793
-0.5 -0.25 48 49 35.76520614609998 0.1057447077484471
-0.5 -0.25 49 50 34.68510270065644 0.1109646727588133
-0.25 0 0 1 6129.463965562794 2.702787884365641
-0.25 0 1 2 -1441.707078787957 1.904840951710882
-0.25 0 2 3 -5495.634090600455 1.604211690567706
-0.25 0 3 4 -4420.704159468577 1.553940240274011
-0.25 0 4 5 -3246.314859109555 1.390536311486166
-0.25 0 5 6 -2362.449880641562 1.232908089296718
-0.25 0 6 7 -1731.254682873181 1.096835459693233
-0.25 0 7 8 -1280.969076158366 0.9813683798183117
-0.25 0 8 9 -955.9026719435756 0.8841519489695155
-0.25 0 9 10 -717.6944002751702 0.8085078030548078
-0.25 0 10 11 -540.4442551799543 0.7425293214434452
-0.25 0 11 12 -406.8774646204783 0.6833969012946511
-0.25 0 12 13 -305.0309936692292 0.6306701934372598
-0.25 0 13 14 -226.6015518071204 0.5835322903085
-0.25 0 14 15 -165.705817397904 0.5412561976115068
-0.25 0 15 16 -118.1060318471323 0.5032114376751593
-0.25 0 16 17 -80.70276443089324 0.4688574439799229
-0.25 0 17 18 -51.19725442170784 0.4377327363032256
-0.25 0 18 19 -27.86282467944147 0.4094435680427621
-0.25 0 19 20 -9.387557322981138 0.3836534728634482
-0.25 0 20 21 5.235703221027961 0.3600741591830022
-0.25 0 21 22 16.78740258410289 0.3384577909111054
-0.25 0 22 23 25.87742918768458 0.3185905314719738
-0.25 0 23 24 32.98603023176133 0.3002871790327741
-0.25 0 24 25 38.49397920638739 0.283386719555219
-0.25 0 25 26 42.70506200872921 0.2677486397480879
-0.25 0 26 27 45.8630070458064 0.2532498662068247
-0.25 0 27 28 48.16435111097712 0.2397822165309992
-0.25 0 28 29 49.76830112756431 0.227250272303415
-0.25 0 29 30 50.80435349318827 0.2155695957610752
-0.25 0 30 31 51.37822449002692 0.2046652309198786
-0.25 0 31 32 51.57649778164443 0.1944704382838964
-0.25 0 32 33 51.47028970287874 0.1849256233436956
-0.25 0 33 34 51.1181570440599 0.1759774243312948
-0.25 0 34 35 50.56841658579538 0.1675779357618697
-0.25 0 35 36 49.86100490011131 0.1596840413594505
-0.25 0 36 37 49.02897664954224 0.15225684261854
-0.25 0 37 38 48.09971707926599 0.1452611651844725
-0.25 0 38 39 47.09592730973316 0.1386651322827114
-0.25 0 39 40 46.03642809009398 0.1324397946311545
-0.25 0 40 41 44.93681796830549 0.1265588084873713
-0.25 0 41 42 43.81001392926709 0.1209981547412236
-0.25 0 42 43 42.66669706138168 0.1157358927135573
-0.25 0 43 44 41.51568094323989 0.1107519449769467
-0.25 0 44 45 40.36421703438987 0.1060279074098307
-0.25 0 45 46 39.21702346748003 0.1019439088938318
-0.25 0 46 47 38.08125561592988 0.09998050972548751
-0.25 0 47 48 36.95960648204471 0.1003416115757717
-0.25 0 48 49 35.85523246573655 0.1028787060008468
-0.25 0 49 50 34.77044626947921 0.1109601404913474
0 0.25 0 1 6129.214753610713 2.702794226587264
0 0.25 1 2 -1442.195418980399 1.904864719095416
0 0.25 2 3 -5495.995747303823 1.604172750827155
0 0.25 3 4 -4420.859509312136 1.553848212395641
0 0.25 4 5 -3246.336691001957 1.390446060406635
0 0.25 5 6 -2362.406510520105 1.232847683447158
0 0.25 6 7 -1731.184944587831 1.096806762497956
0 0.25 7 8 -1280.89254864154 0.9813640735159537
0 0.25 8 9 -955.8268296546794 0.8833790676084031
0 0.25 9 10 -717.6267017279415 0.8093291513685623
0 0.25 10 11 -540.3816118065429 0.7425522368053725
0 0.25 11 12 -406.8207819017389 0.683420806478533
0 0.25 12 13 -304.9794947558985 0.6306935361757972
0 0.25 13 14 -226.5544040687346 0.583554275172563
0 0.25 14 15 -165.6622823671173 0.5412764739320177
0 0.25 15 16 -118.0655125317485 0.5032299054557104
0 0.25 16 17 -80.66480445647767 0.4688741380429277
0 0.25 17 18 -51.16151744893773 0.4377477593056695
0 0.25 18 19 -27.82906841075351 0.4094570523619123
0 0.25 19 20 -9.355608784743708 0.3836655596718312
0 0.25 20 21 5.26596846474763 0.3600849872864724
0 0.25 21 22 16.8160766662877 0.3384674911132216
0 0.25 22 23 25.90458394441839 0.3185992241800684
0 0.25 23 24 33.0117256709525 0.3002949732490989
0 0.25 24 25 38.51826919642065 0.2833937134262154
0 0.25 25 26 42.72799788656005 0.2677549209171135
0 0.25 26 27 45.88463972536601 0.2532555126437815
0 0.25 27 28 48.18473215462006 0.2397872977312593
0 0.25 28 29 49.78748312856544 0.2272548496593453
0 0.25 29 30 50.82239002639619 0.2155737238464271
0 0.25 30 31 51.39516981337988 0.2046689581993783
0 0.25 31 32 51.59240641280041 0.1944738075962189
0 0.25 32 33 51.48521595670354 0.1849286727260588
0 0.25 33 34 51.13215458093919 0.1759801874881494
0 0.25 34 35 50.58153800418705 0.1675804424693783
0 0.25 35 36 49.87330138720375 0.1596863184316466
0 0.25 36 37 49.0404976981693 0.1522589134304627
0 0.25 37 38 48.11051026907984 0.1452630507560216
0 0.25 38 39 47.10603814891402 0.1386668512548362
0 0.25 39 40 46.04589991215732 0.1324413635292213
0 0.25 40 41 44.94569187422297 0.1265602421683649
0 0.25 41 42 43.81832877102573 0.1209994663337902
0 0.25 42 43 42.67448945640916 0.1157370938372022
0 0.25 43 44 41.5229853149869 0.1107530463339012
0 0.25 44 45 40.37106567399474 0.1060289182921853
0 0.25 45 46 39.22344658146596 0.1019448492805739
0 0.25 46 47 38.08728148161578 0.09998144034246995
0 0.25 47 48 36.96526146873174 0.1003425908223
0 0.25 48 49 35.86054116660134 0.1028797786210002
0 0.25 49 50 34.77543157229894 0.1109612568423408
0.25 0.5 0 1 6057.493174985178 2.578799542650614
0.25 0.5 1 2 -1504.947146200356 1.404871284866084
0.25 0.5 2 3 -5499.6369999249 1.581712368380456
0.25 0.5 3 4 -4416.408885939459 1.541663635106947
0.25 0.5 4 5 -3241.081878004965 1.401257638968523
0.25 0.5 5 6 -2357.755660596205 1.28776291230786
0.25 0.5 6 7 -1727.346767178155 1.169308274915422
0.25 0.5 7 8 -1277.801625370739 1.059798799758549
0.25 0.5 8 9 -953.3638701099335 0.9623172251046278
0.25 0.5 9 10 -715.675833648249 0.8770575685503536
0.25 0.5 10 11 -538.8453040885456 0.8012620219730109
0.25 0.5 11 12 -405.6176488310539 0.7347899199276845
0.25 0.5 12 13 -304.0443657240799 0.6760153634242457
0.25 0.5 13 14 -225.835055710196 0.6238285015200143
0.25 0.5 14 15 -165.1168982184106 0.5772893446576344
0.25 0.5 15 16 -117.6605546532023 0.5356092309787589
0.25 0.5 16 17 -80.37329917550483 0.498127932773609
0.25 0.5 17 18 -50.96169834202169 0.4642919725904347
0.25 0.5 18 19 -27.70330972690135 0.4336358523074604
0.25 0.5 19 20 -9.289588748547203 0.4057664201525784
0.25 0.5 20 21 5.283924672533203 0.3803500808701705
0.25 0.5 21 22 16.79551422082568 0.3571024090378319
0.25 0.5 22 23 25.85332718503082 0.3357797337001957
0.25 0.5 23 24 32.93620253357835 0.3161723137233016
0.25 0.5 24 25 38.42376985081091 0.298098788720674
0.25 0.5 25 26 42.61888187805414 0.2814016513408604
0.25 0.5 26 27 45.7645026445673 0.265943536838729
0.25 0.5 27 28 48.05654034974805 0.2516041693005192
0.25 0.5 28 29 49.65368306944276 0.2382778357810965
0.25 0.5 29 30 50.68499746308316 0.2258712885789536
0.25 0.5 30 31 51.25584275620929 0.2143019931764442
0.25 0.5 31 32 51.45250509484367 0.2034966605608579
0.25 0.5 32 33 51.34585227856348 0.1933900099597477
0.25 0.5 33 34 50.99423301778711 0.1839237234004135
0.25 0.5 34 35 50.44578955602486 0.1750455571011766
0.25 0.5 35 36 49.74031183615375 0.1667085848029624
0.25 0.5 36 37 48.91073118998037 0.1588705490137672
0.25 0.5 37 38 47.9843290413715 0.1514933052257167
0.25 0.5 38 39 46.9837190715711 0.1445423414491896
0.25 0.5 39 40 45.92764838354384 0.1379863638410511
0.25 0.5 40 41 44.83165351673915 0.1317969367137965
0.25 0.5 41 42 43.70859928997368 0.125948169149821
0.25 0.5 42 43 42.56912296181383 0.1204164420920669
0.25 0.5 43 44 41.42200135508904 0.1151801688103531
0.25 0.5 44 45 40.27445518408109 0.1102195848841818
0.25 0.5 45 46 39.13118236777098 0.1058964402099263
0.25 0.5 46 47 37.99930569791098 0.103628360675709
0.25 0.5 47 48 36.88150620485436 0.1036203700440636
0.25 0.5 48 49 35.7809260189826 0.1057472165722851
0.25 0.5 49 50 34.69986588630644 0.1109674274213306
0.5 0.75 0 1 5915.506082992226 2.661824769696624
0.5 0.75 1 2 -1627.62091797575 2.045695383146079
0.5 0.75 2 3 -5504.234230275009 1.604402710544442
0.5 0.75 3 4 -4404.143434474715 1.5470186761851
0.5 0.75 4 5 -3226.806570809669 1.381670987226122
0.5 0.75 5 6 -2344.583252430085 1.223632562710177
0.5 0.75 6 7 -1715.874578710605 1.087676012355152
0.5 0.75 7 8 -1267.992237205392 0.9725620594048988
0.5 0.75 8 9 -945.0195382397333 0.8756876379254699
0.5 0.75 9 10 -708.5819898338445 0.7916668549723603
0.5 0.75 10 11 -532.8025194651291 0.7202882894278017
0.5 0.75 11 12 -400.4550431664898 0.6580176783334984
0.5 0.75 12 13 -299.618843694861 0.6035243286755989
0.5 0.75 13 14 -222.0279944444158 0.5555066650817007
0.5 0.75 14 15 -161.8302962111602 0.5154776365484079
0.5 0.75 15 16 -114.8134317227614 0.4799875765882385
0.5 0.75 16 17 -77.89860068699181 0.4478472834625139
0.5 0.75 17 18 -48.80372932773253 0.4186540349693958
0.5 0.75 18 19 -25.81564473114258 0.3920605321542327
0.5 0.75 19 20 -7.633382324277818 0.3677674433066496
0.5 0.75 20 21 6.741300114065552 0.3455164744456315
0.5 0.75 21 22 18.08156706085242 0.325084251983961
0.5 0.75 22 23 26.99133458629296 0.306277062015135
0.5 0.75 23 24 33.94593039835127 0.2889263882556972
0.5 0.75 24 25 39.32205869149573 0.2728851540156501
0.5 0.75 25 26 43.42012546397086 0.2580245678494278
0.5 0.75 26 27 46.48104064681343 0.2442314764911479
0.5 0.75 27 28 48.69898175322589 0.2314061427181538
0.5 0.75 28 29 50.23117363078632 0.2194603762725319
0.5 0.75 29 30 51.20544176216504 0.2083159577499234
0.5 0.75 30 31 51.72608924567146 0.1979033060356343
0.5 0.75 31 32 51.87850087722677 0.1881603480154746
0.5 0.75 32 33 51.73277301239989 0.1790315572881327
0.5 0.75 33 34 51.34659231521664 0.1704671327307742
0.5 0.75 34 35 50.76753140128545 0.1624222965365462
0.5 0.75 35 36 50.03488890131598 0.1548566895475572
0.5 0.75 36 37 49.18117138997428 0.1477338515408315
0.5 0.75 37 38 48.23329225439909 0.1410207712280294
0.5 0.75 38 39 47.21354560624457 0.1346874964669578
0.5 0.75 39 40 46.14040049787002 0.1287067950394345
0.5 0.75 40 41 45.02915107344489 0.1230538593166626
0.5 0.75 41 42 43.89245044728165 0.1177060478639338
0.5 0.75 42 43 42.74075064949665 0.1126426585378958
0.5 0.75 43 44 41.58266616488658 0.107844729734642
0.5 0.75 44 45 40.42527519921447 0.1032948652288657
0.5 0.75 45 46 39.2731596628754 0.09937521910103433
0.5 0.75 46 47 38.13331351102835 0.09756902678552572
0.5 0.75 47 48 37.00832986534397 0.09807373000508113
0.5 0.75 48 49 35.90126500605021 0.101614693725021
0.5 0.75 49 50 34.81434257929749 0.1096489955897609
0.75 1 0 1 5700.093696185781 1.906441875284521
0.75 1 1 2 -1822.615071811445 1.747512095020054
0.75 1 2 3 -5518.281291461568 1.597414641574168
0.75 1 3 4 -4390.369525883127 1.534382991587038
0.75 1 4 5 -3208.376585296991 1.369602104087337
0.75 1 5 6 -2326.677572118661 1.213675830957313
0.75 1 6 7 -1699.726941605357 1.080003939053874
0.75 1 7 8 -1253.778076690129 0.9668615258545568
0.75 1 8 9 -932.6059222524595 0.8715227404712059
0.75 1 9 10 -697.7560787658758 0.7886918733862105
0.75 1 10 11 -523.3516046973855 0.7181778013533955
0.75 1 11 12 -392.1800017613441 0.6565537341988376
0.75 1 12 13 -292.3477518353891 0.6025385252686852
0.75 1 13 14 -215.6142211315487 0.5548743181754776
0.75 1 14 15 -156.1499391142665 0.5125596257558599
0.75 1 15 16 -109.762166816867 0.4747888381150344
0.75 1 16 17 -73.38863023408476 0.4409074229569421
0.75 1 17 18 -44.76107080856286 0.4103785908612169
0.75 1 18 19 -22.17781711557291 0.3827582682441548
0.75 1 19 20 -4.347470670418033 0.3576761158504751
0.75 1 20 21 9.720247387973586 0.3348209779559578
0.75 1 21 22 20.79185938211003 0.313929620785603
0.75 1 22 23 29.46572687659148 0.2947779258070922
0.75 1 23 24 36.21251895212117 0.277173944493463
0.75 1 24 25 41.40502035870315 0.2609523734420944
0.75 1 25 26 45.34032901770104 0.2459701237739038
0.75 1 26 27 48.25655386086953 0.2321027416969349
0.75 1 27 28 50.34549326406886 0.2192414964462719
0.75 1 28 29 51.76234500785426 0.2072909954559014
0.75 1 29 30 52.63320226817268 0.1961672184320248
0.75 1 30 31 53.06088339632868 0.1857958880619306
0.75 1 31 32 53.12949700437809 0.1761111117504785
0.75 1 32 33 52.90803950814018 0.1670542427981358
0.75 1 33 34 52.45324700799239 0.1585729222579541
0.75 1 34 35 51.81186852208242 0.1506202670594286
0.75 1 35 36 51.02248730516709 0.1431541811960445
0.75 1 36 37 50.11698704987299 0.1361367667785173
0.75 1 37 38 49.1217375197445 0.1295338199337746
0.75 1 38 39 48.05855729264783 0.1233143970189282
0.75 1 39 40 46.94549852840856 0.1174504405392465
0.75 1 40 41 45.7974890994081 0.1119164539729035
0.75 1 41 42 44.62685965114082 0.1066892213460863
0.75 1 42 43 43.44377773012241 0.1017475600468259
0.75 1 43 44 42.25660635192088 0.09707210715933011
0.75 1 44 45 41.0722010071882 0.09264513046437985
0.75 1 45 46 39.89495945930423 0.08921459917620256
0.75 1 46 47 38.73167641590373 0.08957468711516639
0.75 1 47 48 37.58480178087359 0.09381933422244172
0.75 1 48 49 36.45725198251714 0.1012444477845325
0.75 1 49 50 35.35112662384833 0.1090871975821335
1 1.25 0 1 5422.211481185533 1.541517284683804
1 1.25 1 2 -2079.281348947149 0.6606548009955764
1 1.25 2 3 -5541.528495078132 1.87472407466777
1 1.25 3 4 -4378.769755085404 1.811345329884871
1 1.25 4 5 -3191.371961286881 1.608861067856701
1 1.25 5 6 -2310.414353409664 1.414698928031212
1 1.25 6 7 -1685.486318328053 1.248582599344841
1 1.25 7 8 -1241.638950690258 1.109168568846154
1 1.25 8 9 -922.3440566014556 0.9926613028402614
1 1.25 9 10 -689.0933048656339 0.8929923506071796
1 1.25 10 11 -516.0311993883111 0.8086708329166984
1 1.25 11 12 -385.9760427556466 0.7357725329021338
1 1.25 12 13 -287.0717871771342 0.6724220260409247
1 1.25 13 14 -211.1101749760223 0.6169513319685369
1 1.25 14 15 -152.2891611507407 0.5680484272491373
1 1.25 15 16 -106.4387054241117 0.5246705894537067
1 1.25 16 17 -70.51513133588514 0.4859803987108249
1 1.25 17 18 -42.26536088451144 0.4512984927002029
1 1.25 18 19 -20.0001090260223 0.4200684747863278
1 1.25 19 20 -2.438097935189489 0.391830611644446
1 1.25 20 21 11.40266222005562 0.3662019189801787
1 1.25 21 22 22.28188532876857 0.3428609266043628
1 1.25 22 23 30.79232326908209 0.3215359049782089
1 1.25 23 24 37.40000845309055 0.3019956779207045
1 1.25 24 25 42.47388115831745 0.2840423872954067
1 1.25 25 26 46.30784192991496 0.2675057458061459
1 1.25 26 27 49.13733267608211 0.252238434140671
1 1.25 27 28 51.1519208770992 0.238112386464994
1 1.25 28 29 52.50493323768853 0.2250157714879991
1 1.25 29 30 53.32088966436652 0.2128505219690425
1 1.25 30 31 53.70128247211403 0.201530299863065
1 1.25 31 32 53.72910008668646 0.1909788112218243
1 1.25 32 33 53.47239060980678 0.1811284017640686
1 1.25 33 34 52.98708571348419 0.1719188807248836
1 1.25 34 35 52.31925075312188 0.1632965307746516
1 1.25 35 36 51.50688692389764 0.1552132710408994
1 1.25 36 37 50.58138154045355 0.1476259453157496
1 1.25 37 38 49.56868040289885 0.14049571559093
1 1.25 38 39 48.49023945480366 0.1337875420750755
1 1.25 39 40 47.36380026854692 0.1274697363172038
1 1.25 40 41 46.20402438141997 0.1215135754672762
1 1.25 41 42 45.02301379901735 0.1158929685088903
1 1.25 42 43 43.8307395919843 0.1105841656641742
1 1.25 43 44 42.6353957907952 0.1055655061324276
1 1.25 44 45 41.44369243416531 0.1008171968252199
1 1.25 45 46 40.25992127646464 0.09669716710142631
1 1.25 46 47 39.09073224427163 0.09461069300687452
1 1.25 47 48 37.93850173534534 0.09475991721427789
1 1.25 48 49 36.80606614099975 0.09757648043346463
1 1.25 49 50 35.69545940164329 0.1052810254411924
1.25 1.5 0 1 5094.598070011239 3.27458115505637
1.25 1.5 1 2 -2359.499390380646 4.08897134787433
1.25 1.5 2 3 -5538.953713071049 1.682444580919843
1.25 1.5 3 4 -4337.057962551831 1.60504424300381
1.25 1.5 4 5 -3147.422533798309 1.428811707953354
1.25 1.5 5 6 -2271.571924732072 1.260274190504764
1.25 1.5 6 7 -1652.701372352503 1.114873975063016
1.25 1.5 7 8 -1214.342179367553 0.9918250478981999
1.25 1.5 8 9 -899.6776826724581 0.887940730413319
1.25 1.5 9 10 -670.2477941870852 0.7999986876697818
1.25 1.5 10 11 -500.3184856385774 0.72399359577932
1.25 1.5 11 12 -372.8304222055058 0.6585703552714784
1.25 1.5 12 13 -276.0363280590104 0.6016115007629165
1.25 1.5 13 14 -201.8162521886788 0.5516692111868904
1.25 1.5 14 15 -144.4388613049534 0.5075949826347039
1.25 1.5 15 16 -99.79033606432722 0.4684701933709868
1.25 1.5 16 17 -64.87168294778257 0.4335534246937691
1.25 1.5 17 18 -37.4654397154884 0.4022408399612589
1.25 1.5 18 19 -15.91083698641887 0.3740363455586166
1.25 1.5 19 20 1.050453875375752 0.3485289905930903
1.25 1.5 20 21 14.38185362488116 0.3253757102306175
1.25 1.5 21 22 24.82797057561265 0.3042880411308586
1.25 1.5 22 23 32.96920469647807 0.2850217961905944
1.25 1.5 23 24 39.26143814565228 0.2673689739374043
1.25 1.5 24 25 44.06523108624424 0.2511513639798827
1.25 1.5 25 26 47.66753486468031 0.238557589762126
1.25 1.5 26 27 50.2980048901004 0.2269251561528736
1.25 1.5 27 28 52.14137155719106 0.2160591202633057
1.25 1.5 28 29 53.34690334824359 0.2058945387626027
1.25 1.5 29 30 54.03570370544037 0.1963731115955635
1.25 1.5 30 31 54.30637945762237 0.1874424170364394
1.25 1.5 31 32 54.23947458110138 0.1790552368227903
1.25 1.5 32 33 53.90096040966228 0.1711689648563045
1.25 1.5 33 34 53.34499944194306 0.1637450860321895
1.25 1.5 34 35 52.61614603456962 0.1567487212561182
1.25 1.5 35 36 51.75110775817268 0.1501482266598454
1.25 1.5 36 37 50.7801618653678 0.1439148428510237
1.25 1.5 37 38 49.72829954339062 0.1380223859492079
1.25 1.5 38 39 48.61615411751694 0.1324469758243861
1.25 1.5 39 40 47.46075690836932 0.1271667974216996
1.25 1.5 40 41 46.27615509268952 0.1221618891625107
1.25 1.5 41 42 45.07391833905689 0.1174139560620354
1.25 1.5 42 43 43.86355569829828 0.112906205404472
1.25 1.5 43 44 42.65285959389928 0.1086231993901392
1.25 1.5 44 45 41.44819046446582 0.1045507253972842
1.25 1.5 45 46 40.25355749462608 0.101011795105535
1.25 1.5 46 47 39.07529945272304 0.0992487311613419
1.25 1.5 47 48 37.91558271715579 0.09942404804245608
1.25 1.5 48 49 36.77704057424373 0.1014287905837433
1.25 1.5 49 50 35.66152519222953 0.1040458130433108
1.5 1.75 0 1 4693.493114796332 0.9433380779672971
1.5 1.75 1 2 -2729.823935562576 0.7659223088542311
1.5 1.75 2 3 -5558.58817729484 1.702876446552529
1.5 1.75 3 4 -4298.731437888015 1.645310183218251
1.5 1.75 4 5 -3098.994505862474 1.470067425974107
1.5 1.75 5 6 -2224.704808846152 1.294192138705585
1.5 1.75 6 7 -1610.401665894158 1.140106822548791
1.5 1.75 7 8 -1177.091313590834 1.009488427304166
1.5 1.75 8 9 -867.1605384067229 0.8991909628104053
1.5 1.75 9 10 -641.9239846073092 0.8065760882363353
1.5 1.75 10 11 -475.633810822249 0.7269323029745746
1.5 1.75 11 12 -351.2637483539122 0.6587593701707789
1.5 1.75 12 13 -257.1348576849268 0.599732152743209
1.5 1.75 13 14 -185.1928634636624 0.5482392980828918
1.5 1.75 14 15 -129.7659944742602 0.5030084066257896
1.5 1.75 15 16 -86.79194612830929 0.4630277464732046
1.5 1.75 16 17 -53.31528773152786 0.4274859057356808
1.5 1.75 17 18 -27.15500232581621 0.3957262071574281
1.5 1.75 18 19 -6.680672700361811 0.3672124207243123
1.5 1.75 19 20 9.340780252956392 0.3415028995733963
1.5 1.75 20 21 21.85175457576884 0.3182309388559121
1.5 1.75 21 22 31.57932002955886 0.2970897462311787
1.5 1.75 22 23 39.08920575405898 0.2778208338246053
1.5 1.75 23 24 44.82498470351322 0.2602049781819488
1.5 1.75 24 25 49.13685607148432 0.2440551168273532
1.5 1.75 25 26 52.30302140624656 0.229210721320712
1.5 1.75 26 27 54.5457225810818 0.2155333015503274
1.5 1.75 27 28 56.04338816196264 0.2029027897439169
1.5 1.75 28 29 56.93991266442629 0.1912146081443234
1.5 1.75 29 30 57.35180249908422 0.1803772768301692
1.5 1.75 30 31 57.37372012338881 0.1703104483226371
1.5 1.75 31 32 57.08281515104017 0.1609432841542155
1.5 1.75 32 33 56.54212950320317 0.1522131055650726
1.5 1.75 33 34 55.80329050717768 0.1440642652967893
1.5 1.75 34 35 54.90865262808302 0.136447201878292
1.5 1.75 35 36 53.89300950084515 0.1293176399044258
1.5 1.75 36 37 52.78496901820233 0.1226359132119387
1.5 1.75 37 38 51.60806275764855 0.1163663882064276
1.5 1.75 38 39 50.38164479669405 0.1104769713528724
1.5 1.75 39 40 49.12162269774979 0.1049386865184526
1.5 1.75 40 41 47.84105425929363 0.09972531013258348
1.5 1.75 41 42 46.55063619413539 0.09481305782125447
1.5 1.75 42 43 45.25910569560165 0.09018031036590388
1.5 1.75 43 44 43.97357132453362 0.08580737740375381
1.5 1.75 44 45 42.69978641848448 0.08167628961227918
1.5 1.75 45 46 41.44124137725558 0.0784760078096079
1.5 1.75 46 47 40.2037580006297 0.07878102364349041
1.5 1.75 47 48 38.98909401335476 0.08267066077174424
1.5 1.75 48 49 37.79949846927016 0.08949072217787048
1.5 1.75 49 50 36.63648754802364 0.09669176773906339
1.75 2 0 1 4268.406257965579 1.075364037738084
1.75 2 1 2 -3102.023442462068 2.627376147375681
1.75 2 2 3 -5562.194267691957 2.820065774314228
1.75 2 3 4 -4254.608914504913 2.343853338568162
1.75 2 4 5 -3053.368495301336 1.942165009229942
1.75 2 5 6 -2185.529337002147 1.636278227270684
1.75 2 6 7 -1578.197115594616 1.401710199371798
1.75 2 7 8 -1150.885322634806 1.218011903260008
1.75 2 8 9 -845.838713876014 1.070073754981593
1.75 2 9 10 -624.5202658288185 0.950131829562347
1.75 2 10 11 -461.3672506169273 0.8497657427782326
1.75 2 11 12 -339.5210770168055 0.7652778099398273
1.75 2 12 13 -247.4318675619288 0.6931533503606108
1.75 2 13 14 -177.1468389331596 0.6309390156990423
1.75 2 14 15 -123.0727252727074 0.5767883916588642
1.75 2 15 16 -81.20809917970746 0.5292855943550452
1.75 2 16 17 -48.64500762915168 0.4873266986335671
1.75 2 17 18 -23.23971652741466 0.4500382271758004
1.75 2 18 19 -3.391294506577651 0.4167199249789822
1.75 2 19 20 12.10985678793986 0.3868037982061084
1.75 2 20 21 24.18731493608334 0.3598242709269744
1.75 2 21 22 33.55297351642298 0.3353960893190669
1.75 2 22 23 40.7602561682138 0.313197721370423
1.75 2 23 24 46.24270726601935 0.2929587176474792
1.75 2 24 25 50.34231498258248 0.2744499710527152
1.75 2 25 26 53.33052932154669 0.2574761266160128
1.75 2 26 27 55.42401895484693 0.241869606186903
1.75 2 27 28 56.79659539935312 0.227485860617232
1.75 2 28 29 57.58831557708254 0.2141995633166
1.75 2 29 30 57.91248644109533 0.201901535871204
1.75 2 30 31 57.86109550055164 0.190496244244661
1.75 2 31 32 57.50905012424545 0.1798997469427643
1.75 2 32 33 56.91750817654071 0.1700380023366969
1.75 2 33 34 56.13651038294421 0.1608454631429148
1.75 2 34 35 55.20707236521986 0.152263903786466
1.75 2 35 36 54.16285585858901 0.1442414360854277
1.75 2 36 37 53.03151016601447 0.1367316787661817
1.75 2 37 38 51.83575377721786 0.1296930543154157
1.75 2 38 39 50.59425012454909 0.1230881900405287
1.75 2 39 40 49.32231939113461 0.1168834066840592
1.75 2 40 41 48.03251926808809 0.1110482785646272
1.75 2 41 42 46.73512026489061 0.1055552561092261
1.75 2 42 43 45.43849606689315 0.1003793384349554
1.75 2 43 44 44.14944501016367 0.09549778966676657
1.75 2 44 45 42.87345556366637 0.09088989254799996
1.75 2 45 46 41.61382422118734 0.08690086053645808
1.75 2 46 47 40.37611684640012 0.08489070365262985
1.75 2 47 48 39.16195875037997 0.08504271784172752
1.75 2 48 49 37.97345818015734 0.09073246622516645
1.75 2 49 50 36.81200413466459 0.09757387707612226
2 2.25 0 1 3797.016050735193 1.055877699172984
2 2.25 1 2 -3498.524233397219 0.871845602063767
2 2.25 2 3 -5547.838442999098 1.65725021990272
2 2.25 3 4 -4176.253153840996 1.531959254042883
2 2.25 4 5 -2967.527707544182 1.350479210402821
2 2.25 5 6 -2105.882983271263 1.190216054767639
2 2.25 6 7 -1507.844190909601 1.055937483964295
2 2.25 7 8 -1089.833078994726 0.9430626163879271
2 2.25 8 9 -793.1624237993274 0.8480282433828968
2 2.25 9 10 -579.0986945621603 0.7669903150457524
2 2.25 10 11 -422.1475179317763 0.696577498885104
2 2.25 11 12 -305.5523681708344 0.6356057148351983
2 2.25 12 13 -217.909940702606 0.5822134087653876
2 2.25 13 14 -151.3964149496671 0.5351486064323375
2 2.25 14 15 -100.5301917793422 0.4934141783125224
2 2.25 15 16 -61.40362484238108 0.4562072488831684
2 2.25 16 17 -31.18642313250984 0.4228748218232322
2 2.25 17 18 -7.798795724522279 0.3928808787588285
2 2.25 18 19 10.30761127388769 0.3657816747727316
2 2.25 19 20 24.29911502069376 0.3412069716128162
2 2.25 20 21 35.06357432903269 0.3188456186006291
2 2.25 21 22 43.2833077879352 0.2984343682032874
2 2.25 22 23 49.48716042292244 0.2797491106183489
2 2.25 23 24 54.08817100715805 0.2625979485926273
2 2.25 24 25 57.41115296584019 0.2468156796058152
2 2.25 25 26 59.71311531663991 0.2322593650501758
2 2.25 26 27 61.19853801952286 0.2188047463193812
2 2.25 27 28 62.03090669018854 0.2063433275111754
2 2.25 28 29 62.34149902505112 0.1947799830158472
2 2.25 29 30 62.23613185102431 0.1840309858356551
2 2.25 30 31 61.80038098047208 0.1740223717934799
2 2.25 31 32 61.10364754365554 0.1646885759641225
2 2.25 32 33 60.20234606953557 0.155971289140309
2 2.25 33 34 59.14241892137289 0.1478184955894323
2 2.25 34 35 57.96133042321134 0.1401836577669988
2 2.25 35 36 56.68965650024393 0.1330250247137997
2 2.25 36 37 55.35235793600202 0.1263050407357951
2 2.25 37 38 53.96980478638352 0.1199898394873157
2 2.25 38 39 52.55860400083606 0.1140488089911326
2 2.25 39 40 51.13227060275955 0.1084542158388457
2 2.25 40 41 49.70177404756674 0.1031808799606138
2 2.25 41 42 48.27598433226871 0.09820589267308581
2 2.25 42 43 46.86203748521754 0.09350836983967649
2 2.25 43 44 45.46563581259869 0.08906923722688921
2 2.25 44 45 44.09129520947084 0.08487104251213706
2 2.25 45 46 42.74147082869322 0.08155488601638369
2 2.25 46 47 41.42091456640233 0.08151481190411194
2 2.25 47 48 40.13058773981513 0.08481322547337482
2 2.25 48 49 38.87198449277952 0.090828476790206
2 2.25 49 50 37.64594680111594 0.09718896904540135
2.25 2.5 0 1 3295.920064917023 1.852105671704197
2.25 2.5 1 2 -3896.778483382171 0.955547706523087
2.25 2.5 2 3 -5495.160190463807 1.686467557339096
2.25 2.5 3 4 -4066.496655338292 1.553971702628562
2.25 2.5 4 5 -2862.237245406626 1.369885460728139
2.25 2.5 5 6 -2016.226492514864 1.2325779431351
2.25 2.5 6 7 -1433.854365598584 1.110590066467567
2.25 2.5 7 8 -1029.20543188292 1.00052677936502
2.25 2.5 8 9 -743.4232017079794 0.9042805426432102
2.25 2.5 9 10 -538.1216739200695 0.8203027424330344
2.25 2.5 10 11 -388.2325419504764 0.7465132982053918
2.25 2.5 11 12 -277.3395417632744 0.6820378187515448
2.25 2.5 12 13 -194.3317873104088 0.6252868749040811
2.25 2.5 13 14 -131.6091985389185 0.5750993777243221
2.25 2.5 14 15 -83.8631538532677 0.5305067178755445
2.25 2.5 15 16 -47.31986625785657 0.4907046696330967
2.25 2.5 16 17 -19.25315380330289 0.4550251968508606
2.25 2.5 17 18 2.335253840777341 0.4229117068672153
2.25 2.5 18 19 18.92940457047212 0.3938984487733685
2.25 2.5 19 20 31.64451080210392 0.3675937563395077
2.25 2.5 20 21 41.32752463717122 0.3436665531826089
2.25 2.5 21 22 48.62779669427846 0.3218355180236038
2.25 2.5 22 23 54.04743130678241 0.3018603817039043
2.25 2.5 23 24 57.97764744965309 0.2835349182021282
2.25 2.5 24 25 60.72535462894939 0.2666812776765838
2.25 2.5 25 26 62.53279467625543 0.2511453849755638
2.25 2.5 26 27 63.59220855045112 0.2367931835925185
2.25 2.5 27 28 64.05689237089439 0.2235075561505161
2.25 2.5 28 29 64.04960478503278 0.2111857851434609
2.25 2.5 29 30 63.66901196035445 0.1997374500459849
2.25 2.5 30 31 62.99466531071772 0.1890826763001813
2.25 2.5 31 32 62.09087266447295 0.1791506710760955
2.25 2.5 32 33 61.00972821649378 0.1698784927447301
2.25 2.5 33 34 59.79349821830709 0.1612100125808694
2.25 2.5 34 35 58.47650979960889 0.1530950347703482
2.25 2.5 35 36 57.08665410503261 0.1454885478675386
2.25 2.5 36 37 55.64658820146093 0.1383500846421958
2.25 2.5 37 38 54.17470041638984 0.1316431743504213
2.25 2.5 38 39 52.68588886311886 0.1253348704779328
2.25 2.5 39 40 51.19219168194826 0.1193953436945211
2.25 2.5 40 41 49.70329914172862 0.1137975285821658
2.25 2.5 41 42 48.22697100147019 0.1085168178094307
2.25 2.5 42 43 46.76937779380179 0.1035307945116255
2.25 2.5 43 44 45.33538063670764 0.09881899885080918
2.25 2.5 44 45 43.92876124304044 0.09436272384725009
2.25 2.5 45 46 42.55136916128555 0.09046489680858347
2.25 2.5 46 47 41.207324747439 0.08830791211124696
2.25 2.5 47 48 39.89713305069358 0.08802781010872904
2.25 2.5 48 49 38.6218557977466 0.08947526624384605
2.25 2.5 49 50 37.38195518069554 0.09300910421078724
2.5 2.75 0 1 2741.049983873297 2.61387619025777
2.5 2.75 1 2 -4329.036440438544 1.095118363377333
2.5 2.75 2 3 -5436.052154860899 2.396669906238703
2.5 2.75 3 4 -3944.882685759359 2.439851346676381
2.5 2.75 4 5 -2743.352181263325 2.194643965991988
2.5 2.75 5 6 -1912.582204484908 1.933891101654793
2.5 2.75 6 7 -1346.292983452436 1.703706160639425
2.5 2.75 7 8 -955.8486717521573 1.508236904166053
2.5 2.75 8 9 -681.9750362851692 1.343225896892524
2.5 2.75 9 10 -486.4867540007726 1.203932468209155
2.5 2.75 10 11 -344.6676776561317 1.084828136470293
2.5 2.75 11 12 -240.408820203814 0.9826330020487696
2.5 2.75 12 13 -162.8798967965363 0.8941837978826545
2.5 2.75 13 14 -104.7045907935917 0.8170807529293793
2.5 2.75 14 15 -60.75269312842329 0.7494206465573591
2.5 2.75 15 16 -27.39188768290546 0.6896841349261521
2.5 2.75 16 17 -2.008225625919522 0.6366486384475259
2.5 2.75 17 18 17.30721644281675 0.5893221199656273
2.5 2.75 18 19 31.96700819643775 0.5468929141322896
2.5 2.75 19 20 43.02885993816801 0.5086916071655695
2.5 2.75 20 21 51.29319737022627 0.47416190159378
2.5 2.75 21 22 57.37150890779003 0.4428381850855753
2.5 2.75 22 23 61.73491521550352 0.414328124039547
2.5 2.75 23 24 64.74914455558667 0.3882990472916291
2.5 2.75 24 25 66.70002774958141 0.3644672102781401
2.5 2.75 25 26 67.81229183918788 0.3425892645790352
2.5 2.75 26 27 68.26355747831894 0.322455429160581
2.5 2.75 27 28 68.19486352908268 0.3038839854935179
2.5 2.75 28 29 67.71865012075455 0.286716809430664
2.5 2.75 29 30 66.924863008812 0.2708157214252527
2.5 2.75 30 31 65.88565640422371 0.2560594868878724
2.5 2.75 31 32 64.65904118413408 0.2423413368514938
2.5 2.75 32 33 63.29173314845309 0.2295669070307609
2.5 2.75 33 34 61.82138996823733 0.2176525163597163
2.5 2.75 34 35 60.27837771753644 0.2065237213772778
2.5 2.75 35 36 58.68717305285816 0.1961140969783232
2.5 2.75 36 37 57.06748144898773 0.1863642034523933
2.5 2.75 37 38 55.43513293159253 0.1772207077267459
2.5 2.75 38 39 53.80280248935765 0.1686356322732983
2.5 2.75 39 40 52.18059163516716 0.1605657116418805
2.5 2.75 40 41 50.57649958724329 0.1529718384430921
2.5 2.75 41 42 48.9968061361559 0.1458185846002889
2.5 2.75 42 43 47.44638374867949 0.1390737870843107
2.5 2.75 43 44 45.9289526363869 0.1327081875423917
2.5 2.75 44 45 44.44728971456075 0.1266951180175403
2.5 2.75 45 46 43.00239398603253 0.1212316510475614
2.5 2.75 46 47 41.59753208341616 0.1171298737227374
2.5 2.75 47 48 40.2325514920403 0.1145034892343774
2.5 2.75 48 49 38.90789878368474 0.1132966673529506
2.5 2.75 49 50 37.62348912400671 0.1127030360502363
2.75 3 0 1 2124.457038091422 2.239992783401189
2.75 3 1 2 -4760.333910432773 3.550559347890151
2.75 3 2 3 -5319.760473292546 5.63125382387082
2.75 3 3 4 -3768.964946809055 4.931868619221948
2.75 3 4 5 -2580.127653887155 4.148721246153464
2.75 3 5 6 -1774.162219145511 3.505137611539658
2.75 3 6 7 -1231.711727074432 2.995017268300693
2.75 3 7 8 -861.480397302154 2.588748022233259
2.75 3 8 9 -604.1070846491834 2.261203253808544
2.75 3 9 10 -421.9430441752318 1.991925941492698
2.75 3 10 11 -290.9726503455306 1.770164348843542
2.75 3 11 12 -195.4423855072503 1.582707229392073
2.75 3 12 13 -125.0611038540433 1.423789861911139
2.75 3 13 14 -72.75632695558943 1.287510897232476
2.75 3 14 15 -33.65631807986711 1.169639541939265
2.75 3 15 16 -4.329699695968202 1.06690839181611
2.75 3 16 17 17.68063697296543 0.9767596452644622
2.75 3 17 18 34.16046443585537 0.8971659068077661
2.75 3 18 19 46.42499688272221 0.826501779437181
2.75 3 19 20 55.45444035974265 0.763450504742526
2.75 3 20 21 61.98709104058969 0.7069351354849139
2.75 3 21 22 66.58429862791434 0.6560671265271892
2.75 3 22 23 69.67646329590946 0.6101074638738249
2.75 3 23 24 71.59604224885425 0.5684369371875314
2.75 3 24 25 72.60152734812607 0.5305331635051623
2.75 3 25 26 72.89506105684279 0.4959526523819465
2.75 3 26 27 72.63551332448571 0.4643166776073337
2.75 3 27 28 71.94828184531752 0.4353000519088666
2.75 3 28 29 70.9327014491198 0.4086221365198098
2.75 3 29 30 69.66769132175233 0.38403958653731
2.75 3 30 31 68.21609142113363 0.3613404562508153
2.75 3 31 32 66.62801536552291 0.3403393774579032
2.75 3 32 33 64.9434594199642 0.3208735913737101
2.75 3 33 34 63.19434462244175 0.3027996641381728
2.75 3 34 35 61.406123939856 0.2859907526226422
2.75 3 35 36 59.5990534852221 0.2703343176365383
2.75 3 36 37 57.7892026865473 0.2557302006348608
2.75 3 37 38 55.98926048128868 0.2420889999506693
2.75 3 38 39 54.20918126153512 0.2293306930128078
2.75 3 39 40 52.45670427430477 0.217383462922742
2.75 3 40 41 50.73777273022102 0.2061826947427335
2.75 3 41 42 49.05687290973046 0.1956701141407388
2.75 3 42 43 47.41730936465132 0.1857930451832563
2.75 3 43 44 45.82142877972973 0.1765037689386321
2.75 3 44 45 44.2708024588045 0.1677589669964669
2.75 3 45 46 42.76541421100228 0.1596733736889888
2.75 3 46 47 41.30750735439022 0.1527970685541583
2.75 3 47 48 39.89615104666049 0.1472087068118299
2.75 3 48 49 38.53106431314146 0.1428824595011515
2.75 3 49 50 37.21151690100407 0.139254360504155
3 3.25 0 1 1446.902777047223 1.363658261530653
3 3.25 1 2 -5121.400385276096 8.641192354997361
3 3.25 2 3 -5091.002194368873 9.733087148854217
3 3.25 3 4 -3503.421611863113 8.045813331039259
3 3.25 4 5 -2350.273501748148 6.582715724388735
3 3.25 5 6 -1586.775434856308 5.463655819060827
3 3.25 6 7 -1081.03788552299 4.608350773763482
3 3.25 7 8 -740.3411401833332 3.942820429985782
3 3.25 8 9 -506.2701961405278 3.414741887340501
3 3.25 9 10 -342.4737937899395 2.987765569998676
3 3.25 10 11 -226.0170119808747 2.637137134967223
3 3.25 11 12 -142.0890575138708 2.345249959596563
3 3.25 12 13 -81.01810940023142 2.099148389863284
3 3.25 13 14 -36.25231504612157 1.889493636884635
3 3.25 14 15 -3.301969856755932 1.709220558331361
3 3.25 15 16 20.97404917703238 1.552933578845322
3 3.25 16 17 38.81055979008147 1.41644892454715
3 3.25 17 18 51.82159936593075 1.296477644702139
3 3.25 18 19 61.18852899902345 1.190402012541082
3 3.25 19 20 67.78632911096338 1.096115058676362
3 3.25 20 21 72.26989701029788 1.011903570755051
3 3.25 21 22 75.13397279851915 0.9363615328596681
3 3.25 22 23 76.75537239410573 0.8683252215762857
3 3.25 23 24 77.42315682889773 0.8068239370598063
3 3.25 24 25 77.3604523936483 0.7510421754925796
3 3.25 25 26 76.74041213335454 0.7002902797859292
3 3.25 26 27 75.6980137598531 0.6539814460977064
3 3.25 27 28 74.33886360524701 0.6116135470773861
3 3.25 28 29 72.74582426838447 0.5727546415210703
3 3.25 29 30 70.98404424770126 0.5370313329304471
3 3.25 30 31 69.10480331090571 0.504119347911123
3 3.25 31 32 67.14847258010593 0.4737358593203386
3 3.25 32 33 65.14680750904574 0.4456331908874896
3 3.25 33 34 63.12473440949935 0.419593623584515
3 3.25 34 35 61.1017498206632 0.3954250865624316
3 3.25 35 36 59.09302199440287 0.372957563331019
3 3.25 36 37 57.11026178957624 0.3520400788389825
3 3.25 37 38 55.16241409208317 0.3325381618931059
3 3.25 38 39 53.25620878703907 0.3143316981670973
3 3.25 39 40 51.39660127042148 0.2973131060338695
3 3.25 40 41 49.58712577959278 0.2813857801482041
3 3.25 41 42 47.83017947133519 0.2664627586030435
3 3.25 42 43 46.12725142007528 0.2524655774091696
3 3.25 43 44 44.47910757203346 0.2393232820868901
3 3.25 44 45 42.88594036197418 0.2269715726033584
3 3.25 45 46 41.34659136613593 0.2154550216625549
3 3.25 46 47 39.8621233124961 0.2051129203585317
3 3.25 47 48 38.43074522507155 0.1959758742098166
3 3.25 48 49 37.05136625677295 0.1880125069286697
3 3.25 49 50 35.72254234804285 0.180832403098543
3.25 3.5 0 1 735.1393124819119 0.4620142362108141
3.25 3.5 1 2 -5291.745390882475 19.15916797839224
3.25 3.5 2 3 -4676.503476863089 15.66554103767309
3.25 3.5 3 4 -3106.015469369891 11.94607022394696
3.25 3.5 4 5 -2029.601959410869 9.367659781666068
3.25 3.5 5 6 -1336.90525445805 7.557794527881903
3.25 3.5 6 7 -887.1924406714875 6.23987888040131
3.25 3.5 7 8 -589.3062156853478 5.247150990766145
3.25 3.5 8 9 -387.8194156962138 4.478008321457561
3.25 3.5 9 10 -248.9380344871111 3.867967756536723
3.25 3.5 10 11 -151.6553642390891 3.374739075320806
3.25 3.5 11 12 -82.74289655569464 2.969335129847587
3.25 3.5 12 13 -33.51277523795147 2.631552753502905
3.25 3.5 13 14 1.864130712755241 2.34671751547079
3.25 3.5 14 15 27.29244260445762 2.104054531429917
3.25 3.5 15 16 45.49794498637607 1.89545096345659
3.25 3.5 16 17 58.4036575873771 1.714697834421622
3.25 3.5 17 18 67.38693088671903 1.556969636819778
3.25 3.5 18 19 73.44754020898279 1.418464399903504
3.25 3.5 19 20 77.31976071740928 1.29614965736149
3.25 3.5 20 21 79.54844841059685 1.187579873199637
3.25 3.5 21 22 80.54154371945253 1.090763058969032
3.25 3.5 22 23 80.60685251196776 1.004061872205139
3.25 3.5 23 24 79.97816789766017 0.9261192861807365
3.25 3.5 24 25 78.83405501914604 0.8558020334765221
3.25 3.5 25 26 77.31151438753437 0.7921570844182915
3.25 3.5 26 27 75.51602407307792 0.7343778062509737
3.25 3.5 27 28 73.52899099500291 0.681777396083272
3.25 3.5 28 29 71.41332816117739 0.6337678382419301
3.25 3.5 29 30 69.21766256568003 0.589843099207026
3.25 3.5 30 31 66.97953323728581 0.5495656036055246
3.25 3.5 31 32 64.72783807965766 0.5125552722695363
3.25 3.5 32 33 62.48471742237621 0.4784805776856919
3.25 3.5 33 34 60.26701206564775 0.4470511991196621
3.25 3.5 34 35 58.08739768713997 0.4180119563846055
3.25 3.5 35 36 55.95527151595229 0.391137771159221
3.25 3.5 36 37 53.8774482408177 0.3662294605076657
3.25 3.5 37 38 51.85870824071307 0.3431102072185391
3.25 3.5 38 39 49.90223088424111 0.3216225848722204
3.25 3.5 39 40 48.00993795270202 0.3016260387123715
3.25 3.5 40 41 46.18276654639669 0.2829947440577387
3.25 3.5 41 42 44.42088631550541 0.2656157782643866
3.25 3.5 42 43 42.72387269056452 0.2493875542111433
3.25 3.5 43 44 41.09084516621363 0.2342184734067096
3.25 3.5 44 45 39.5205777366329 0.2200257637740976
3.25 3.5 45 46 38.01078039169802 0.2068271159828485
3.25 3.5 46 47 36.56127381166026 0.1949125197556593
3.25 3.5 47 48 35.16944857577325 0.1843027033829937
3.25 3.5 48 49 33.8334265240286 0.174965362980238
3.25 3.5 49 50 32.55108167006104 0.1665405206966805
3.5 3.75 0 1 72.60838597089173 1.783393307766676
3.5 3.75 1 2 -5079.244768078965 25.65436571704531
3.5 3.75 2 3 -3994.694328347983 17.42829911195489
3.5 3.75 3 4 -2543.57029771295 12.47676370440436
3.5 3.75 4 5 -1607.604090587096 9.43582126743649
3.5 3.75 5 6 -1024.808243763492 7.422780262261108
3.5 3.75 6 7 -655.5234233494523 6.009480300302585
3.5 3.75 7 8 -416.0034361728235 4.972124306836143
3.5 3.75 8 9 -257.2125967137579 4.18413266315437
3.5 3.75 9 10 -149.961472009767 3.56930953021711
3.5 3.75 10 11 -76.42959313228607 3.07894397950535
3.5 3.75 11 12 -25.3168628804849 2.679452482579193
3.5 3.75 12 13 10.16568347496423 2.351646654224425
3.5 3.75 13 14 34.69073391536278 2.076839633730486
3.5 3.75 14 15 51.7448153648379 1.844888096000288
3.5 3.75 15 16 63.35687848229259 1.647050471273233
3.5 3.75 16 17 71.04118029933363 1.47687772840441
3.5 3.75 17 18 75.87056720154453 1.329404502505055
3.5 3.75 18 19 78.61521250416865 1.200751385877878
3.5 3.75 19 20 79.83433732274727 1.08784765940127
3.5 3.75 20 21 79.93797568039508 0.9882341636871083
3.5 3.75 21 22 79.22927027090208 0.8999206659299712
3.5 3.75 22 23 77.93388016024409 0.8212810140685908
3.5 3.75 23 24 76.22071194030707 0.7509749577423286
3.5 3.75 24 25 74.21671869484322 0.6878890906458797
3.5 3.75 25 26 72.01758517950242 0.6310917047448469
3.5 3.75 26 27 69.69552297718053 0.5797979013102866
3.5 3.75 27 28 67.30501096765397 0.5333423572528834
3.5 3.75 28 29 64.88705897960011 0.4911578690435339
3.5 3.75 29 30 62.47239917305072 0.452758303590416
3.5 3.75 30 31 60.08389168973005 0.4177249421939569
3.5 3.75 31 32 57.73834957993267 0.3856954611940288
3.5 3.75 32 33 55.44793113082383 0.356354978550037
3.5 3.75 33 34 53.22120760074532 0.3294287316191304
3.5 3.75 34 35 51.06398576537003 0.3046760527388749
3.5 3.75 35 36 48.97994410777733 0.2818853842170641
3.5 3.75 36 37 46.97112655576706 0.2608701312032422
3.5 3.75 37 38 45.03832677896546 0.2414651944931482
3.5 3.75 38 39 43.18138798757326 0.2235240575366939
3.5 3.75 39 40 41.39943719608297 0.2069163287393832
3.5 3.75 40 41 39.69106852088647 0.1915256585203078
3.5 3.75 41 42 38.05448660298501 0.1772479677416782
3.5 3.75 42 43 36.48761881809385 0.163989934696734
3.5 3.75 43 44 34.98820296563179 0.1516676990041004
3.5 3.75 44 45 33.5538556170809 0.1402057477728864
3.5 3.75 45 46 32.18145106908661 0.1296526012457591
3.5 3.75 46 47 30.86973498246634 0.1204083049690871
3.5 3.75 47 48 29.61556068817771 0.1125447480385762
3.5 3.75 48 49 28.41649329126682 0.1060613762582123
3.5 3.75 49 50 27.26995125869118 0.1005312709543345
3.75 4 0 1 -424.69630978451 2.031998273903531
3.75 4 1 2 -4337.858319483079 29.68682949604489
3.75 4 2 3 -3025.68615910806 14.22939556785862
3.75 4 3 4 -1827.094239889972 8.511852751110348
3.75 4 4 5 -1103.913409838176 5.662722461809921
3.75 4 5 6 -671.453188256615 4.011858868154761
3.75 4 6 7 -405.7943332375082 2.962084231205024
3.75 4 7 8 -238.1961569681778 2.250940362044952
3.75 4 8 9 -130.0276002561286 1.746265797295726
3.75 4 9 10 -58.98116202309916 1.37564253786743
3.75 4 10 11 -11.85268372384201 1.097663026595362
3.75 4 11 12 19.4788038495534 0.889285489753752
3.75 4 12 13 40.74792976163417 0.7046165210940997
3.75 4 13 14 54.54515183599017 0.5851033989793698
3.75 4 14 15 63.26486119385504 0.4748669356483234
3.75 4 15 16 68.62506783693073 0.3894660325831629
3.75 4 16 17 71.54488542004162 0.320859728734366
3.75 4 17 18 72.74235186182455 0.2660367436069805
3.75 4 18 19 72.72483951899102 0.229110009337679
3.75 4 19 20 71.85462961031357 0.2124326262583803
3.75 4 20 21 70.39261512347372 0.1973289909329626
3.75 4 21 22 68.52792693674309 0.1836062409605445
3.75 4 22 23 66.39832798906372 0.1711006348625139
3.75 4 23 24 64.1044478923011 0.159672396691962
3.75 4 24 25 61.71984293437433 0.1492015917807859
3.75 4 25 26 59.29818595199765 0.1395848072070693
3.75 4 26 27 56.87845703530894 0.130732463838969
3.75 4 27 28 54.48872500638558 0.1329217695320654
3.75 4 28 29 52.14892470237908 0.1356449338776541
3.75 4 29 30 49.87291148654299 0.1383977215011379
3.75 4 30 31 47.66999083786479 0.1410003735631237
3.75 4 31 32 45.54606351706056 0.1433505115453361
3.75 4 32 33 43.50448705771313 0.1453957919140926
3.75 4 33 34 41.54672648495162 0.1471155248116134
3.75 4 34 35 39.67284744451845 0.1485086005114835
3.75 4 35 36 37.88189083044803 0.1495856573969643
3.75 4 36 37 36.17215784753832 0.1503640401610392
3.75 4 37 38 34.5414270805111 0.1508645774364952
3.75 4 38 39 32.9871197289965 0.1511095406790086
3.75 4 39 40 31.50642518103395 0.1511213713354314
3.75 4 40 41 30.09639619368048 0.1509219058769931
3.75 4 41 42 28.75402066308173 0.1505319249771109
3.75 4 42 43 27.4762753788774 0.1499709115416099
3.75 4 43 44 26.26016589729391 0.1492569435544178
3.75 4 44 45 25.10275568038825 0.1484066717660317
3.75 4 45 46 24.00068736759399 0.1475060271114897
3.75 4 46 47 22.95207442631299 0.1468136958139193
3.75 4 47 48 21.95376145719869 0.1463435571114516
3.75 4 48 49 21.0032082276884 0.1460678199242755
3.75 4 49 50 20.0978078341489 0.1457755395519015
4 5 0 1 -1193.027106611798 3.751833378347204
4 5 1 2 -4846.404352754491 10.51121744177374
4 5 2 3 -2779.57882320861 6.691758528370514
4 5 3 4 -1456.150693314263 4.742627937290552
4 5 4 5 -754.8745624164651 3.454004543107688
4 5 5 6 -377.9005803740888 2.611414590288174
4 5 6 7 -166.9206917755971 2.080428721628834
4 5 7 8 -45.48117722874281 1.720781695279885
4 5 8 9 25.43083137245071 1.454060551481342
4 5 9 10 66.79875585193906 1.244973760469539
4 5 10 11 90.37056026807954 1.080499962078549
4 5 11 12 103.0171513311709 0.9488380218911363
4 5 12 13 108.8640498837833 0.8391606343824194
4 5 13 14 110.4284412723271 0.7450503494987889
4 5 14 15 109.2936610951363 0.6654990051396737
4 5 15 16 106.4819211644527 0.5982821290237004
4 5 16 17 102.6628216795012 0.5405274334472812
4 5 17 18 98.27458179307473 0.4898926665401031
4 5 18 19 93.60386544262207 0.4450875904759077
4 5 19 20 88.83895166359446 0.4054294949953325
4 5 20 21 84.10363680103535 0.3703382854031596
4 5 21 22 79.47835979561856 0.3391838208653641
4 5 22 23 75.01377046156068 0.3113559415781186
4 5 23 24 70.73994446901384 0.2863478997610612
4 5 24 25 66.67286547320353 0.2637740555055612
4 5 25 26 62.8189926702245 0.243340825647547
4 5 26 27 59.17843125502449 0.2248097416759337
4 5 27 28 55.74710456424259 0.2079732785145959
4 5 28 29 52.51823902170256 0.1926450553414387
4 5 29 30 49.48338694170411 0.1786581266387773
4 5 30 31 46.63313824343861 0.1658654293636116
4 5 31 32 43.95761830963366 0.1541394224648359
4 5 32 33 41.44683479849351 0.1433703656330086
4 5 33 34 39.09091559736004 0.1334637781125411
4 5 34 35 36.88026771949397 0.1243377712988828
4 5 35 36 34.80567896778982 0.1159207066336436
4 5 36 37 32.85837859673354 0.1081493449530851
4 5 37 38 31.03006901169304 0.1009674646775918
4 5 38 39 29.31293732463165 0.09432484368343939
4 5 39 40 27.69965313903349 0.0881764927300597
4 5 40 41 26.18335716482208 0.08248204724656934
4 5 41 42 24.75764386625976 0.07720525972194156
4 5 42 43 23.41654044515153 0.07231355481623378
4 5 43 44 22.15448378719821 0.06777763240609327
4 5 44 45 20.96629646683352 0.06357110776199731
4 5 45 46 19.84666913702901 0.06012016558146313
4 5 46 47 18.79176839786377 0.05903522492245954
4 5 47 48 17.79697828429036 0.06075124589006215
4 5 48 49 16.85847266400915 0.06467133153937307
4 5 49 50 15.97229560540072 0.06893329684842799
-5 5 0 50 -551031.783255123 97.80735653798612
