#ylo yhi qTlo qThi PDF0  uncertainty
-5 -4 0 1 -1167.841651446561 3.822553961712636
-5 -4 1 2 -4811.523443160779 10.69928211747053
-5 -4 2 3 -2776.382094498749 6.781067365562361
-5 -4 3 4 -1460.569598779671 4.779305059184078
-5 -4 4 5 -760.4214283824651 3.491195004168899
-5 -4 5 6 -382.8813687441052 2.658502267358972
-5 -4 6 7 -171.0291998198486 2.127227478741962
-5 -4 7 8 -48.78892518550197 1.762157835754139
-5 -4 8 9 22.7860027346278 1.489139592769436
-5 -4 9 10 64.6798661640504 1.274437992116974
-5 -4 10 11 88.66536271267921 1.105182673793546
-5 -4 11 12 101.6377834593849 0.9695806222340327
-5 -4 12 13 107.7408558766296 0.8559809158045466
-5 -4 13 14 109.5096783677149 0.7590275461011959
-5 -4 14 15 108.5377058836242 0.6768966544420528
-5 -4 15 16 105.856688780543 0.6074769460099929
-5 -4 16 17 102.1432242087345 0.5478386922431857
-5 -4 17 18 97.84086669964222 0.4955986475736335
-5 -4 18 19 93.24035270320013 0.4494261757351974
-5 -4 19 20 88.53309998635012 0.4085983269982106
-5 -4 20 21 83.84535147370366 0.3725009973093172
-5 -4 21 22 79.25946880039464 0.3404784392390233
-5 -4 22 23 74.82762074701645 0.3119010832599769
-5 -4 23 24 70.58108871429718 0.2862460606949113
-5 -4 24 25 66.53681900379129 0.2631134129463189
-5 -4 25 26 62.70204464963601 0.2421968275206704
-5 -4 26 27 59.07749732571497 0.2232468802577223
-5 -4 27 28 55.65961090322403 0.2060469002398316
-5 -4 28 29 52.44203028054724 0.1904029683741701
-5 -4 29 30 49.4166525477748 0.1761418918542222
-5 -4 30 31 46.57435300400262 0.1631113494200759
-5 -4 31 32 43.9054942807104 0.1511793047084298
-5 -4 32 33 41.40028209520474 0.1402321376466986
-5 -4 33 34 39.04901033526791 0.1301720094219052
-5 -4 34 35 36.84222566527711 0.1209141299442768
-5 -4 35 36 34.77083377767555 0.1123843638547481
-5 -4 36 37 32.82616375802399 0.1045173323472333
-5 -4 37 38 31.00000278690187 0.09725498739537909
-5 -4 38 39 29.28461014521324 0.0905455540752059
-5 -4 39 40 27.67271700712052 0.08434272819490397
-5 -4 40 41 26.15751671029121 0.07860503905954921
-5 -4 41 42 24.73264877647867 0.07329531638177773
-5 -4 42 43 23.39217903641315 0.0683802263111857
-5 -4 43 44 22.13057753150564 0.06382985722422078
-5 -4 44 45 20.94269531971699 0.05961734718605984
-5 -4 45 46 19.82324669273027 0.05617097233308897
-5 -4 46 47 18.76842020824661 0.05511925243884223
-5 -4 47 48 17.77361728783942 0.05670602949391595
-5 -4 48 49 16.83502727255685 0.0609024858732678
-5 -4 49 50 15.94870678593814 0.06546437255665494
-4 -3.75 0 1 -396.8292924769705 2.053748455506364
-4 -3.75 1 2 -4286.336672275935 29.51251775375058
-4 -3.75 2 3 -3010.454933752102 14.21205394677768
-4 -3.75 3 4 -1825.283381199974 8.529691272822328
-4 -3.75 4 5 -1106.815136163057 5.690847887368199
-4 -3.75 5 6 -675.7156248977585 4.042565330965328
-4 -3.75 6 7 -410.1878119211558 2.992552378773992
-4 -3.75 7 8 -242.2860409406719 2.280074073696897
-4 -3.75 8 9 -133.688264505967 1.773648768843052
-4 -3.75 9 10 -62.21146966474066 1.401852538708689
-4 -3.75 10 11 -14.69553535840384 1.118446794348894
-4 -3.75 11 12 16.94910059025062 0.908841000652152
-4 -3.75 12 13 38.43395265287018 0.7348971827143099
-4 -3.75 13 14 52.88494403761695 0.597362731598115
-4 -3.75 14 15 61.59192915131041 0.4914740879712392
-4 -3.75 15 16 67.14588880006863 0.4043258022336694
-4 -3.75 16 17 70.23246018167339 0.3339058221148379
-4 -3.75 17 18 71.57393409959252 0.2771547308447925
-4 -3.75 18 19 71.68125648282381 0.2318337053774339
-4 -3.75 19 20 70.91968274673485 0.2117061065270711
-4 -3.75 20 21 69.5525721478125 0.1966355921264251
-4 -3.75 21 22 67.77110019533319 0.1829459692725058
-4 -3.75 22 23 65.71472807135598 0.1704730443251905
-4 -3.75 23 24 63.48550035279459 0.1590767346290877
-4 -3.75 24 25 61.15815685458719 0.1486369024164375
-4 -3.75 25 26 58.78736462076358 0.139050005973936
-4 -3.75 26 27 56.41294266754187 0.1302263904290992
-4 -3.75 27 28 54.06367092349552 0.1258454176688546
-4 -3.75 28 29 51.76008968085816 0.1282434726246972
-4 -3.75 29 30 49.51657203851474 0.1308381442354801
-4 -3.75 30 31 47.34286804332407 0.1333994460623846
-4 -3.75 31 32 45.24526170838658 0.1357886427268433
-4 -3.75 32 33 43.22744219980353 0.137927660011889
-4 -3.75 33 34 41.29116252222975 0.1397777626447642
-4 -3.75 34 35 39.43673922432032 0.1413252101429328
-4 -3.75 35 36 37.66343248206374 0.1425717867492674
-4 -3.75 36 37 35.96973570596182 0.1435286138786742
-4 -3.75 37 38 34.35359641570535 0.1442121361314042
-4 -3.75 38 39 32.81258467420348 0.1446415341875567
-4 -3.75 39 40 31.34402136308404 0.1448370743745717
-4 -3.75 40 41 29.94507565390428 0.1448190709466572
-4 -3.75 41 42 28.61283872812055 0.1446072510261014
-4 -3.75 42 43 27.34437919782043 0.1442203820717251
-4 -3.75 43 44 26.13678440727074 0.1436760720197984
-4 -3.75 44 45 24.98719080108078 0.1429906800031084
-4 -3.75 45 46 23.8923081724362 0.1422523226415793
-4 -3.75 46 47 22.85030694328268 0.1417275405616651
-4 -3.75 47 48 21.8580858170935 0.1414300786920411
-4 -3.75 48 49 20.91315126611269 0.1413310310100947
-4 -3.75 49 50 20.01294149449661 0.1412124025144506
-3.75 -3.5 0 1 108.26188717988 1.796332692569445
-3.75 -3.5 1 2 -5005.149676778225 25.51139646594277
-3.75 -3.5 2 3 -3967.083073500474 17.38602175098547
-3.75 -3.5 3 4 -2535.374413490158 12.46231263324004
-3.75 -3.5 4 5 -1607.364999002305 9.432358038328932
-3.75 -3.5 5 6 -1027.667725854601 7.424372274235793
-3.75 -3.5 6 7 -659.4600742617556 6.013581308271056
-3.75 -3.5 7 8 -420.1571744352495 4.977500524870416
-3.75 -3.5 8 9 -261.2196554069099 4.190147273224244
-3.75 -3.5 9 10 -153.6790218423712 3.57558457430662
-3.75 -3.5 10 11 -79.81162617910854 3.084559034704966
-3.75 -3.5 11 12 -28.41272811396448 2.687052192075253
-3.75 -3.5 12 13 7.35630126138085 2.357321978727447
-3.75 -3.5 13 14 32.18050439081776 2.082872524502427
-3.75 -3.5 14 15 49.47861570302848 1.850739569636207
-3.75 -3.5 15 16 61.3077825709596 1.652709476324012
-3.75 -3.5 16 17 69.18474417240577 1.482340407420804
-3.75 -3.5 17 18 74.18505569017623 1.334671544248122
-3.75 -3.5 18 19 77.0815020615496 1.205826328299454
-3.75 -3.5 19 20 78.43568480489932 1.092735786864544
-3.75 -3.5 20 21 78.65974609219228 0.9929417833128541
-3.75 -3.5 21 22 78.05866741872074 0.904454629996413
-3.75 -3.5 22 23 76.85969927460275 0.8256484042613588
-3.75 -3.5 23 24 75.23312088710304 0.7551828772723473
-3.75 -3.5 24 25 73.30706838269106 0.6919445288761256
-3.75 -3.5 25 26 71.17824707021219 0.6350014508799543
-3.75 -3.5 26 27 68.9197505908258 0.5835684914979109
-3.75 -3.5 27 28 66.58682208779703 0.5369800443183137
-3.75 -3.5 28 29 64.22113545833855 0.4946686077501281
-3.75 -3.5 29 30 61.85400158214225 0.4561477462098854
-3.75 -3.5 30 31 59.50878645037443 0.4209984410771919
-3.75 -3.5 31 32 57.20274656733466 0.3888580757118592
-3.75 -3.5 32 33 54.94843008103666 0.3594114849779369
-3.75 -3.5 33 34 52.75475192609665 0.3323836345315297
-3.75 -3.5 34 35 50.62782262380912 0.3075335972337782
-3.75 -3.5 35 36 48.57158976656328 0.2846495682423861
-3.75 -3.5 36 37 46.58833625489737 0.2635447179073525
-3.75 -3.5 37 38 44.67906842998332 0.2440537237786945
-3.75 -3.5 38 39 42.84381915523619 0.2260298572183136
-3.75 -3.5 39 40 41.08188489900226 0.2093425246981363
-3.75 -3.5 40 41 39.39201146091285 0.1938751839920012
-3.75 -3.5 41 42 37.77253949471272 0.1795235714562411
-3.75 -3.5 42 43 36.22151853967097 0.1661941880639058
-3.75 -3.5 43 44 34.73679629230432 0.1538030019089519
-3.75 -3.5 44 45 33.3160883372892 0.1422743331733742
-3.75 -3.5 45 46 31.95636186695532 0.1316544451993074
-3.75 -3.5 46 47 30.65643873691447 0.1223346735003093
-3.75 -3.5 47 48 29.41324870435207 0.1143842621287246
-3.75 -3.5 48 49 28.22442267626123 0.1078022039982396
-3.75 -3.5 49 50 27.08744250188251 0.1021691302033797
-3.5 -3.25 0 1 776.0405678471724 0.4700381351049892
-3.5 -3.25 1 2 -5198.38900140957 19.06342286732014
-3.5 -3.25 2 3 -4637.038199716281 15.63385080908044
-3.5 -3.25 3 4 -3091.038734857247 11.93296654026083
-3.5 -3.25 4 5 -2025.548867793701 9.362265937574444
-3.5 -3.25 5 6 -1337.663209624639 7.556152947232262
-3.5 -3.25 6 7 -890.0321020765414 6.240238902416319
-3.5 -3.25 7 8 -592.9637520795407 5.24863820055368
-3.5 -3.25 8 9 -391.6951567506644 4.480142203463578
-3.5 -3.25 9 10 -252.7480630812472 3.870490258181795
-3.5 -3.25 10 11 -155.2967909004324 3.377474197889601
-3.5 -3.25 11 12 -86.15629243937769 2.972168742636713
-3.5 -3.25 12 13 -36.66129914588214 2.634436062454688
-3.5 -3.25 13 14 -1.039012759582874 2.349601551299954
-3.5 -3.25 14 15 24.6209926101601 2.10691132090087
-3.5 -3.25 15 16 43.04107077199035 1.898262269728009
-3.5 -3.25 16 17 56.14343215214774 1.717451923535727
-3.5 -3.25 17 18 65.30592265911287 1.559659181762499
-3.5 -3.25 18 19 71.52941848038938 1.421085092972306
-3.5 -3.25 19 20 75.54953127706119 1.298699274659421
-3.5 -3.25 20 21 77.91249718577967 1.19005763435905
-3.5 -3.25 21 22 79.02758479266947 1.093169182910779
-3.5 -3.25 22 23 79.20383259131256 1.00639726579452
-3.5 -3.25 23 24 78.67615502552616 0.9283853238306348
-3.5 -3.25 24 25 77.62412593542297 0.8580004002540539
-3.5 -3.25 25 26 76.18564762793756 0.7942896636640507
-3.5 -3.25 26 27 74.46700189080457 0.7364465989320228
-3.5 -3.25 27 28 72.55031106694014 0.6837844628790388
-3.5 -3.25 28 29 70.49912495154967 0.6357152579974915
-3.5 -3.25 29 30 68.36263769831578 0.5917329394727663
-3.5 -3.25 30 31 66.17889402171039 0.5513998997059737
-3.5 -3.25 31 32 63.9772432892529 0.5143360129756589
-3.5 -3.25 32 33 61.78022946088686 0.4802096953963793
-3.5 -3.25 33 34 59.60505473245371 0.448730563680191
-3.5 -3.25 34 35 57.46471883603689 0.4196433713183335
-3.5 -3.25 35 36 55.36890999074248 0.3927229718813516
-3.5 -3.25 36 37 53.32470454994589 0.367770113735797
-3.5 -3.25 37 38 51.33711850377523 0.3446079116001164
-3.5 -3.25 38 39 49.40954364999115 0.3230788720237391
-3.5 -3.25 39 40 47.54409353707595 0.303042375014599
-3.5 -3.25 40 41 45.7418785910352 0.2843725326575345
-3.5 -3.25 41 42 44.00322530358835 0.2669563611830187
-3.5 -3.25 42 43 42.3278511924546 0.2506922147816302
-3.5 -3.25 43 44 40.715004616632 0.2354884387162323
-3.5 -3.25 44 45 39.16357656933613 0.2212622069241957
-3.5 -3.25 45 46 37.67138848151971 0.2080304382153829
-3.5 -3.25 46 47 36.23835007775436 0.1960803212348609
-3.5 -3.25 47 48 34.86194505893837 0.1854320988252942
-3.5 -3.25 48 49 33.54037526270062 0.1760536454570543
-3.5 -3.25 49 50 32.27159149255006 0.1675876751374295
-3.25 -3 0 1 1490.829511845624 1.387780655448296
-3.25 -3 1 2 -5012.377468016073 8.59226709823063
-3.25 -3 2 3 -5041.182583832275 9.708236001871368
-3.25 -3 3 4 -3482.174887760155 8.030600052068362
-3.25 -3 4 5 -2342.446558272194 6.572496127664014
-3.25 -3 5 6 -1585.266574005495 5.456371920655391
-3.25 -3 6 7 -1082.531494805001 4.602949804992878
-3.25 -3 7 8 -743.2261379039892 3.938704938217544
-3.25 -3 8 9 -509.7385592732421 3.411465801143168
-3.25 -3 9 10 -346.1233033503693 2.985347049323875
-3.25 -3 10 11 -229.6415465055991 2.635122286045125
-3.25 -3 11 12 -145.5716193188105 2.343654340002032
-3.25 -3 12 13 -84.31734186209269 2.097871613037168
-3.25 -3 13 14 -39.35003496018021 1.888472947464724
-3.25 -3 14 15 -6.195884358958665 1.708408093195806
-3.25 -3 15 16 18.27792914178031 1.552292188561945
-3.25 -3 16 17 36.30211192477873 1.415949334866258
-3.25 -3 17 18 49.48891521933319 1.296096479686839
-3.25 -3 18 19 59.01919635300123 1.190120387352884
-3.25 -3 19 20 65.76812600782523 1.095917558816226
-3.25 -3 20 21 70.39115197174067 1.011777498429676
-3.25 -3 21 22 73.38373557817624 0.9362963423518075
-3.25 -3 22 23 75.12347785683551 0.8683120899525144
-3.25 -3 23 24 75.90022950377784 0.8068554339118543
-3.25 -3 24 25 75.93787915315045 0.7511120057325703
-3.25 -3 25 26 75.41029883592347 0.7003930813313268
-3.25 -3 26 27 74.45313493428506 0.654112629264467
-3.25 -3 27 28 73.17261031578846 0.6117691657591863
-3.25 -3 28 29 71.6521529899365 0.572931289327948
-3.25 -3 29 30 69.95742823842988 0.5372260584571048
-3.25 -3 30 31 68.14018718666699 0.5043295854874107
-3.25 -3 31 32 66.24123034763244 0.4739593718244818
-3.25 -3 32 33 64.29270406479804 0.4458680222322541
-3.25 -3 33 34 62.31989037396306 0.4198380592163037
-3.25 -3 34 35 60.34260950990824 0.3956776202424575
-3.25 -3 35 36 58.37632430123358 0.3732168691797323
-3.25 -3 36 37 56.43301374093588 0.3523049875749711
-3.25 -3 37 38 54.52186685260108 0.3328076407671436
-3.25 -3 38 39 52.6498358914593 0.314604833758312
-3.25 -3 39 40 50.82207888244994 0.2975890894541018
-3.25 -3 40 41 49.04231478906283 0.2816638943851446
-3.25 -3 41 42 47.31310925848226 0.26674236767687
-3.25 -3 42 43 45.63610512993122 0.2527461166976446
-3.25 -3 43 44 44.01220875672297 0.2396042502803477
-3.25 -3 44 45 42.44174085975166 0.2272525244736983
-3.25 -3 45 46 40.92366675244597 0.21573535835747
-3.25 -3 46 47 39.45914572010028 0.2053914184415237
-3.25 -3 47 48 38.04649144703063 0.1962514830818056
-3.25 -3 48 49 36.68470276088276 0.1882845465737318
-3.25 -3 49 50 35.37242128694854 0.1811011779943923
-3 -2.75 0 1 2169.864293612291 2.296785197561435
-3 -2.75 1 2 -4639.021830458684 3.365996006489997
-3 -2.75 2 3 -5261.741605151748 5.507517351103339
-3 -2.75 3 4 -3742.797679528988 4.844693292320805
-3 -2.75 4 5 -2569.344158991562 4.083876773074551
-3 -2.75 5 6 -1770.866219371175 3.454909089431605
-3 -2.75 6 7 -1232.124792371761 2.954905441484566
-3 -2.75 7 8 -863.7207999156849 2.556070654846844
-3 -2.75 8 9 -607.2173371525282 2.233689083122657
-3 -2.75 9 10 -425.4252376580982 1.969743204955788
-3 -2.75 10 11 -294.4868959342614 1.750341789788755
-3 -2.75 11 12 -198.9269561223109 1.565962867242612
-3 -2.75 12 13 -128.4136758512363 1.409284244450509
-3 -2.75 13 14 -75.94142924928701 1.274861681425819
-3 -2.75 14 15 -36.65983373832432 1.158547169422029
-3 -2.75 15 16 -7.149416627159326 1.057134517474996
-3 -2.75 16 17 15.04039249745233 0.9681120529695992
-3 -2.75 17 18 31.69190898547095 0.8894877257477466
-3 -2.75 18 19 44.11866972500127 0.819663624038073
-3 -2.75 19 20 53.30023200714982 0.7573446458562585
-3 -2.75 20 21 59.97483328944429 0.7014711105381665
-3 -2.75 21 22 64.70409651004343 0.6511683873233878
-3 -2.75 22 23 67.91887425190612 0.6057087840809849
-3 -2.75 23 24 69.95216462316216 0.5644823844920934
-3 -2.75 24 25 71.06303514695094 0.5269744964945113
-3 -2.75 25 26 71.45420711432939 0.4927480412306479
-3 -2.75 26 27 71.285114234552 0.4614296741030524
-3 -2.75 27 28 70.68169275349595 0.4326987533161857
-3 -2.75 28 29 69.74378562542921 0.4062785016606364
-3 -2.75 29 30 68.55078750131997 0.3819288727239564
-3 -2.75 30 31 67.16598071978086 0.3594407524558938
-3 -2.75 31 32 65.63988884838142 0.3386312148424677
-3 -2.75 32 33 64.01288694855072 0.3193396169000172
-3 -2.75 33 34 62.31724532559122 0.3014243650175274
-3 -2.75 34 35 60.57873847829569 0.2847602231765357
-3 -2.75 35 36 58.81791816910487 0.2692360604666665
-3 -2.75 36 37 57.05112543672902 0.2547529568828759
-3 -2.75 37 38 55.2912985829542 0.2412226033149543
-3 -2.75 38 39 53.54862083540937 0.2285659440116674
-3 -2.75 39 40 51.83104137151682 0.2167120201616267
-3 -2.75 40 41 50.14469595675419 0.2055969802070677
-3 -2.75 41 42 48.49424747537708 0.1951632310769861
-3 -2.75 42 43 46.8831624601188 0.1853587060177704
-3 -2.75 43 44 45.31393618094938 0.1761362322339543
-3 -2.75 44 45 43.78827626638923 0.1674529818640951
-3 -2.75 45 46 42.30629920690876 0.1594243341850934
-3 -2.75 46 47 40.87034974758231 0.1526014608374143
-3 -2.75 47 48 39.47961016577659 0.1470633639409519
-3 -2.75 48 49 38.13389611899635 0.1427844020591202
-3 -2.75 49 50 36.8325691742086 0.1392004813774068
-2.75 -2.5 0 1 2786.779836102578 2.629538609396342
-2.75 -2.5 1 2 -4199.498299736493 1.085361982511334
-2.75 -2.5 2 3 -5372.593480768647 2.262857605299734
-2.75 -2.5 3 4 -3915.541862133202 2.337547606039487
-2.75 -2.5 4 5 -2730.712675263613 2.114945440098604
-2.75 -2.5 5 6 -1908.194996069471 1.87004702240676
-2.75 -2.5 6 7 -1346.063458280383 1.651340355911353
-2.75 -2.5 7 8 -957.7158644636957 1.464301096724443
-2.75 -2.5 8 9 -684.8684632819459 1.306202415079085
-2.75 -2.5 9 10 -489.8393245311545 1.171986996367455
-2.75 -2.5 10 11 -348.1677494453597 1.057057921030342
-2.75 -2.5 11 12 -243.8918833785526 0.9582868055684433
-2.75 -2.5 12 13 -166.2572896453655 0.8726762056257606
-2.75 -2.5 13 14 -107.9311144613732 0.7979553837822578
-2.75 -2.5 14 15 -63.80776708263761 0.7323159013534816
-2.75 -2.5 15 16 -30.2689291252675 0.6743094065921486
-2.75 -2.5 16 17 -4.708563145508606 0.6227674136620699
-2.75 -2.5 17 18 14.77787537066706 0.5767397377008613
-2.75 -2.5 18 19 29.60064594147241 0.5354475412751853
-2.75 -2.5 19 20 40.81636630443018 0.4982474796865073
-2.75 -2.5 20 21 49.2250862711245 0.4646041901580711
-2.75 -2.5 21 22 55.43833721508531 0.434069043308367
-2.75 -2.5 22 23 59.92752300589632 0.4062636107368142
-2.75 -2.5 23 24 63.05878751513217 0.380866703661523
-2.75 -2.5 24 25 65.11844415590224 0.357604133018291
-2.75 -2.5 25 26 66.33172979415679 0.3362405594081049
-2.75 -2.5 26 27 66.87677806947761 0.3165729594968529
-2.75 -2.5 27 28 66.89512957571708 0.2984253514066663
-2.75 -2.5 28 29 66.49970650253533 0.2816445087470755
-2.75 -2.5 29 30 65.7809123273376 0.2660964557642133
-2.75 -2.5 30 31 64.81133233893763 0.2516635836658802
-2.75 -2.5 31 32 63.64938103084967 0.238242265546753
-2.75 -2.5 32 33 62.34215048039897 0.2257408714760497
-2.75 -2.5 33 34 60.92764800576026 0.2140781098036406
-2.75 -2.5 34 35 59.43656376569436 0.2031816329353937
-2.75 -2.5 35 36 57.89367421631459 0.1929868608343575
-2.75 -2.5 36 37 56.31896173406761 0.1834359835386285
-2.75 -2.5 37 38 54.72851178211482 0.1744771121238903
-2.75 -2.5 38 39 53.13523475548499 0.1660635526069615
-2.75 -2.5 39 40 51.54944894832659 0.1581531838200735
-2.75 -2.5 40 41 49.97935309175389 0.1507079208282185
-2.75 -2.5 41 42 48.43141051801499 0.1436932520792184
-2.75 -2.5 42 43 46.91066249432527 0.1370778376745329
-2.75 -2.5 43 44 45.4209844477092 0.1308331605301958
-2.75 -2.5 44 45 43.96529600824604 0.1249332214672417
-2.75 -2.5 45 46 42.54473579920008 0.1195787043470415
-2.75 -2.5 46 47 41.16267564172469 0.1155932870252502
-2.75 -2.5 47 48 39.81908255408686 0.1130918791972887
-2.75 -2.5 48 49 38.51450496986405 0.1120166913956282
-2.75 -2.5 49 50 37.2489543035378 0.1115508764374988
-2.5 -2.25 0 1 3341.58015368342 1.830897050565939
-2.5 -2.25 1 2 -3762.714796122746 0.9473732680300897
-2.5 -2.25 2 3 -5429.435171655143 1.681573644134581
-2.5 -2.25 3 4 -4036.262893306045 1.55044016047044
-2.5 -2.25 4 5 -2849.304304572586 1.366909405069082
-2.5 -2.25 5 6 -2011.795308797796 1.203333972014253
-2.5 -2.25 6 7 -1433.675529424253 1.068837210768123
-2.5 -2.25 7 8 -1031.150411448583 0.9652845219905614
-2.5 -2.25 8 9 -746.3942673940669 0.874160405318659
-2.5 -2.25 9 10 -541.5394259761024 0.7942707763532322
-2.5 -2.25 10 11 -391.7827771034779 0.7237531636647108
-2.5 -2.25 11 12 -280.8575117391301 0.6619837846279584
-2.5 -2.25 12 13 -197.7300977613302 0.6074861468233632
-2.5 -2.25 13 14 -134.8443448275721 0.5591964452242736
-2.5 -2.25 14 15 -86.91627319982535 0.5162183801465225
-2.5 -2.25 15 16 -50.18594996768184 0.4778023730374282
-2.5 -2.25 16 17 -21.93490599434108 0.4433223147611953
-2.5 -2.25 17 18 -0.1690481414759688 0.4122542260461056
-2.5 -2.25 18 19 16.59354424825665 0.3841580457403626
-2.5 -2.25 19 20 29.46714796061917 0.3586625778920542
-2.5 -2.25 20 21 39.29846989731436 0.3354532295050734
-2.5 -2.25 21 22 46.7370107876153 0.3142620813252386
-2.5 -2.25 22 23 52.28524546027563 0.2948598578158563
-2.5 -2.25 23 24 56.33487961273386 0.2770494248817295
-2.5 -2.25 24 25 59.19336355575797 0.2606605089274968
-2.5 -2.25 25 26 61.10349700022527 0.2455453920322595
-2.5 -2.25 26 27 62.25807398670145 0.2315753868427416
-2.5 -2.25 27 28 62.81092623013808 0.2186379380499144
-2.5 -2.25 28 29 62.88532339782716 0.2066342262630214
-2.5 -2.25 29 30 62.58041444586485 0.1954771791699976
-2.5 -2.25 30 31 61.97620380391521 0.1850898122152346
-2.5 -2.25 31 32 61.13742230398856 0.1754038385984831
-2.5 -2.25 32 33 60.11655768849681 0.1663584991716533
-2.5 -2.25 33 34 58.95624134137267 0.1578995736045951
-2.5 -2.25 34 35 57.6911384286949 0.1499785412127548
-2.5 -2.25 35 36 56.34945251099543 0.1425518658578329
-2.5 -2.25 36 37 54.95412899303267 0.1355803850213063
-2.5 -2.25 37 38 53.5238220223228 0.1290287841484659
-2.5 -2.25 38 39 52.07367455090389 0.1228651454567937
-2.5 -2.25 39 40 50.61595007116961 0.1170605571162772
-2.5 -2.25 40 41 49.16054615084221 0.1115887745994627
-2.5 -2.25 41 42 47.71541315891844 0.1064259261510688
-2.5 -2.25 42 43 46.28689683865346 0.1015502567604783
-2.5 -2.25 43 44 44.88001933141211 0.09694190258684542
-2.5 -2.25 44 45 43.49871031989127 0.09258269486873955
-2.5 -2.25 45 46 42.14496414296087 0.08878226622468012
-2.5 -2.25 46 47 40.82300948360503 0.08674605709279658
-2.5 -2.25 47 48 39.53347526293823 0.08660999127018364
-2.5 -2.25 48 49 38.27752856069466 0.08821653107282944
-2.5 -2.25 49 50 37.05573057860653 0.09310529786850452
-2.25 -2 0 1 3844.935435685089 1.061605634125037
-2.25 -2 1 2 -3357.531551933643 0.8664347544615256
-2.25 -2 2 3 -5477.554732763851 1.655692364991229
-2.25 -2 3 4 -4143.500662192341 1.531855366417329
-2.25 -2 4 5 -2953.521029446495 1.350286735486578
-2.25 -2 5 6 -2101.261243313644 1.189536628949315
-2.25 -2 6 7 -1507.964459147088 1.054832531757947
-2.25 -2 7 8 -1092.327866525715 0.9416732157393924
-2.25 -2 8 9 -796.7977144945676 0.8470523296199021
-2.25 -2 9 10 -583.2160485222935 0.7648696155495975
-2.25 -2 10 11 -426.3944433615779 0.6950243066817657
-2.25 -2 11 12 -309.7416437980082 0.6340984359029879
-2.25 -2 12 13 -221.9438693851575 0.5807706449710356
-2.25 -2 13 14 -155.2273970771935 0.5337793788579945
-2.25 -2 14 15 -104.1386767245754 0.4921217061403874
-2.25 -2 15 16 -64.78573136316322 0.4549913082667912
-2.25 -2 16 17 -34.34689328758509 0.42173320416328
-2.25 -2 17 18 -10.74694719488662 0.3918102874495114
-2.25 -2 18 19 7.560221302592709 0.3647782753488687
-2.25 -2 19 20 21.74003718347308 0.3402667265935299
-2.25 -2 20 21 32.68023787915138 0.3179644883832455
-2.25 -2 21 22 41.06345298589463 0.2976084286388277
-2.25 -2 22 23 47.41907146595179 0.2789746181165671
-2.25 -2 23 24 52.16079126421175 0.2618713731585496
-2.25 -2 24 25 55.6141309676317 0.2461337171720322
-2.25 -2 25 26 58.03681037027991 0.2316189387209736
-2.25 -2 26 27 59.63400272299771 0.2182029991094412
-2.25 -2 27 28 60.56985671412372 0.2057776121129002
-2.25 -2 28 29 60.97627638918095 0.1942478490042825
-2.25 -2 29 30 60.95966542877977 0.183530166432575
-2.25 -2 30 31 60.60614645732761 0.1735507701165942
-2.25 -2 31 32 59.9856281377505 0.1642442521570149
-2.25 -2 32 33 59.15499476407354 0.1555524479778025
-2.25 -2 33 34 58.16062261762016 0.1474234748110771
-2.25 -2 34 35 57.04037621084296 0.1398109173305235
-2.25 -2 35 36 55.8252001157669 0.1326731370182414
-2.25 -2 36 37 54.54039439746458 0.1259726811900954
-2.25 -2 37 38 53.20664115004058 0.1196757784691519
-2.25 -2 38 39 51.84083415011867 0.113751904077501
-2.25 -2 39 40 50.45675197069522 0.1081734049251092
-2.25 -2 40 41 49.0656061594093 0.1029151747057447
-2.25 -2 41 42 47.67648905620206 0.09795437278984549
-2.25 -2 42 43 46.2967408761898 0.09327017783291471
-2.25 -2 43 44 44.93225143903584 0.0888435736219505
-2.25 -2 44 45 43.58770885312487 0.08465716111143366
-2.25 -2 45 46 42.26573623550254 0.08135310612079895
-2.25 -2 46 47 40.97121205895075 0.08132978769485959
-2.25 -2 47 48 39.70524124024445 0.0846511833071262
-2.25 -2 48 49 38.46944046795318 0.09069599580756893
-2.25 -2 49 50 37.26476624380564 0.09708957659368153
-2 -1.75 0 1 4317.61569109526 1.077179166038992
-2 -1.75 1 2 -2957.645067068695 2.625483674670822
-2 -1.75 2 3 -5489.993370125504 2.795617142774678
-2 -1.75 3 4 -4219.41592800647 2.321850152387681
-2 -1.75 4 5 -3036.617511853033 1.924495836540373
-2 -1.75 5 6 -2178.194895771639 1.62207236675716
-2 -1.75 6 7 -1575.796976089619 1.39005026199945
-2 -1.75 7 8 -1151.107596333272 1.208056193782752
-2 -1.75 8 9 -847.4503924022247 1.061881120001756
-2 -1.75 9 10 -626.848472090051 0.9428700140212862
-2 -1.75 10 11 -464.0337594202783 0.8433587573772438
-2 -1.75 11 12 -342.3130895079282 0.7595704809341125
-2 -1.75 12 13 -250.2280440981494 0.6880215769487749
-2 -1.75 13 14 -179.8786683880389 0.6262883261126519
-2 -1.75 14 15 -125.7025522447786 0.5725455653851337
-2 -1.75 15 16 -83.71651798725316 0.5253929366270376
-2 -1.75 16 17 -51.02349603305356 0.4837380406258233
-2 -1.75 17 18 -25.48626242185878 0.4467160847518277
-2 -1.75 18 19 -5.507762957307477 0.4136334517055167
-2 -1.75 19 20 10.11932862907929 0.3839272918161937
-2 -1.75 20 21 22.31730716709296 0.3571360701990773
-2 -1.75 21 22 31.7973989674407 0.3328777487001364
-2 -1.75 22 23 39.11274588865695 0.3108333866545813
-2 -1.75 23 24 44.69685263767326 0.2907346469790339
-2 -1.75 24 25 48.89181925889284 0.2723541638621955
-2 -1.75 25 26 51.96930118009595 0.25549803203632
-2 -1.75 26 27 54.1462284458853 0.2399998919729346
-2 -1.75 27 28 55.59670521802252 0.2257162271333815
-2 -1.75 28 29 56.46109598299915 0.2125225935405868
-2 -1.75 29 30 56.85301927515002 0.2003105718893667
-2 -1.75 30 31 56.86477092117298 0.1889852855497468
-2 -1.75 31 32 56.57155851730278 0.178463365771496
-2 -1.75 32 33 56.03482892277856 0.1686712725586379
-2 -1.75 33 34 55.30489865995082 0.1595438999989202
-2 -1.75 34 35 54.42304481155816 0.1510234126147
-2 -1.75 35 36 53.42317569025863 0.1430582685899368
-2 -1.75 36 37 52.33317216601375 0.1356023952545854
-2 -1.75 37 38 51.17596945611251 0.1286144908836391
-2 -1.75 38 39 49.97043326312109 0.1220574304720106
-2 -1.75 39 40 48.73207211062044 0.1158977570589934
-2 -1.75 40 41 47.47361872241112 0.1101052461075601
-2 -1.75 41 42 46.20550601574035 0.1046525296268736
-2 -1.75 42 43 44.93625817344883 0.09951477141608668
-2 -1.75 43 44 43.67281284312034 0.09466938553717585
-2 -1.75 44 45 42.42078734186242 0.09009579107617852
-2 -1.75 45 46 41.18360620460589 0.08614351506831185
-2 -1.75 46 47 39.96692807936657 0.08418810456809489
-2 -1.75 47 48 38.77248908940524 0.08441290796032887
-2 -1.75 48 49 37.60249108959283 0.09089900516605642
-2 -1.75 49 50 36.45841172858124 0.09776201448836302
-1.75 -1.5 0 1 4745.615300443655 0.9389162246251586
-1.75 -1.5 1 2 -2581.153222520931 0.7059686588728665
-1.75 -1.5 2 3 -5487.069575868311 1.66323286101521
-1.75 -1.5 3 4 -4266.073324402043 1.610649146359976
-1.75 -1.5 4 5 -3085.360870024613 1.443621239081562
-1.75 -1.5 5 6 -2220.493050557788 1.275404517320038
-1.75 -1.5 6 7 -1610.89610037367 1.127224927465224
-1.75 -1.5 7 8 -1179.906163139944 1.000888637838141
-1.75 -1.5 8 9 -871.060000741154 0.8936375749498029
-1.75 -1.5 9 10 -646.2569140890105 0.8032123788809338
-1.75 -1.5 10 11 -480.0531763008335 0.7251286810718955
-1.75 -1.5 11 12 -355.5884862850808 0.658094542645522
-1.75 -1.5 12 13 -261.2726523678664 0.5999029679637883
-1.75 -1.5 13 14 -189.1007812190373 0.5490278106657619
-1.75 -1.5 14 15 -133.4284905929785 0.5042555315140721
-1.75 -1.5 15 16 -90.20856547219523 0.4646156790013448
-1.75 -1.5 16 17 -56.49369867287396 0.4293262632246289
-1.75 -1.5 17 18 -30.10702142242076 0.3977519097530179
-1.75 -1.5 18 19 -9.419991749557084 0.369372043615167
-1.75 -1.5 19 20 6.799887152700194 0.3437566803422359
-1.75 -1.5 20 21 19.49515532122427 0.3205479131107911
-1.75 -1.5 21 22 29.39341731309798 0.2994456623801046
-1.75 -1.5 22 23 37.06113640089006 0.280196615904436
-1.75 -1.5 23 24 42.94270647238386 0.2625855780032979
-1.75 -1.5 24 25 47.38916961891255 0.2464286475975097
-1.75 -1.5 25 26 50.67955561991675 0.2315677967460518
-1.75 -1.5 26 27 53.03689997762376 0.2178665258287719
-1.75 -1.5 27 28 54.6403802195606 0.2052063617660931
-1.75 -1.5 28 29 55.63459088644902 0.1934840106097571
-1.75 -1.5 29 30 56.13668858492531 0.1826090306382787
-1.75 -1.5 30 31 56.24193716510968 0.1725019166947082
-1.75 -1.5 31 32 56.02804091008136 0.1630925164069904
-1.75 -1.5 32 33 55.55855230400442 0.1543187097528935
-1.75 -1.5 33 34 54.88556797918341 0.146125306786857
-1.75 -1.5 34 35 54.05187334524658 0.1384631189744352
-1.75 -1.5 35 36 53.09265746586306 0.1312881756948913
-1.75 -1.5 36 37 52.03689087952199 0.1245610596359087
-1.75 -1.5 37 38 50.90843761627281 0.1182463395217743
-1.75 -1.5 38 39 49.72695644618148 0.1123120858529925
-1.75 -1.5 39 40 48.50863413576644 0.1067294549544301
-1.75 -1.5 40 41 47.26678430934999 0.1014723291848591
-1.75 -1.5 41 42 46.01233808350241 0.09651700833785605
-1.75 -1.5 42 43 44.75424743882985 0.09184193902202643
-1.75 -1.5 43 44 43.49981777307988 0.08742748130396306
-1.75 -1.5 44 45 42.25498284080686 0.08325570416002258
-1.75 -1.5 45 46 41.02340815926706 0.08001815149129501
-1.75 -1.5 46 47 39.81104782109958 0.08029933771295976
-1.75 -1.5 47 48 38.61980875372979 0.08417970871099217
-1.75 -1.5 48 49 37.45206751715352 0.09100273308587879
-1.75 -1.5 49 50 36.30945797833624 0.09821107969852841
-1.5 -1.25 0 1 5149.81232812001 3.266773480912422
-1.5 -1.25 1 2 -2205.392174118199 4.066495752550222
-1.5 -1.25 2 3 -5465.32224221598 1.659027059573875
-1.5 -1.25 3 4 -4302.741979583854 1.584892392529889
-1.5 -1.25 4 5 -3132.239086666713 1.412587802784933
-1.5 -1.25 5 6 -2265.923455586603 1.247802534333182
-1.5 -1.25 6 7 -1651.886321868544 1.10547959236044
-1.5 -1.25 7 8 -1215.975668030029 0.9848059318880461
-1.5 -1.25 8 9 -902.516493417399 0.8832987997218216
-1.5 -1.25 9 10 -673.6258832377189 0.7955428949768105
-1.5 -1.25 10 11 -503.8805034015909 0.7211687724397798
-1.5 -1.25 11 12 -376.3821740968224 0.6565445423271689
-1.5 -1.25 12 13 -279.4750817780416 0.6002084714499291
-1.5 -1.25 13 14 -205.0900152690681 0.5507566087195537
-1.5 -1.25 14 15 -147.5243095402243 0.5070719942066372
-1.5 -1.25 15 16 -102.6803654016226 0.4682589717843547
-1.5 -1.25 16 17 -67.56828079271759 0.4335930855044324
-1.5 -1.25 17 18 -39.97555705684931 0.4024832118232078
-1.5 -1.25 18 19 -18.24398175374017 0.3744429188308204
-1.5 -1.25 19 20 -1.116377135956782 0.3490686943532003
-1.5 -1.25 20 21 12.37034482595641 0.3260232697988755
-1.5 -1.25 21 22 22.96092962304851 0.305022748297851
-1.5 -1.25 22 23 31.23617677779134 0.2858265770954932
-1.5 -1.25 23 24 37.65250630327876 0.2682296744956164
-1.5 -1.25 24 25 42.57108033050667 0.2520561953160599
-1.5 -1.25 25 26 46.27947212727497 0.2393349141742779
-1.5 -1.25 26 27 49.00795299801155 0.227707419761267
-1.5 -1.25 27 28 50.94184828708114 0.2168411868272385
-1.5 -1.25 28 29 52.23099230717844 0.2066722325070567
-1.5 -1.25 29 30 52.99702116258413 0.1971430449805828
-1.5 -1.25 30 31 53.33903964147964 0.1882018520512861
-1.5 -1.25 31 32 53.33805496630544 0.1798019733378931
-1.5 -1.25 32 33 53.06046790393583 0.1719012490937966
-1.5 -1.25 33 34 52.56083800043132 0.16446153622376
-1.5 -1.25 34 35 51.88408599093151 0.1574482657442773
-1.5 -1.25 35 36 51.06725700821698 0.1508300534620093
-1.5 -1.25 36 37 50.14093894919813 0.1445783568645894
-1.5 -1.25 37 38 49.13040860568111 0.1386671736197991
-1.5 -1.25 38 39 48.0565616959824 0.1330727761584942
-1.5 -1.25 39 40 46.93667047195834 0.1277734762823129
-1.5 -1.25 40 41 45.78500324024441 0.122749418849195
-1.5 -1.25 41 42 44.61333256288958 0.1179823975897728
-1.5 -1.25 42 43 43.43135361460702 0.1134556932301532
-1.5 -1.25 43 44 42.24702953745322 0.1091539290079175
-1.5 -1.25 44 45 41.06687735679168 0.1050629424127807
-1.5 -1.25 45 46 39.89505929564976 0.1015100709334348
-1.5 -1.25 46 47 38.73802809271737 0.09975380845259013
-1.5 -1.25 47 48 37.59808069178348 0.09995672466838491
-1.5 -1.25 48 49 36.4779610785549 0.1020035667472332
-1.5 -1.25 49 50 35.37962478326162 0.1046615210614023
-1.25 -1 0 1 5481.138076206033 1.572074234843068
-1.25 -1 1 2 -1918.365262205206 0.6340531091508151
-1.25 -1 2 3 -5464.882098726712 1.845977467119485
-1.25 -1 3 4 -4342.600774947804 1.795495112316559
-1.25 -1 4 5 -3175.000596599983 1.59966711258529
-1.25 -1 5 6 -2304.034685077935 1.409254001822499
-1.25 -1 6 7 -1684.249912838857 1.245385639526735
-1.25 -1 7 8 -1243.058352153044 1.10738103798612
-1.25 -1 8 9 -925.1048247000062 0.9917909035938768
-1.25 -1 9 10 -692.4848806368623 0.8927268423968779
-1.25 -1 10 11 -519.6646077256532 0.8088180632470624
-1.25 -1 11 12 -389.6364463971913 0.7362016291389781
-1.25 -1 12 13 -290.6421878565488 0.6730449708714707
-1.25 -1 13 14 -214.5289838502606 0.6177072942171691
-1.25 -1 14 15 -155.5266089044878 0.5688947219775351
-1.25 -1 15 16 -109.4833808709291 0.5255768952442452
-1.25 -1 16 17 -73.36617127519889 0.4869249572996044
-1.25 -1 17 18 -44.92786017838807 0.452265559333393
-1.25 -1 18 19 -22.48239845194826 0.4210465791382433
-1.25 -1 19 20 -4.750121569547446 0.3928113554549819
-1.25 -1 20 21 9.250314298702733 0.3671791348189176
-1.25 -1 21 22 20.27854977447578 0.3438300824687116
-1.25 -1 22 23 28.92759671497981 0.32249367890848
-1.25 -1 23 24 35.66393454293257 0.3029396501960501
-1.25 -1 24 25 40.85704802445184 0.2849708167433112
-1.25 -1 25 26 44.80142484762541 0.2684174047842825
-1.25 -1 26 27 47.73310334449548 0.2531324857431926
-1.25 -1 27 28 49.84223666505716 0.238988292999941
-1.25 -1 28 29 51.28271473427458 0.2258732249657242
-1.25 -1 29 30 52.17959176702311 0.2136893912380406
-1.25 -1 30 31 52.63486230056355 0.2023505900121072
-1.25 -1 31 32 52.73198378307814 0.1917806323197294
-1.25 -1 32 33 52.53944030829712 0.1819119443407236
-1.25 -1 33 34 52.11356746055469 0.1726843966994188
-1.25 -1 34 35 51.50080384258968 0.1640443184245723
-1.25 -1 35 36 50.73949490241745 0.155943663017379
-1.25 -1 36 37 49.86134500516613 0.1483392994282992
-1.25 -1 37 38 48.8925916259422 0.1411924071639362
-1.25 -1 38 39 47.85495881551623 0.1344679579797271
-1.25 -1 39 40 46.76643443630888 0.1281342702649138
-1.25 -1 40 41 45.64190617287392 0.1221626242759509
-1.25 -1 41 42 44.49368361991594 0.1165269288410147
-1.25 -1 42 43 43.33192836751459 0.1112034320230565
-1.25 -1 43 44 42.1650092861135 0.1061704687443293
-1.25 -1 44 45 40.99979686798025 0.1014082400532151
-1.25 -1 45 46 39.84073965625782 0.09727553895126975
-1.25 -1 46 47 38.69460375830491 0.09518094921656553
-1.25 -1 47 48 37.56389956444721 0.0953270211632074
-1.25 -1 48 49 36.45157728718422 0.09801705750166015
-1.25 -1 49 50 35.35977639411777 0.1057494784874379
-1 -0.75 0 1 5761.274901803265 1.947865747147188
-1 -0.75 1 2 -1658.072683610419 1.813747125128634
-1 -0.75 2 3 -5441.629019046286 1.589303733148431
-1 -0.75 3 4 -4354.932912444625 1.529787963321589
-1 -0.75 4 5 -3192.846152798719 1.366242547740549
-1 -0.75 5 6 -2321.094479450592 1.210828702833395
-1 -0.75 6 7 -1699.203323842929 1.077447536652858
-1 -0.75 7 8 -1255.822543474351 0.9645350070322933
-1 -0.75 8 9 -935.9104832661837 0.8693983372429117
-1 -0.75 9 10 -701.6190534007187 0.786775265579981
-1 -0.75 10 11 -527.3935847722528 0.7164418356155248
-1 -0.75 11 12 -396.1936904944923 0.6549879090942625
-1 -0.75 12 13 -296.2230100275765 0.60112744635046
-1 -0.75 13 14 -219.295433285529 0.553602848459832
-1 -0.75 14 15 -159.6125594282553 0.5114134880409238
-1 -0.75 15 16 -112.9993708795935 0.4737549216034506
-1 -0.75 16 17 -76.40359264964422 0.439973892312042
-1 -0.75 17 18 -47.56244377772077 0.4095348784441906
-1 -0.75 18 19 -24.77706387294825 0.3819950012722648
-1 -0.75 19 20 -6.757290074063349 0.3569850126358372
-1 -0.75 20 21 7.486846573403909 0.3341947338889751
-1 -0.75 21 22 18.72209377847162 0.3133617944096745
-1 -0.75 22 23 27.54733770637029 0.2942628323944851
-1 -0.75 23 24 34.43392810362116 0.2767065589146881
-1 -0.75 24 25 39.75539979499251 0.2605282444544933
-1 -0.75 25 26 43.80961813945362 0.245585298371251
-1 -0.75 26 27 46.83544614916161 0.2317536999922304
-1 -0.75 27 28 49.02540539749043 0.2189250951567981
-1 -0.75 28 29 50.53537662005135 0.2070044195020111
-1 -0.75 29 30 51.49209139424318 0.1959079396555095
-1 -0.75 30 31 51.99896069482384 0.1855616290660841
-1 -0.75 31 32 52.14064062245086 0.1758998159795273
-1 -0.75 32 33 51.98663167591587 0.1668640480188348
-1 -0.75 33 34 51.5941329642971 0.1584021380911516
-1 -0.75 34 35 51.01031806786335 0.1504673556791227
-1 -0.75 35 36 50.27415908290811 0.1430177403683773
-1 -0.75 36 37 49.41789553638984 0.1360155151825132
-1 -0.75 37 38 48.468222641517 0.1294265848648964
-1 -0.75 38 39 47.44725653633236 0.1232201029828753
-1 -0.75 39 40 46.37332139531088 0.1173680996321509
-1 -0.75 40 41 45.26159374371923 0.1118451578047095
-1 -0.75 41 42 44.12463154064568 0.1066281325723221
-1 -0.75 42 43 42.97281017109316 0.1016959067192747
-1 -0.75 43 44 41.8146827268971 0.09702917625160851
-1 -0.75 44 45 40.657278583184 0.09261026282146653
-1 -0.75 45 46 39.50516436155476 0.08918889859972164
-1 -0.75 46 47 38.36526113539176 0.08956631824314679
-1 -0.75 47 48 37.24016234783139 0.09383854749333942
-1 -0.75 48 49 36.13290654628562 0.1013015957313647
-1 -0.75 49 50 35.04570681821193 0.1091872038978848
-0.75 -0.5 0 1 5978.490403512195 2.7032478452758
-0.75 -0.5 1 2 -1459.737042758282 2.121675100638059
-0.75 -0.5 2 3 -5426.47799779534 1.590685685740151
-0.75 -0.5 3 4 -4367.839600970125 1.538277223245913
-0.75 -0.5 4 5 -3210.424399306471 1.375519415562014
-0.75 -0.5 5 6 -2338.189314868034 1.219053546922956
-0.75 -0.5 6 7 -1714.603613640285 1.08415755002331
-0.75 -0.5 7 8 -1269.360370197241 0.9698074950671977
-0.75 -0.5 8 9 -947.7164373869891 0.8734888817702738
-0.75 -0.5 9 10 -711.8993808517939 0.7899201141354348
-0.75 -0.5 10 11 -536.3543016429362 0.7188757983496606
-0.75 -0.5 11 12 -404.0260635515665 0.6568768705638032
-0.75 -0.5 12 13 -303.092313704911 0.6026028025386572
-0.75 -0.5 13 14 -225.3426293883431 0.554764115647752
-0.75 -0.5 14 15 -164.9568328539492 0.5146564570768155
-0.75 -0.5 15 16 -117.7411660762373 0.4793836654733594
-0.75 -0.5 16 17 -80.62752803495232 0.4474215588211679
-0.75 -0.5 17 18 -51.33989017688236 0.4183754655489744
-0.75 -0.5 18 19 -28.16834233419377 0.3919042024968304
-0.75 -0.5 19 20 -9.813511330904703 0.3677131509163993
-0.75 -0.5 20 21 4.722256113150706 0.3455476948395711
-0.75 -0.5 21 22 16.21213082735767 0.3251873631690468
-0.75 -0.5 22 23 25.26038064191368 0.3064407556577904
-0.75 -0.5 23 24 32.34287629546509 0.2891412170318977
-0.75 -0.5 24 25 37.83696109552272 0.2731431804009585
-0.75 -0.5 25 26 42.04371768417673 0.2583190876886163
-0.75 -0.5 26 27 45.20473455092667 0.2445568006194568
-0.75 -0.5 27 28 47.51484851027431 0.2317574227425108
-0.75 -0.5 28 29 49.13191239897969 0.2198334638927992
-0.75 -0.5 29 30 50.18434208126189 0.2087072911727812
-0.75 -0.5 30 31 50.77699075230817 0.1983098172997769
-0.75 -0.5 31 32 50.99575259388359 0.1885793869769885
-0.75 -0.5 32 33 50.91119358183516 0.179460828458529
-0.75 -0.5 33 34 50.58143198529649 0.1709046437804054
-0.75 -0.5 34 35 50.0544362004822 0.1628663142364984
-0.75 -0.5 35 36 49.36986721169552 0.1553057037518938
-0.75 -0.5 36 37 48.56056297546456 0.1481865444572169
-0.75 -0.5 37 38 47.65373970954664 0.1414759915327437
-0.75 -0.5 38 39 46.67196813195301 0.1351442371561368
-0.75 -0.5 39 40 45.633969884176 0.129164174976989
-0.75 -0.5 40 41 44.55526974444143 0.1235111070203337
-0.75 -0.5 41 42 43.44873142357551 0.1181624878136571
-0.75 -0.5 42 43 42.32499928019752 0.1130976994187113
-0.75 -0.5 43 44 41.19286348562633 0.1082978541169094
-0.75 -0.5 44 45 40.05956278021813 0.1037456207239426
-0.75 -0.5 45 46 38.92983535801073 0.09982281853914141
-0.75 -0.5 46 47 37.81079055744851 0.09801158390367327
-0.75 -0.5 47 48 36.70515415338988 0.0985105355094778
-0.75 -0.5 48 49 35.61609463244514 0.1018779974645924
-0.75 -0.5 49 50 34.54593963300405 0.1099477295875798
-0.5 -0.25 0 1 6121.681459244225 2.6202658224558
-0.5 -0.25 1 2 -1334.768763644085 1.481739251517423
-0.5 -0.25 2 3 -5421.047188100532 1.565968154608682
-0.5 -0.25 3 4 -4379.413018084593 1.530767182859316
-0.5 -0.25 4 5 -3224.048039783883 1.384042747843013
-0.5 -0.25 5 6 -2350.786549230191 1.27503631176581
-0.5 -0.25 6 7 -1725.590199481807 1.159546847664419
-0.5 -0.25 7 8 -1278.769119169603 1.052136471307449
-0.5 -0.25 8 9 -955.7317778790739 0.956823979111511
-0.5 -0.25 9 10 -718.7260168789526 0.8714782192014794
-0.5 -0.25 10 11 -542.1767253073431 0.7972527505023287
-0.5 -0.25 11 12 -409.0059440908171 0.7315160625323673
-0.5 -0.25 12 13 -307.3646727395521 0.6733349631207264
-0.5 -0.25 13 14 -229.01979930724 0.6216326607028337
-0.5 -0.25 14 15 -168.1319908101254 0.5754930794700448
-0.5 -0.25 15 16 -120.491626681852 0.5341452585008314
-0.5 -0.25 16 17 -83.01757355653444 0.4969423212467653
-0.5 -0.25 17 18 -53.42311975843927 0.463341022289168
-0.5 -0.25 18 19 -29.98959145490426 0.432883813799822
-0.5 -0.25 19 20 -11.41041000954465 0.4051837971983831
-0.5 -0.25 20 21 3.318020353067595 0.3799123487439767
-0.5 -0.25 21 22 14.97378815881257 0.356789034944656
-0.5 -0.25 22 23 24.16524527312072 0.335573418496342
-0.5 -0.25 23 24 31.3716660633263 0.3160583991802574
-0.5 -0.25 24 25 36.97324012835486 0.2980647893293734
-0.5 -0.25 25 26 41.2734381728643 0.2814368818419386
-0.5 -0.25 26 27 44.51585861458227 0.2660388123868693
-0.5 -0.25 27 28 46.89703503767771 0.2517515634928364
-0.5 -0.25 28 29 48.57625680748845 0.238470483144794
-0.5 -0.25 29 30 49.68315933994143 0.2261032223601488
-0.5 -0.25 30 31 50.32363390717376 0.214568012004942
-0.5 -0.25 31 32 50.58446053351361 0.2037922171821834
-0.5 -0.25 32 33 50.53696296511589 0.1937111189811948
-0.5 -0.25 33 34 50.23990920249969 0.1842668831746458
-0.5 -0.25 34 35 49.74182599460903 0.175407684731555
-0.5 -0.25 35 36 49.08285519515056 0.167086960423479
-0.5 -0.25 36 37 48.29624977136922 0.1592627689517651
-0.5 -0.25 37 38 47.40958483881633 0.1518972416909586
-0.5 -0.25 38 39 46.44574209978913 0.1449561081905992
-0.5 -0.25 39 40 45.4237131732022 0.1384082866093215
-0.5 -0.25 40 41 44.35925764728631 0.1322255277315003
-0.5 -0.25 41 42 43.26544381847316 0.1263821053387595
-0.5 -0.25 42 43 42.15309460364489 0.1208545453076057
-0.5 -0.25 43 44 41.03115627514796 0.1156213897929435
-0.5 -0.25 44 45 39.90700425938496 0.1106629886606098
-0.5 -0.25 45 46 38.78548727698359 0.1063414573578981
-0.5 -0.25 46 47 37.67383828747666 0.1040758493154516
-0.5 -0.25 47 48 36.57486625521233 0.1040724412195125
-0.5 -0.25 48 49 35.4918212059722 0.1062072652917792
-0.5 -0.25 49 50 34.42710357840295 0.1113345573185986
-0.25 0 0 1 6193.648255902149 2.741167709977141
-0.25 0 1 2 -1271.674280053027 1.975885763410794
-0.25 0 2 3 -5417.820886468675 1.588347738924966
-0.25 0 3 4 -4384.217552461906 1.543265828624974
-0.25 0 4 5 -3229.544297362858 1.382612254996703
-0.25 0 5 6 -2355.616178400885 1.226722762333036
-0.25 0 6 7 -1729.577685859152 1.091873970043708
-0.25 0 7 8 -1281.996130108939 0.9773286595431598
-0.25 0 8 9 -958.3238088376866 0.8807112539623201
-0.25 0 9 10 -720.8004360085893 0.8045683314565374
-0.25 0 10 11 -543.8311700179679 0.7392570953898043
-0.25 0 11 12 -410.3206700171208 0.6807341997721429
-0.25 0 12 13 -308.4039954793766 0.6284971087367555
-0.25 0 13 14 -229.8353931154913 0.5817576368465097
-0.25 0 14 15 -168.7654707004535 0.5398093163687678
-0.25 0 15 16 -120.9766330442492 0.5020366975317467
-0.25 0 16 17 -83.38141340197217 0.4679104435682695
-0.25 0 17 18 -53.68804877744128 0.4369776137718931
-0.25 0 18 19 -30.17381558261718 0.4088510552625318
-0.25 0 19 20 -11.52887092184437 0.3831994619020242
-0.25 0 20 21 3.25302570826625 0.3597386287862204
-0.25 0 21 22 14.95211585080938 0.3382239908732324
-0.25 0 22 23 24.17851166225898 0.318444355125891
-0.25 0 23 24 31.41293224618323 0.3002166746822325
-0.25 0 24 25 37.03675698568247 0.2833817062993224
-0.25 0 25 26 41.35443934478144 0.2678004019963612
-0.25 0 26 27 44.61039163518126 0.2533509090895055
-0.25 0 27 28 47.0018230384851 0.2399260685692338
-0.25 0 28 29 48.68858485133387 0.2274313242532244
-0.25 0 29 30 49.8007806933299 0.2157829691495766
-0.25 0 30 31 50.44469253610077 0.2049066693961902
-0.25 0 31 32 50.70742684358004 0.1947362173828469
-0.25 0 32 33 50.66058040107418 0.1852124752432845
-0.25 0 33 34 50.36314977570112 0.1762824754033456
-0.25 0 34 35 49.86385317509257 0.1678986526806604
-0.25 0 35 36 49.20299289354256 0.1600181868692634
-0.25 0 36 37 48.41395636901808 0.1526024369016465
-0.25 0 37 38 47.52443141297215 0.1456164537063027
-0.25 0 38 39 46.5573941412236 0.1390285574444758
-0.25 0 39 40 45.53191521662848 0.1328099721805177
-0.25 0 40 41 44.46382033750865 0.126934506648616
-0.25 0 41 42 43.36623301376261 0.1213782762509545
-0.25 0 42 43 42.25002218941751 0.1161194594934174
-0.25 0 43 44 41.12417241102884 0.1111380844949804
-0.25 0 44 45 39.99609083486098 0.1064158409044743
-0.25 0 45 46 38.87064703321369 0.102333100695372
-0.25 0 46 47 37.75510655501171 0.1003714841618144
-0.25 0 47 48 36.65229043188035 0.1007363103572229
-0.25 0 48 49 35.56546282016447 0.1032807386709318
-0.25 0 49 50 34.49703582402012 0.111297034225042
0 0.25 0 1 6193.39010985231 2.741174678195042
0 0.25 1 2 -1272.179112644562 1.975914320077303
0 0.25 2 3 -5418.192775052696 1.58831648750548
0 0.25 3 4 -4384.375030604295 1.543177675244602
0 0.25 4 5 -3229.563825921577 1.382522204268577
0 0.25 5 6 -2355.568889183826 1.226659898933896
0 0.25 6 7 -1729.503781609353 1.091841254972858
0 0.25 7 8 -1281.915757195954 0.9773196609743423
0 0.25 8 9 -958.2459830458647 0.8807161580064445
0 0.25 9 10 -720.728539492678 0.804583610268063
0 0.25 10 11 -543.7661605571548 0.7392759327639703
0 0.25 11 12 -410.2620177311851 0.6807545017840003
0 0.25 12 13 -308.3508556949125 0.6285173137939802
0 0.25 13 14 -229.7868733265204 0.5817769143254449
0 0.25 14 15 -168.7207821790441 0.5398272697411221
0 0.25 15 16 -120.9351376826939 0.5020531790844897
0 0.25 16 17 -83.34262165343262 0.4679254425631497
0 0.25 17 18 -53.65159773306095 0.4369911914794782
0 0.25 18 19 -30.1394417353315 0.4088633076479075
0 0.25 19 20 -11.49638437987255 0.383210498454657
0 0.25 20 21 3.283762891300967 0.3597485610877186
0 0.25 21 22 14.98120662457018 0.338232926544446
0 0.25 22 23 24.20603655608818 0.3184523948013808
0 0.25 23 24 31.43895828764778 0.3002239107949249
0 0.25 24 25 37.06134374415433 0.28338822263322
0 0.25 25 26 41.37764281632303 0.2678062743484397
0 0.25 26 27 44.63226656822894 0.2533562052867595
0 0.25 27 28 47.02242417489356 0.2399308494347058
0 0.25 28 29 48.70796744040069 0.2274356439874703
0 0.25 29 30 49.81900054677942 0.2157868761829464
0 0.25 30 31 50.46180580994553 0.2049102068704208
0 0.25 31 32 50.72348967906748 0.1947394236434979
0 0.25 32 33 50.67564851141117 0.1852153847413299
0 0.25 33 34 50.37727803463611 0.1762851184079662
0 0.25 34 35 49.8770952403691 0.1679010563816343
0 0.25 35 36 49.21540088341845 0.1600203754551773
0 0.25 36 37 48.42558059840945 0.1526044320491538
0 0.25 37 38 47.53532019192897 0.1456182745258712
0 0.25 38 39 46.56759362894286 0.1390302211732297
0 0.25 39 40 45.54146932962163 0.1328114940169149
0 0.25 40 41 44.47277070104667 0.1269359003519935
0 0.25 41 42 43.37461895228165 0.1213795539823649
0 0.25 42 43 42.25788074745202 0.116120632219676
0 0.25 43 44 41.1315383994974 0.1111391620420721
0 0.25 44 45 40.00299689660915 0.1064168320114901
0 0.25 45 46 38.877123693746 0.1023340247506471
0 0.25 46 47 37.76118238495906 0.100372401199901
0 0.25 47 48 36.65799206724387 0.1007372783151464
0 0.25 48 49 35.57081509808339 0.1032818020672665
0 0.25 49 50 34.50206185566537 0.1112981445641769
0.25 0.5 0 1 6120.930550371346 2.620269899926746
0.25 0.5 1 2 -1336.230491645081 1.481734784358262
0.25 0.5 2 3 -5422.113492018372 1.565866791432857
0.25 0.5 3 4 -4379.857107550532 1.530618151539894
0.25 0.5 4 5 -3224.098817072941 1.383921783916311
0.25 0.5 5 6 -2350.650340060142 1.27497323725788
0.25 0.5 6 7 -1725.381134339219 1.15953168052772
0.25 0.5 7 8 -1278.542876547514 1.0523957823524
0.25 0.5 8 9 -955.5143525990457 0.9566048866978291
0.25 0.5 9 10 -718.5249042761266 0.8715239272682587
0.25 0.5 10 11 -541.9947258916004 0.7972991211597673
0.25 0.5 11 12 -408.8413345116151 0.7315618360823244
0.25 0.5 12 13 -307.2149851288045 0.6733783396101196
0.25 0.5 13 14 -228.8825140865142 0.621672809906621
0.25 0.5 14 15 -168.0049306333312 0.5755297278615523
0.25 0.5 15 16 -120.3730654048734 0.5341784368520998
0.25 0.5 16 17 -82.90621512705343 0.496972215640519
0.25 0.5 17 18 -53.31802665158784 0.4633678888782237
0.25 0.5 18 19 -29.89010198014648 0.4329079312394264
0.25 0.5 19 20 -11.31606232929153 0.4052054411526513
0.25 0.5 20 21 3.407550846461618 0.3799317792923426
0.25 0.5 21 22 15.0587370244848 0.356806490698042
0.25 0.5 22 23 24.24579417279165 0.3355891150804531
0.25 0.5 23 24 31.44796719473368 0.3160725296142966
0.25 0.5 24 25 37.04543234707558 0.2980775254405335
0.25 0.5 25 26 41.34165695623994 0.2814483757827868
0.25 0.5 26 27 44.58024163755465 0.2660491991649707
0.25 0.5 27 28 46.95772474825435 0.2517609623402218
0.25 0.5 28 29 48.63340104173017 0.2384789996976452
0.25 0.5 29 30 49.73691073442922 0.2261109499408053
0.25 0.5 30 31 50.37414864365076 0.2145750335041777
0.25 0.5 31 32 50.6318967788194 0.203798605743144
0.25 0.5 32 33 50.58147924589741 0.1937169395550262
0.25 0.5 33 34 50.28166286255521 0.18427219359423
0.25 0.5 34 35 49.78097181878519 0.1754125361390989
0.25 0.5 35 36 49.11954424188116 0.1670913984055988
0.25 0.5 36 37 48.33062842409333 0.1592668341174545
0.25 0.5 37 38 47.44179407268734 0.1519009701103978
0.25 0.5 38 39 46.47591694509589 0.1449595320890165
0.25 0.5 39 40 45.45198235399641 0.138411434801595
0.25 0.5 40 41 44.38574337148748 0.1322284260056589
0.25 0.5 41 42 43.29026169355762 0.1263847765023715
0.25 0.5 42 43 42.17635365592844 0.1208570100853656
0.25 0.5 43 44 41.05295905172682 0.1156236667053348
0.25 0.5 44 45 39.9274469939387 0.1106650942211902
0.25 0.5 45 46 38.80466003622183 0.1063434367308936
0.25 0.5 46 47 37.69182538301578 0.1040778549795891
0.25 0.5 47 48 36.59174634198908 0.1040746256220791
0.25 0.5 48 49 35.50766765525458 0.1062097514885869
0.25 0.5 49 50 34.44198468599754 0.1113372961018445
0.5 0.75 0 1 5977.191434465157 2.703252426515164
0.5 0.75 1 2 -1462.231907873489 2.121681729022986
0.5 0.75 2 3 -5428.237996329488 1.590620671211067
0.5 0.75 3 4 -4368.513780575377 1.53817025486731
0.5 0.75 4 5 -3210.442412211649 1.37542804789906
0.5 0.75 5 6 -2337.913253854269 1.218999963837809
0.5 0.75 6 7 -1714.224185740731 1.084137771363572
0.5 0.75 7 8 -1268.966409278048 0.970067337446079
0.5 0.75 8 9 -947.3448411774975 0.8726658317033339
0.5 0.75 9 10 -711.5631134423315 0.790538761122156
0.5 0.75 10 11 -536.0526034482509 0.7189041594349431
0.5 0.75 11 12 -403.7555259538021 0.6569058467221399
0.5 0.75 12 13 -302.8479178976359 0.6026309322545618
0.5 0.75 13 14 -225.1196202424712 0.5547906414768642
0.5 0.75 14 15 -164.7512383104977 0.5146809378022678
0.5 0.75 15 16 -117.5498934764769 0.4794060121686836
0.5 0.75 16 17 -80.44827796533991 0.447441863695689
0.5 0.75 17 18 -51.17100741312242 0.4183938833586854
0.5 0.75 18 19 -28.00866078264426 0.3919209112590831
0.5 0.75 19 20 -9.662217384352061 0.3677283300214803
0.5 0.75 20 21 4.86573387112594 0.3455615134177087
0.5 0.75 21 22 16.34820555994406 0.3251999749225365
0.5 0.75 22 23 25.38936820584627 0.3064522972997403
0.5 0.75 23 24 32.46503760026974 0.2891518083058388
0.5 0.75 24 25 37.95253019128609 0.2731529255818285
0.5 0.75 25 26 42.15291932207026 0.2583280770868278
0.5 0.75 26 27 45.30779425753428 0.2445651126180905
0.5 0.75 27 28 47.61199752894731 0.2317651251381312
0.5 0.75 28 29 49.22338926162786 0.2198406156612376
0.5 0.75 29 30 50.27039208790495 0.2087139438649052
0.5 0.75 30 31 50.85786426181846 0.1983160160534702
0.5 0.75 31 32 51.07170274032978 0.1885851713850062
0.5 0.75 32 33 50.98247382397835 0.1794662336824275
0.5 0.75 33 34 50.64829374249069 0.1709097009590371
0.5 0.75 34 35 50.11712672360017 0.1628710512032952
0.5 0.75 35 36 49.42862776205271 0.1553101455146428
0.5 0.75 36 37 48.61562734099999 0.1481907134140581
0.5 0.75 37 38 47.70533304933497 0.1414799079417391
0.5 0.75 38 39 46.72030613049702 0.1351479193790246
0.5 0.75 39 40 45.67925817849732 0.1291676398063824
0.5 0.75 40 41 44.5977035904524 0.123514369604485
0.5 0.75 41 42 43.48849555949442 0.1181655620915786
0.5 0.75 42 43 42.36226795629921 0.1131005980965511
0.5 0.75 43 44 41.22780062354445 0.1083005890131136
0.5 0.75 44 45 40.09232223453927 0.103748202480912
0.5 0.75 45 46 38.96056116044878 0.09982530330469103
0.5 0.75 46 47 37.83961752744784 0.09801419506278503
0.5 0.75 47 48 36.73220809887047 0.09851350265928299
0.5 0.75 48 49 35.6414929275935 0.101881485075712
0.5 0.75 49 50 34.56979154623235 0.1099515944932053
0.75 1 0 1 5759.373963224907 1.947798230546406
0.75 1 1 2 -1661.695495802545 1.813327292985922
0.75 1 2 3 -5444.135688632282 1.588773127782501
0.75 1 3 4 -4355.844499661896 1.529575506380899
0.75 1 4 5 -3192.815560246955 1.366359866585852
0.75 1 5 6 -2320.652845303893 1.211154398255027
0.75 1 6 7 -1698.624177806947 1.077860407180091
0.75 1 7 8 -1255.231318296037 0.9652098847642285
0.75 1 8 9 -935.3578811518905 0.8689623343427697
0.75 1 9 10 -701.1214590747709 0.7877016893359687
0.75 1 10 11 -526.9501724791021 0.7167345508456771
0.75 1 11 12 -395.7983699734104 0.6552328541775548
0.75 1 12 13 -295.8680580805287 0.6013300363921568
0.75 1 13 14 -218.9736049896223 0.5537691508755802
0.75 1 14 15 -159.3177916448337 0.511549345623166
0.75 1 15 16 -112.7269001500902 0.4738655824536151
0.75 1 16 17 -76.1498231813282 0.4400638938769622
0.75 1 17 18 -47.32473099978802 0.409608052385886
0.75 1 18 19 -24.55349167257236 0.3820545336128117
0.75 1 19 20 -6.546474913964175 0.3570335239502391
0.75 1 20 21 7.685914091141285 0.3342343622870842
0.75 1 21 22 18.91017014611066 0.3133942742603822
0.75 1 22 23 27.72501534919354 0.2942895640021094
0.75 1 23 24 34.60169800475751 0.2767286690162443
0.75 1 24 25 39.91369392768229 0.2605466370032491
0.75 1 25 26 43.95883692657526 0.2456006975051436
0.75 1 26 27 46.97597518634961 0.2317666844562794
0.75 1 27 28 49.15762472696156 0.2189361275526201
0.75 1 28 29 50.6596650231196 0.2070138690279497
0.75 1 29 30 51.60882750141036 0.1959161009522458
0.75 1 30 31 52.10852219216861 0.1855687377457533
0.75 1 31 32 52.24340243446977 0.1759060599604007
0.75 1 32 33 52.08296371518213 0.1668695778304644
0.75 1 33 34 51.68439782571159 0.1584070743980014
0.75 1 34 35 51.09486889452683 0.1504717951526663
0.75 1 35 36 50.35333772871564 0.1430217609403633
0.75 1 36 37 49.49203108073226 0.1360191798661712
0.75 1 37 38 48.53763026572847 0.1294299444578517
0.75 1 38 39 47.51223674564397 0.1232231990036307
0.75 1 39 40 46.43415955086903 0.1173709660250582
0.75 1 40 41 45.31855986734621 0.1118478222047433
0.75 1 41 42 44.17798034664435 0.106630618227992
0.75 1 42 43 43.02278128495783 0.1016982325896646
0.75 1 43 44 41.8615010520881 0.09703135840070498
0.75 1 44 45 40.70115478017516 0.09261231483127852
0.75 1 45 46 39.54629525854676 0.08919088502020939
0.75 1 46 47 38.40383071894874 0.08956849153489056
0.75 1 47 48 37.27634203061848 0.09384114985263997
0.75 1 48 49 36.16685603735667 0.1013048054676753
0.75 1 49 50 35.07757461843363 0.1091910059645472
1 1.25 0 1 5478.617841417272 1.572297190141955
1 1.25 1 2 -1923.160732573691 0.6363509854510497
1 1.25 2 3 -5468.188701310482 1.846326491770683
1 1.25 3 4 -4343.791657062145 1.795180890189343
1 1.25 4 5 -3174.941765988343 1.599071923134531
1 1.25 5 6 -2303.426981544051 1.408648784054652
1 1.25 6 7 -1683.455622952509 1.244872054895891
1 1.25 7 8 -1242.246441217917 1.106979701023748
1 1.25 8 9 -924.3434702736586 0.9909929246647509
1 1.25 9 10 -691.7985973517502 0.892998846281839
1 1.25 10 11 -519.0538879692772 0.8086459071512031
1 1.25 11 12 -389.0934737304406 0.7360755671149156
1 1.25 12 13 -290.1568716457832 0.6729545501463218
1 1.25 13 14 -214.0915811595244 0.6176445301860183
1 1.25 14 15 -155.1287734581997 0.5688534385338838
1 1.25 15 16 -109.11840012875 0.5255522488988362
1 1.25 16 17 -73.02884523545663 0.4869131116709785
1 1.25 17 18 -44.61424910213304 0.4522634601674026
1 1.25 18 19 -22.18954896416608 0.4210517927581717
1 1.25 19 20 -4.475819334508287 0.3928219473610111
1 1.25 20 21 9.507748402162633 0.3671935746119039
1 1.25 21 22 20.52041825828042 0.343847167407314
1 1.25 22 23 29.15494380898281 0.322512471336922
1 1.25 23 24 35.87763142616529 0.3029594266252501
1 1.25 24 25 41.05785223599889 0.2849910252005784
1 1.25 25 26 44.99002030877034 0.2684376302938047
1 1.25 26 27 47.91012627757402 0.2531524221419435
1 1.25 27 28 50.00829155234112 0.2390077196433563
1 1.25 28 29 51.43838345613619 0.2258919881919067
1 1.25 29 30 52.32543823024935 0.2137073891641493
1 1.25 30 31 52.77143421688174 0.2023677608187041
1 1.25 31 32 52.8598127587959 0.1917969444198699
1 1.25 32 33 52.65904103809976 0.1819273886342354
1 1.25 33 34 52.22543654550304 0.172698980957005
1 1.25 34 35 51.60541856129964 0.1640580624796218
1 1.25 35 36 50.83731213005325 0.1559565949185905
1 1.25 36 37 49.95280038124145 0.148351453020316
1 1.25 37 38 48.97809901385364 0.1412038195333387
1 1.25 38 39 47.93491005518348 0.1344786681480545
1 1.25 39 40 46.84119937151877 0.1281443178877316
1 1.25 40 41 45.71183291886274 0.1221720486803215
1 1.25 41 42 44.55909903366017 0.1165357685141534
1 1.25 42 43 43.39313868219625 0.1112117242215308
1 1.25 43 44 42.22230087112456 0.106178248871432
1 1.25 44 45 41.0534370813466 0.1014155418941817
1 1.25 45 46 39.89097749712857 0.09728248556334693
1 1.25 46 47 38.74167150680347 0.09518798819156951
1 1.25 47 48 37.60801303366301 0.09533459506145793
1 1.25 48 49 36.49293711119901 0.09802547022552274
1 1.25 49 50 35.39856875209983 0.1057583419984939
1.25 1.5 0 1 5146.804384554084 3.266830596374864
1.25 1.5 1 2 -2211.028028657741 4.066803269555687
1.25 1.5 2 3 -5469.064124465241 1.660069878642767
1.25 1.5 3 4 -4303.963624104013 1.585506247158141
1.25 1.5 4 5 -3132.05118141225 1.412573878678239
1.25 1.5 5 6 -2265.157453630752 1.247323049945563
1.25 1.5 6 7 -1650.946453646697 1.104769900853912
1.25 1.5 7 8 -1215.040256619811 0.9840435213420198
1.25 1.5 8 9 -901.6521454691333 0.881994963702381
1.25 1.5 9 10 -672.8527622817851 0.795479255579342
1.25 1.5 10 11 -503.1959074226083 0.7206177233674625
1.25 1.5 11 12 -375.7746413909276 0.6560875585837622
1.25 1.5 12 13 -278.9320670546863 0.5998362955938061
1.25 1.5 13 14 -204.6000305852456 0.5504576343473259
1.25 1.5 14 15 -147.077810645977 0.5068345875748739
1.25 1.5 15 16 -102.2698411815325 0.4680724997343583
1.25 1.5 16 17 -67.18801332893781 0.4334482791427336
1.25 1.5 17 18 -39.62127922149762 0.4023722078309519
1.25 1.5 18 19 -17.91253738483965 0.3743591573634731
1.25 1.5 19 20 -0.8054269366919016 0.3490067629767765
1.25 1.5 20 21 12.66255933249772 0.325978737262281
1.25 1.5 21 22 23.23576617541903 0.3049920075231691
1.25 1.5 22 23 31.49472444943137 0.2858067051663278
1.25 1.5 23 24 37.89567905607066 0.2682183118933453
1.25 1.5 24 25 42.7996810429587 0.2520514440466206
1.25 1.5 25 26 46.49423477982452 0.2393352490666121
1.25 1.5 26 27 49.20956919604157 0.2277115510446169
1.25 1.5 27 28 51.13098288570029 0.2168480989375235
1.25 1.5 28 29 52.40829170172071 0.2066811323516045
1.25 1.5 29 30 53.16311683694107 0.1971533154425326
1.25 1.5 30 31 53.4945488118102 0.1882130155152692
1.25 1.5 31 32 53.48357959113559 0.1798136627068736
1.25 1.5 32 33 53.19659291153772 0.1719131840612149
1.25 1.5 33 34 52.68812928264578 0.1644735050824263
1.25 1.5 34 35 52.00308850052392 0.1574601107359669
1.25 1.5 35 36 51.17849314679279 0.150841658753692
1.25 1.5 36 37 50.24490733737599 0.1445896395098837
1.25 1.5 37 38 49.22758326079969 0.1386780765098025
1.25 1.5 38 39 48.14739160247495 0.1330832614658261
1.25 1.5 39 40 47.02157950925391 0.1277835216812085
1.25 1.5 40 41 45.86439041802328 0.1227590132481377
1.25 1.5 41 42 44.68757251347421 0.1179915389520401
1.25 1.5 42 43 43.50079728965125 0.1134643856805063
1.25 1.5 43 44 42.31200506278975 0.109162181528084
1.25 1.5 44 45 41.12769100119834 0.1050707674596736
1.25 1.5 45 46 39.95199626792549 0.1015175850993084
1.25 1.5 46 47 38.79135426485425 0.09976149599989755
1.25 1.5 47 48 37.64804305998473 0.09996507513978106
1.25 1.5 48 49 36.52478918723764 0.1020129675373973
1.25 1.5 49 50 35.42353156603789 0.1046719719309062
1.5 1.75 0 1 4742.031600082011 0.9393159193144641
1.5 1.75 1 2 -2587.80091808233 0.7096563302124165
1.5 1.75 2 3 -5491.360873151301 1.66541042227153
1.5 1.75 3 4 -4267.342954113088 1.611818304764147
1.5 1.75 4 5 -3084.994614593484 1.443485159565947
1.5 1.75 5 6 -2219.489295953274 1.274420211376906
1.5 1.75 6 7 -1609.72410458115 1.12588872161711
1.5 1.75 7 8 -1178.76548440293 0.9995124140056034
1.5 1.75 8 9 -870.0217420122776 0.8923792666622166
1.5 1.75 9 10 -645.3356871501019 0.8020944439785349
1.5 1.75 10 11 -479.2457325966948 0.7242029041780511
1.5 1.75 11 12 -354.877802362337 0.6573334251014661
1.5 1.75 12 13 -260.642455109386 0.5992857669886329
1.5 1.75 13 14 -188.5365110392031 0.5485322341511102
1.5 1.75 14 15 -132.9181443983207 0.5038607354337882
1.5 1.75 15 16 -89.74269123514455 0.4643033787445608
1.5 1.75 16 17 -56.06505528588468 0.4290809529999551
1.5 1.75 17 18 -29.71014711593148 0.3975606936692948
1.5 1.75 18 19 -9.050790483719084 0.3692243221711014
1.5 1.75 19 20 7.144498539882534 0.3436438071935354
1.5 1.75 20 21 19.81752888370852 0.3204628706791329
1.5 1.75 21 22 29.69538915851808 0.2993827757511509
1.5 1.75 22 23 37.34418543052323 0.2801513079774592
1.5 1.75 23 24 43.20806809200622 0.2625541654588911
1.5 1.75 24 25 47.63791495975465 0.2464081720378772
1.5 1.75 25 26 50.9126451679665 0.2315558854544557
1.5 1.75 26 27 53.25521872815079 0.2178612798662683
1.5 1.75 27 28 54.84475983389677 0.2052062633575257
1.5 1.75 28 29 55.8258229532338 0.1934878492507666
1.5 1.75 29 30 56.31553197602159 0.182615842511704
1.5 1.75 30 31 56.40912162461666 0.1725109366579462
1.5 1.75 31 32 56.18426836588009 0.1631031383938916
1.5 1.75 32 33 55.704496916952 0.1543304553957534
1.5 1.75 33 34 55.02187559778514 0.1461377999368257
1.5 1.75 34 35 54.179160791394 0.1384760653887837
1.5 1.75 35 36 53.21151190373303 0.1313013465834348
1.5 1.75 36 37 52.14786940663413 0.1245742782922804
1.5 1.75 37 38 51.01206713728669 0.1182594709164029
1.5 1.75 38 39 49.82373384092341 0.112325028064046
1.5 1.75 39 40 48.59902670457433 0.1067421321710073
1.5 1.75 40 41 47.35123046311975 0.1014846865876119
1.5 1.75 41 42 46.09124823460036 0.0965290072721843
1.5 1.75 42 43 44.82800505424467 0.09185355375848889
1.5 1.75 43 44 43.56878054383384 0.08743869623367896
1.5 1.75 44 45 42.31948393574459 0.08326651146955144
1.5 1.75 45 46 41.0837572265122 0.08002863255073132
1.5 1.75 46 47 39.86753307303258 0.0803098713177734
1.5 1.75 47 48 38.67269749967923 0.08419066263172179
1.5 1.75 48 49 37.50160782676596 0.09101437656696879
1.5 1.75 49 50 36.35587966292138 0.09822338258020584
1.75 2 0 1 4313.755576171054 1.0774717327372
1.75 2 1 2 -2964.782786430619 2.625960696032712
1.75 2 2 3 -5494.579028581031 2.795723677200046
1.75 2 3 4 -4220.773836187184 2.321476128516635
1.75 2 4 5 -3036.239549550318 1.923936727140686
1.75 2 5 6 -2177.133690383363 1.621561711870813
1.75 2 6 7 -1574.545195618105 1.389659043954667
1.75 2 7 8 -1149.878083951657 1.207955538936425
1.75 2 8 9 -846.3236633839765 1.061516616215242
1.75 2 9 10 -625.8424002827419 0.9427319248349684
1.75 2 10 11 -463.1481273150703 0.8432786126344219
1.75 2 11 12 -341.5314109810868 0.7595222611029606
1.75 2 12 13 -249.5339816718026 0.6879964905062682
1.75 2 13 14 -179.257219523553 0.6262802822901825
1.75 2 14 15 -125.1411244295682 0.5725501832930628
1.75 2 15 16 -83.20504346656207 0.52540694139713
1.75 2 16 17 -50.55414775813074 0.4837589105322233
1.75 2 17 18 -25.05304436706228 0.4467418427724741
1.75 2 18 19 -5.106101486927855 0.4136625370266551
1.75 2 19 20 10.49294019126955 0.3839584733414363
1.75 2 20 21 22.66559567174625 0.357168383418288
1.75 2 21 22 32.12253250263984 0.3329104468958195
1.75 2 22 23 39.41649801826884 0.310865900455675
1.75 2 23 24 44.98072090256312 0.2907665513386575
1.75 2 24 25 49.15710845660726 0.2723851497348018
1.75 2 25 26 52.21718040953726 0.2555278834422362
1.75 2 26 27 54.37776914488109 0.2400284660668562
1.75 2 27 28 55.81290577861159 0.2257434385884292
1.75 2 28 29 56.66289713286346 0.2125484011584062
1.75 2 29 30 57.04131328496351 0.2003349679424609
1.75 2 30 31 57.04040682673929 0.1890082874451103
1.75 2 31 32 56.73534488335451 0.1784850089421881
1.75 2 32 33 56.18753519309138 0.1686916051092838
1.75 2 33 34 55.44725578082347 0.1595629785524623
1.75 2 34 35 54.55574557092916 0.1510412991901155
1.75 2 35 36 53.54687503839438 0.1430750277193537
1.75 2 36 37 52.44848766375702 0.1356180923824727
1.75 2 37 38 51.28348192352172 0.1286291910263369
1.75 2 38 39 50.0706876451909 0.1220711968405708
1.75 2 39 40 48.82557855094251 0.1159106508332548
1.75 2 40 41 47.56085381739257 0.1101173256266963
1.75 2 41 42 46.28691421256627 0.104663850258365
1.75 2 42 43 45.01225327638025 0.09952538529388517
1.75 2 43 44 43.74377959057907 0.09467934166768074
1.75 2 44 45 42.48708302143547 0.09010513526347415
1.75 2 45 46 41.24556189373055 0.08615240759392054
1.75 2 46 47 40.02485127228488 0.08419712273229253
1.75 2 47 48 38.82666422827521 0.08442261614663671
1.75 2 48 49 37.65318154936386 0.09090932549303533
1.75 2 49 50 36.50586099608853 0.0977729400595902
2 2.25 0 1 3840.678904541405 1.061585788782523
2 2.25 1 2 -3365.323734080636 0.8661375834922634
2 2.25 2 3 -5482.401897126945 1.655317045457732
2 2.25 3 4 -4144.741786147903 1.531494134280485
2 2.25 4 5 -2952.887010955526 1.350153698263087
2 2.25 5 6 -2099.938959555237 1.189630718092398
2 2.25 6 7 -1506.490426307238 1.055059772648066
2 2.25 7 8 -1090.922559475104 0.9419697249005258
2 2.25 8 9 -795.5343154910756 0.8468000388091037
2 2.25 9 10 -582.108430490819 0.7656835720500766
2 2.25 10 11 -425.4326371897573 0.6952610451937972
2 2.25 11 12 -308.9038630248913 0.6343034442264812
2 2.25 12 13 -221.209135329073 0.5809459135934042
2 2.25 13 14 -154.5771398901752 0.5339283474684486
2 2.25 14 15 -103.5575680415941 0.492248126484665
2 2.25 15 16 -64.26159739996888 0.4550987252204909
2 2.25 16 17 -33.87027675139166 0.4218247530112048
2 2.25 17 18 -10.31058327614573 0.3918886452539716
2 2.25 18 19 7.961898000598467 0.3648456823929136
2 2.25 19 20 22.1113108297975 0.3403250355348465
2 2.25 20 21 33.02444570986461 0.3180152208604373
2 2.25 21 22 41.38324225549661 0.2976528300711491
2 2.25 22 23 47.71659132584728 0.2790137063503443
2 2.25 23 24 52.43783277720718 0.2619059805042604
2 2.25 24 25 55.87222728031043 0.2461645252584545
2 2.25 25 26 58.27730711281572 0.2316465069995913
2 2.25 26 27 59.85810666007706 0.2182277889444945
2 2.25 27 28 60.77866882878504 0.205800004752116
2 2.25 28 29 61.17081403492477 0.1942681616026797
2 2.25 29 30 61.14087696132617 0.1835486637122536
2 2.25 30 31 60.77492080373776 0.1735676744311216
2 2.25 31 32 60.14280104494503 0.164259751355897
2 2.25 32 33 59.30135293930454 0.1555667014877427
2 2.25 33 34 58.29690658486209 0.1474366186376843
2 2.25 34 35 57.16728243294205 0.1398230686190469
2 2.25 35 36 55.9433827353551 0.1326843964401097
2 2.25 36 37 54.65046681544214 0.1259831365373388
2 2.25 37 38 53.30917756690735 0.1196855062034893
2 2.25 38 39 51.93637113792539 0.1137609711014624
2 2.25 39 40 50.54579009908991 0.108181870265889
2 2.25 40 41 49.14861168188628 0.1029230906021785
2 2.25 41 42 47.75389564200657 0.09796178552602708
2 2.25 42 43 46.36895137311461 0.0932771287401601
2 2.25 43 44 44.99963964404554 0.08885009978635597
2 2.25 44 45 43.65062127282235 0.08466329546722634
2 2.25 45 46 42.32449342741268 0.08135896474996498
2 2.25 46 47 41.02611135218368 0.08133578766727614
2 2.25 47 48 39.75655729973494 0.08465771871045875
2 2.25 48 49 38.51742731793328 0.09070335175234437
2 2.25 49 50 37.30965846710347 0.09709772752871176
2.25 2.5 0 1 3337.500812326433 1.830901339165824
2.25 2.5 1 2 -3770.032900515065 0.9473553823591867
2.25 2.5 2 3 -5433.747633378454 1.681400134377163
2.25 2.5 3 4 -4037.158162455466 1.550169665018948
2.25 2.5 4 5 -2848.558481621947 1.366723407780045
2.25 2.5 5 6 -2010.516932595077 1.203276211283555
2.25 2.5 6 7 -1432.321192823653 1.068866003185593
2.25 2.5 7 8 -1029.890767767901 0.9653739150645829
2.25 2.5 8 9 -745.2773089225116 0.8742536962476685
2.25 2.5 9 10 -540.5645289436561 0.7943413000325507
2.25 2.5 10 11 -390.9389646213685 0.7238363145011935
2.25 2.5 11 12 -280.1216826965631 0.6620587907402984
2.25 2.5 12 13 -197.082654610841 0.6075529220745343
2.25 2.5 13 14 -134.2686712749639 0.5592557007432993
2.25 2.5 14 15 -86.39904479936877 0.5162710610575211
2.25 2.5 15 16 -49.71681873493776 0.4778494130218978
2.25 2.5 16 17 -21.50598256486433 0.4433645439884539
2.25 2.5 17 18 0.2256303000272055 0.4122923480281853
2.25 2.5 18 19 16.95848351668883 0.3841926431940618
2.25 2.5 19 20 29.80578029061928 0.3586941285549645
2.25 2.5 20 21 39.61345211531773 0.3354821243797382
2.25 2.5 21 22 47.03044820528567 0.3142886412658315
2.25 2.5 22 23 52.55885538151813 0.2948843479538274
2.25 2.5 23 24 56.59010790761965 0.2770720660616551
2.25 2.5 24 25 59.43146593830511 0.2606814872400533
2.25 2.5 25 26 61.3255944510189 0.2455648658528919
2.25 2.5 26 27 62.46518967781856 0.2315934927337461
2.25 2.5 27 28 63.00400950510357 0.2186547948061809
2.25 2.5 28 29 63.06526490395754 0.2066499384920852
2.25 2.5 29 30 62.74805537562509 0.1954918396040779
2.25 2.5 30 31 62.13234133893877 0.1851035040116271
2.25 2.5 31 32 61.28281270978442 0.1754166364551668
2.25 2.5 32 33 60.25191804614525 0.166370470945755
2.25 2.5 33 34 59.08225055954296 0.1579107808969164
2.25 2.5 34 35 57.80843795208767 0.1499890403370329
2.25 2.5 35 36 56.45864696962559 0.142561708390973
2.25 2.5 36 37 55.05578693508448 0.1355896181075723
2.25 2.5 37 38 53.61847679278583 0.1290374513042654
2.25 2.5 38 39 52.16182533953867 0.122873286652855
2.25 2.5 39 40 50.69806312001253 0.1170682091899715
2.25 2.5 40 41 49.23705609919301 0.1115959713443203
2.25 2.5 41 42 47.78672449476201 0.1064326990159598
2.25 2.5 42 43 46.35338542640289 0.1015566344814829
2.25 2.5 43 44 44.94203398299109 0.0969479118615322
2.25 2.5 44 45 43.55657438197269 0.09258836032705531
2.25 2.5 45 46 42.19897678020419 0.08878770640474687
2.25 2.5 46 47 40.87344798036642 0.08675173403725099
2.25 2.5 47 48 39.58059576836081 0.08661637138194077
2.25 2.5 48 49 38.32156789374244 0.08822398995190817
2.25 2.5 49 50 37.09690734456905 0.09311359372038795
2.5 2.75 0 1 2782.980297799498 2.629549129135891
2.5 2.75 1 2 -4206.260556716295 1.085483317731512
2.5 2.75 2 3 -5376.482960285548 2.262769295148258
2.5 2.75 3 4 -3916.246216741602 2.33732281357713
2.5 2.75 4 5 -2729.930393575967 2.11474356049907
2.5 2.75 5 6 -1906.956518203976 1.869929239933838
2.5 2.75 6 7 -1344.780569631216 1.651291217354796
2.5 2.75 7 8 -956.536655984451 1.464450132802087
2.5 2.75 8 9 -683.8322192744167 1.306072013503282
2.5 2.75 9 10 -488.9404410613311 1.172002693587583
2.5 2.75 10 11 -347.3942868213765 1.057089945805556
2.5 2.75 11 12 -243.2209505565881 0.9583193678644671
2.5 2.75 12 13 -165.6698442541472 0.8727078155364968
2.5 2.75 13 14 -107.4111905580751 0.7979854370518975
2.5 2.75 14 15 -63.34263582774815 0.7323442096811797
2.5 2.75 15 16 -29.84873228860829 0.6743359650740719
2.5 2.75 16 17 -4.325790272071345 0.6227922910865177
2.5 2.75 17 18 15.12890458542415 0.5767630273879173
2.5 2.75 18 19 29.92423066221897 0.5354693402384059
2.5 2.75 19 20 41.11578770381914 0.4982678810327439
2.5 2.75 20 21 49.50288837202845 0.4646232808581509
2.5 2.75 21 22 55.6965371729043 0.4340869042140831
2.5 2.75 22 23 60.1677645841695 0.4062803173508516
2.5 2.75 23 24 63.28245068116905 0.3808823269317779
2.5 2.75 24 25 65.32672179865563 0.3576187398508325
2.5 2.75 25 26 66.52568040769916 0.3362542134290618
2.5 2.75 26 27 67.05736123860322 0.3165857210162345
2.5 2.75 27 28 67.06322940878704 0.2984372779225415
2.5 2.75 28 29 66.65614679031506 0.2816556548343542
2.5 2.75 29 30 65.9264661546357 0.2661068731710402
2.5 2.75 30 31 64.94672807681405 0.2516733214919581
2.5 2.75 31 32 63.77530604838046 0.2382513700267137
2.5 2.75 32 33 62.45925348596268 0.2257493862005323
2.5 2.75 33 34 61.03654062119364 0.2140860757732914
2.5 2.75 34 35 59.53782172141933 0.2031890884718555
2.5 2.75 35 36 57.98783840443701 0.1929938417984271
2.5 2.75 36 37 56.40653925928939 0.1834425234045653
2.5 2.75 37 38 54.80997707830704 0.174483241933595
2.5 2.75 38 39 53.21103079742437 0.166069301405107
2.5 2.75 39 40 51.61998855898054 0.1581585783396123
2.5 2.75 40 41 50.04502033288037 0.1507129859270418
2.5 2.75 41 42 48.49256214204351 0.1436980108554757
2.5 2.75 42 43 46.96762943497956 0.1370823113654558
2.5 2.75 43 44 45.47407332594148 0.130837368748051
2.5 2.75 44 45 44.01479063306036 0.124937182466352
2.5 2.75 45 46 42.59089838105237 0.1195825050623849
2.5 2.75 46 47 41.20574889027208 0.115597268811081
2.5 2.75 47 48 39.85929039506067 0.1130964014339682
2.5 2.75 48 49 38.55205418525784 0.1120220706217722
2.5 2.75 49 50 37.28403554976734 0.1115571622118887
2.75 3 0 1 2166.527461611402 2.296796140166169
2.75 3 1 2 -4644.887507821981 3.366057524802554
2.75 3 2 3 -5264.987045230277 5.507503203360837
2.75 3 3 4 -3743.247767720437 4.844587733105919
2.75 3 4 5 -2568.550723156017 4.08375727991964
2.75 3 5 6 -1769.729388373283 3.454821513272125
2.75 3 6 7 -1230.9853941003 2.95488153686401
2.75 3 7 8 -862.6937564973437 2.556006749077211
2.75 3 8 9 -606.3178290617634 2.233748927354883
2.75 3 9 10 -424.637211626547 1.969809471681256
2.75 3 10 11 -293.8637207715733 1.750187397448133
2.75 3 11 12 -198.3640498887905 1.565966044216951
2.75 3 12 13 -127.9236706772579 1.409289454027626
2.75 3 13 14 -75.50989741111084 1.274868199547948
2.75 3 14 15 -36.27541745116673 1.15855453629209
2.75 3 15 16 -6.803394554138322 1.057142420927575
2.75 3 16 17 15.35462400692495 0.9681202687146607
2.75 3 17 18 31.97932125391276 0.8894960863600935
2.75 3 18 19 44.38301116356934 0.8196720019548791
2.75 3 19 20 53.54435383148245 0.7573529433362137
2.75 3 20 21 60.20093876910414 0.7014792532106247
2.75 3 21 22 64.91392629868176 0.651176319493623
2.75 3 22 23 68.11384104841534 0.6057164651265495
2.75 3 23 24 70.13344909356556 0.5644897860812752
2.75 3 24 25 71.23165302654684 0.5269816001716485
2.75 3 25 26 71.61105534145668 0.4927548365021313
2.75 3 26 27 71.43100212857576 0.4614361567821355
2.75 3 27 28 70.81736272477053 0.4327049241347063
2.75 3 28 29 69.86992670006714 0.4062843651947137
2.75 3 29 30 68.66804401777102 0.3819344363703231
2.75 3 30 31 67.2749578618255 0.3594460257058787
2.75 3 31 32 65.74115616785338 0.3386362086571705
2.75 3 32 33 64.10698066190815 0.319344343229208
2.75 3 33 34 62.40466990715925 0.3014288363437003
2.75 3 34 35 60.65996788457005 0.2847644522508194
2.75 3 35 36 58.89339690365671 0.2692400600122212
2.75 3 36 37 57.12126957725417 0.2547567394478797
2.75 3 37 38 55.35649683578185 0.2412261811195628
2.75 3 38 39 53.60923564417658 0.2285693289063622
2.75 3 39 40 51.88741008661344 0.2167152233846705
2.75 3 40 41 50.19713205567643 0.2056000126225583
2.75 3 41 42 48.54304182206835 0.19516610284556
2.75 3 42 43 46.92858458353015 0.1853614268500121
2.75 3 43 44 45.35623555764437 0.1761388111646586
2.75 3 44 45 43.82768358997509 0.1674554275300841
2.75 3 45 46 42.34302742866524 0.1594267001162962
2.75 3 46 47 40.90459577565076 0.1526039687344376
2.75 3 47 48 39.51155552498216 0.1470662565041203
2.75 3 48 49 38.16370829884067 0.1427879082380627
2.75 3 49 50 36.8604024703375 0.1392046603800451
3 3.25 0 1 1488.055741339327 1.387784280594074
3 3.25 1 2 -5017.180130271994 8.592285180384717
3 3.25 2 3 -5043.709488334933 9.708228171024549
3 3.25 3 4 -3482.379343126793 8.030539681527653
3 3.25 4 5 -2341.678524084813 6.572426496061369
3 3.25 5 6 -1584.269859896539 5.456321239310332
3 3.25 6 7 -1081.569524956411 4.602919091366778
3 3.25 7 8 -742.3785473316216 3.938688488950537
3 3.25 8 9 -509.0186035978961 3.411539986380546
3 3.25 9 10 -345.5125667889301 2.985246703095659
3 3.25 10 11 -229.118946641991 2.63513800532517
3 3.25 11 12 -145.1308589121154 2.343657220879935
3 3.25 12 13 -83.93709169229624 2.097875441903744
3 3.25 13 14 -39.01777102963365 1.888477308176151
3 3.25 14 15 -5.901885094287081 1.708412735067305
3 3.25 15 16 18.54105532647782 1.552296953242849
3 3.25 16 17 36.53992000874064 1.415954118181918
3 3.25 17 18 49.70556107036191 1.296101211150713
3 3.25 18 19 59.21779544108233 1.190125018762596
3 3.25 19 20 65.95103396560535 1.09592205732106
3 3.25 20 21 70.56017699632662 1.011781842237796
3 3.25 21 22 73.54029531130527 0.9363005177077967
3 3.25 22 23 75.26871295025467 0.8683160891118306
3 3.25 23 24 76.03508441215592 0.80685925355911
3 3.25 24 25 76.06315870786966 0.7511156458386445
3 3.25 25 26 75.52670726836055 0.7003965443305953
3 3.25 26 27 74.56130240232056 0.6541159193746426
3 3.25 27 28 73.27311067991457 0.6117722884301334
3 3.25 28 29 71.74551556594758 0.5729342509108717
3 3.25 29 30 70.0441454810657 0.5372288658342224
3 3.25 30 31 68.22071968192728 0.5043322458748821
3 3.25 31 32 66.3160100717609 0.4739618925672346
3 3.25 32 33 64.36213656145605 0.4458704106724973
3 3.25 33 34 62.38435628687995 0.4198403225555527
3 3.25 34 35 60.40246575440068 0.3956797655328569
3 3.25 35 36 58.43190505563138 0.3732189031990419
3 3.25 36 37 56.4846313635571 0.352306916817748
3 3.25 37 38 54.56981278585496 0.3328094714438347
3 3.25 38 39 52.69438158248551 0.3146065717231333
3 3.25 39 40 50.86347672878074 0.2975907402492314
3 3.25 40 41 49.08079910976846 0.2816654632509024
3 3.25 41 42 47.34889728201676 0.2667438594811953
3 3.25 42 43 45.66939798875393 0.2527475360492711
3 3.25 43 44 44.04319247679643 0.239605601463447
3 3.25 44 45 42.47058733596478 0.2272538114768904
3 3.25 45 46 40.95053456044408 0.2157366107559406
3 3.25 46 47 39.48418135739695 0.2053927617322993
3 3.25 47 48 38.06982989001935 0.1962530580791216
3 3.25 48 49 36.70646847186805 0.188286492290343
3 3.25 49 50 35.39272884411103 0.1811035407229195
3.25 3.5 0 1 773.7901190139653 0.4699998727175453
3.25 3.5 1 2 -5202.211477459535 19.06342977498391
3.25 3.5 2 3 -4638.914457314489 15.63385024193398
3.25 3.5 3 4 -3091.029326752948 11.93292988335699
3.25 3.5 4 5 -2024.809797242055 9.362217634979787
3.25 3.5 5 6 -1336.794972087199 7.556113990495819
3.25 3.5 6 7 -889.229626788228 6.240211871296415
3.25 3.5 7 8 -592.2767456877928 5.248620283599374
3.25 3.5 8 9 -391.1255442516069 4.480134524320491
3.25 3.5 9 10 -252.2828062880717 3.870471011106637
3.25 3.5 10 11 -154.8985401587565 3.377467067217927
3.25 3.5 11 12 -85.81449125185463 2.972176478136832
3.25 3.5 12 13 -36.38036002665081 2.634433710701168
3.25 3.5 13 14 -0.7970305192789056 2.349600083923878
3.25 3.5 14 15 24.83234497253989 2.106910531715839
3.25 3.5 15 16 43.22806828196849 1.898262008071184
3.25 3.5 16 17 56.31076151320303 1.717452073918171
3.25 3.5 17 18 65.4570729305533 1.559659653118137
3.25 3.5 18 19 71.66699248716259 1.421085812438946
3.25 3.5 19 20 75.6754852089083 1.298700183653925
3.25 3.5 20 21 78.02832035001006 1.190058685642657
3.25 3.5 21 22 79.13443187313067 1.093170338446833
3.25 3.5 22 23 79.30261942819175 1.006398494993473
3.25 3.5 23 24 78.76762704011179 0.9283866022470982
3.25 3.5 24 25 77.70890642348263 0.8580017083560846
3.25 3.5 25 26 76.26427146763422 0.7942909859929452
3.25 3.5 26 27 74.53993882978926 0.7364479232890808
3.25 3.5 27 28 72.61798166102614 0.683785779794948
3.25 3.5 28 29 70.56191138857531 0.6357165601405843
3.25 3.5 29 30 68.42089111042424 0.591734221295077
3.25 3.5 30 31 66.23293942241412 0.5514011570732862
3.25 3.5 31 32 64.02738293097292 0.5143372429305904
3.25 3.5 32 33 61.82674516266286 0.4802108958735641
3.25 3.5 33 34 59.64820955173678 0.4487317333660685
3.25 3.5 34 35 57.504758334657 0.4196445094746477
3.25 3.5 35 36 55.40606325862851 0.3927240782305724
3.25 3.5 36 37 53.35918509049549 0.3677711883585145
3.25 3.5 37 38 51.36912504463922 0.3446089548427185
3.25 3.5 38 39 49.43926091557827 0.3230798844613575
3.25 3.5 39 40 47.57169300219113 0.3030433573363903
3.25 3.5 40 41 45.76751922397563 0.2843734857151147
3.25 3.5 41 42 44.02705430004073 0.2669572858501219
3.25 3.5 42 43 42.35000469879094 0.2506931120708389
3.25 3.5 43 44 40.73560843756994 0.235489309523211
3.25 3.5 44 45 39.18274685802774 0.2212630523111339
3.25 3.5 45 46 37.68923231914074 0.2080312773008677
3.25 3.5 46 47 36.25496630085253 0.1960812421222968
3.25 3.5 47 48 34.87742468150628 0.1854332037645928
3.25 3.5 48 49 33.55480216168061 0.1760550388480984
3.25 3.5 49 50 32.28504283383197 0.1675893972314068
3.5 3.75 0 1 106.4603030987539 1.796304119238042
3.5 3.75 1 2 -5008.138959367226 25.51139710818376
3.5 3.75 2 3 -3968.420768776941 17.38602206807207
3.5 3.75 3 4 -2535.204084422719 12.46228726605242
3.5 3.75 4 5 -1606.668105807085 9.432321757424248
3.5 3.75 5 6 -1026.920234486318 7.42434170312429
3.5 3.75 6 7 -658.7996140316695 6.013559199320664
3.5 3.75 7 8 -419.609579406449 4.977486209920457
3.5 3.75 8 9 -260.7778466734803 4.190133992320976
3.5 3.75 9 10 -153.3276292029027 3.575586159340064
3.5 3.75 10 11 -79.53869412788549 3.085274986345174
3.5 3.75 11 12 -28.16281766148404 2.685797112389666
3.5 3.75 12 13 7.577773196644785 2.357819359108743
3.5 3.75 13 14 32.34861052489953 2.082869904874826
3.5 3.75 14 15 49.62263893739191 1.85073754668962
3.5 3.75 15 16 61.4329825508413 1.652707933447881
3.5 3.75 16 17 69.29502648062976 1.482339254730822
3.5 3.75 17 18 74.28331490632536 1.334670710721974
3.5 3.75 18 19 77.16988784606053 1.205825756971794
3.5 3.75 19 20 78.51580332182152 1.092735431678682
3.5 3.75 20 21 78.73280979923283 0.9929416067992842
3.5 3.75 21 22 78.1256049306553 0.9044546015014129
3.5 3.75 22 23 76.92123504136117 0.8256484985942416
3.5 3.75 23 24 75.28983243687753 0.7551830736189715
3.5 3.75 24 25 73.3594271122131 0.6919448099796922
3.5 3.75 25 26 71.22664710480564 0.6350018023733897
3.5 3.75 26 27 68.96452907861129 0.5835689013814049
3.5 3.75 27 28 66.62827339814947 0.5369805025395903
3.5 3.75 28 29 64.25952108079952 0.4946691059053059
3.5 3.75 29 30 61.88955701923956 0.4561482772093342
3.5 3.75 30 31 59.54172602584094 0.4209989989830888
3.5 3.75 31 32 57.23326680478854 0.3888586555669642
3.5 3.75 32 33 54.97671210989301 0.3594120826005904
3.5 3.75 33 34 52.78096323350266 0.3323842464282522
3.5 3.75 34 35 50.65211837170023 0.3075342205003956
3.5 3.75 35 36 48.59411382174565 0.2846502004870008
3.5 3.75 36 37 46.60922203221054 0.2635453571119719
3.5 3.75 37 38 44.69843961327712 0.2440543683672769
3.5 3.75 38 39 42.86179033856629 0.2260305058525789
3.5 3.75 39 40 41.09856217396839 0.2093431763581015
3.5 3.75 40 41 39.40749296629001 0.1938758378701007
3.5 3.75 41 42 37.7869159367896 0.1795242269786238
3.5 3.75 42 43 36.23487368863267 0.1661948447646792
3.5 3.75 43 44 34.74920745661211 0.1538036595959643
3.5 3.75 44 45 33.32762681622623 0.1422749917029199
3.5 3.75 45 46 31.96709333553611 0.1316551206817142
3.5 3.75 46 47 30.66642374660839 0.1223354447430247
3.5 3.75 47 48 29.42254297908758 0.1143852238647708
3.5 3.75 48 49 28.23307753744018 0.1078034543759075
3.5 3.75 49 50 27.09550513161356 0.1021707087030041
3.75 4 0 1 -398.2207438333766 2.053711362191573
3.75 4 1 2 -4288.581499057981 29.51251409157094
3.75 4 2 3 -3011.343584133856 14.21205402579176
3.75 4 3 4 -1825.016316149844 8.529673018895068
3.75 4 4 5 -1106.198302088157 5.690816704903506
3.75 4 5 6 -675.1076879184582 4.042536376653762
3.75 4 6 7 -409.6756950002298 2.992529898688046
3.75 4 7 8 -241.8761698336452 2.280057883467489
3.75 4 8 9 -133.3649354150334 1.773637083067704
3.75 4 9 10 -61.95043401212502 1.401198706125889
3.75 4 10 11 -14.47301011262107 1.121354124861454
3.75 4 11 12 17.278399304137 0.9032103124536133
3.75 4 12 13 38.65378783424103 0.7378257745444102
3.75 4 13 14 52.71242070617541 0.5979575434491954
3.75 4 14 15 61.68305352490688 0.4914671863369685
3.75 4 15 16 67.22362646526176 0.4043193208248743
3.75 4 16 17 70.29978555913436 0.3338997231272401
3.75 4 17 18 71.63303262432061 0.2771489977249869
3.75 4 18 19 71.73373789164998 0.2318283450718066
3.75 4 19 20 70.96673925359698 0.2117015127148368
3.75 4 20 21 69.59509448054706 0.1966317255449675
3.75 4 21 22 67.80976197921171 0.1829427297712622
3.75 4 22 23 65.75004675095892 0.1704703478701585
3.75 4 23 24 63.517880906215 0.1590745099316382
3.75 4 24 25 61.18792299449905 0.1486350884364457
3.75 4 25 26 58.81478096379396 0.1390485499922192
3.75 4 26 27 56.4382304256379 0.1302252466291671
3.75 4 27 28 54.08701897891115 0.1258445721316765
3.75 4 28 29 51.78166238817795 0.1282429059010101
3.75 4 29 30 49.53651472094072 0.1308377923431647
3.75 4 30 31 47.36131087360056 0.1333992577699879
3.75 4 31 32 45.2623224641475 0.1357885778689086
3.75 4 32 33 43.24322824032473 0.1379276874908542
3.75 4 33 34 41.30577222873811 0.1397778585297942
3.75 4 34 35 39.45026307366425 0.1413253560325002
3.75 4 35 36 37.67595387004506 0.1425719684219991
3.75 4 36 37 35.98133160085612 0.1435288204884455
3.75 4 37 38 34.36433789617708 0.144212359274974
3.75 4 38 39 32.82253738771838 0.144641767441834
3.75 4 39 40 31.35324592898218 0.1448373127990985
3.75 4 40 41 29.95362802692243 0.1448193107873731
3.75 4 41 42 28.6207705319211 0.1446074893873349
3.75 4 42 43 27.35173803533743 0.144220616809101
3.75 4 43 44 26.14361415070677 0.143676301545574
3.75 4 44 45 24.99353186517209 0.1429909031208894
3.75 4 45 46 23.89819775459614 0.1422525453523341
3.75 4 46 47 22.85577928488389 0.1417277929396263
3.75 4 47 48 21.86317241125821 0.1414303922893597
3.75 4 48 49 20.91788109400895 0.141331434813135
3.75 4 49 50 20.01734117755699 0.1412129024741561
4 5 0 1 -1169.568821149663 3.826111438016387
4 5 1 2 -4814.206283626642 10.70083309186322
4 5 2 3 -2777.236874745451 6.77904863232643
4 5 3 4 -1459.99468360053 4.785596596464462
4 5 4 5 -759.5269958463612 3.497147739285026
4 5 5 6 -382.1065923920573 2.659134753183035
4 5 6 7 -170.4312446918611 2.126792210142252
4 5 7 8 -48.33802616618459 1.762119537398416
4 5 8 9 23.12944510901889 1.489241585088827
4 5 9 10 64.94421641455585 1.274249635284871
4 5 10 11 88.87116337063901 1.104777816768725
4 5 11 12 101.7996308064717 0.9688857297163407
4 5 12 13 107.8709798305104 0.8556073635014746
4 5 13 14 109.6149421381102 0.7584938167592638
4 5 14 15 108.6244752313149 0.6764122316758464
4 5 15 16 105.9293276497282 0.6070494955365561
4 5 16 17 102.2049362400039 0.5474700732397786
4 5 17 18 97.89401070512258 0.4952873578288127
4 5 18 19 93.28667348361671 0.4491679046905249
4 5 19 20 88.57389635759108 0.4083871178223223
4 5 20 21 83.88159865826469 0.3723305005594562
4 5 21 22 79.29190740167613 0.3403426396201457
4 5 22 23 74.85682104910248 0.3117945411737562
4 5 23 24 70.60749686232947 0.2861639425421553
4 5 24 25 66.56079006876033 0.2630514812481979
4 5 25 26 62.723866313217 0.2421514286473746
4 5 26 27 59.09740689066825 0.2232149186264024
4 5 27 28 55.67780754617866 0.2060257911515916
4 5 28 29 52.45868390236558 0.1903905753577002
4 5 29 30 49.43191018569016 0.1761364592203455
4 5 30 31 46.58834349766397 0.1631114389943321
4 5 31 32 43.9183316922711 0.1511837406710457
4 5 32 33 41.41206824255809 0.1402399606132723
4 5 33 34 39.05983669539765 0.1301824381801018
4 5 34 35 36.85217483029761 0.1209265304199344
4 5 35 36 34.77998059219554 0.1123982229427853
4 5 36 37 32.83457622730189 0.1045322364640109
4 5 37 38 31.00774281979714 0.09727060430860886
4 5 38 39 29.29173417473124 0.09056161799740275
4 5 39 40 27.67927652091667 0.08435902740677517
4 5 40 41 26.16355871081776 0.07862140551632549
4 5 41 42 24.73821618737338 0.07331161745251615
4 5 42 43 23.39731106512696 0.06839635765864648
4 5 43 44 22.13530999574743 0.06384573732182648
4 5 44 45 20.94706094353825 0.0596329125916382
4 5 45 46 19.82727530692522 0.05618622449002822
4 5 46 47 18.77213918320656 0.05513422678780547
4 5 47 48 17.77705156997848 0.05672069045608934
4 5 48 49 16.83819966880056 0.06091666248598904
4 5 49 50 15.95163811518022 0.06547806556749793
-5 5 0 50 -543746.4104846999 97.54206094894532
