#ylo yhi qTlo qThi PDF0  uncertainty
-5 -4 0 1 -1202.668584405255 3.818373379719286
-5 -4 1 2 -4873.335987830384 10.70643183440304
-5 -4 2 3 -2793.347719348319 6.804424969594617
-5 -4 3 4 -1462.519618263583 4.808949699358177
-5 -4 4 5 -757.3996447648972 3.509308990212973
-5 -4 5 6 -378.4968500516488 2.665286869243868
-5 -4 6 7 -166.5867425320871 2.128421602097022
-5 -4 7 8 -44.72941938840358 1.76145158538962
-5 -4 8 9 26.34023399582588 1.488306138412882
-5 -4 9 10 67.73696839814431 1.274086536783165
-5 -4 10 11 91.27453935978588 1.105356601179457
-5 -4 11 12 103.8581646852587 0.970237625318185
-5 -4 12 13 109.6292112440227 0.8570955258690331
-5 -4 13 14 111.1165131528029 0.7605469206202286
-5 -4 14 15 109.9064323859191 0.6787425451732083
-5 -4 15 16 107.0239736917076 0.6095767597903254
-5 -4 16 17 103.139784624599 0.5501363951168284
-5 -4 17 18 98.69238626571234 0.4980505118602606
-5 -4 18 19 93.96833393061246 0.4519958022666962
-5 -4 19 20 89.15558631460431 0.4112547303015971
-5 -4 20 21 84.37752171277845 0.3752181430404631
-5 -4 21 22 79.71412663787203 0.3432347915841226
-5 -4 22 23 75.21559913007857 0.314678964718087
-5 -4 23 24 70.91158315309332 0.2890310171998212
-5 -4 24 25 66.81766100391491 0.2658936646541138
-5 -4 25 26 62.93992544749554 0.2449627980594063
-5 -4 26 27 59.27815116720734 0.2259907934193909
-5 -4 27 28 55.82796576761291 0.208762445092974
-5 -4 28 29 52.58233244309193 0.1930850310600693
-5 -4 29 30 49.5325700010644 0.1787863449403337
-5 -4 30 31 46.66906166491754 0.165714885420095
-5 -4 31 32 43.98175008900283 0.1537392998664129
-5 -4 32 33 41.46048149680753 0.1427465366283471
-5 -4 33 34 39.09524117588641 0.1326392254573185
-5 -4 34 35 36.87631014617264 0.1233329582811985
-5 -4 35 36 34.79436482875408 0.1147539069440345
-5 -4 36 37 32.84053593237587 0.1068369360210002
-5 -4 37 38 31.00643858636483 0.09952418604883688
-5 -4 38 39 29.2841825183796 0.0927640241413074
-5 -4 39 40 27.66636863224885 0.08651024781230413
-5 -4 40 41 26.14607656705756 0.08072145265976698
-5 -4 41 42 24.71684642419149 0.0753605037929956
-5 -4 42 43 23.37265694615891 0.07039407383489284
-5 -4 43 44 22.10790176174049 0.06579223269182806
-5 -4 44 45 20.9173647790704 0.06152807599732564
-5 -4 45 46 19.79569982489722 0.05802392225408593
-5 -4 46 47 18.73904660307269 0.05688260121023009
-5 -4 47 48 17.74275912560169 0.05833728402522275
-5 -4 48 49 16.80298634218958 0.06232702528047254
-5 -4 49 50 15.91574922607974 0.06665521834335859
-4 -3.75 0 1 -426.875706699407 2.031583239121414
-4 -3.75 1 2 -4347.367600109936 29.87580798183351
-4 -3.75 2 3 -3032.610680418611 14.38625274038309
-4 -3.75 3 4 -1831.996158360014 8.632066751364002
-4 -3.75 4 5 -1107.220499561796 5.757149425981477
-4 -3.75 5 6 -673.6353489225339 4.087980757654741
-4 -3.75 6 7 -407.2425343492446 3.024752881688872
-4 -3.75 7 8 -239.1730036549836 2.303390190521909
-4 -3.75 8 9 -130.7008874384558 1.790726351385998
-4 -3.75 9 10 -59.46081020468137 1.413854904078521
-4 -3.75 10 11 -12.2072747712316 1.132535136176903
-4 -3.75 11 12 19.14758737855141 0.913965569084735
-4 -3.75 12 13 40.38293541343535 0.7357462004731614
-4 -3.75 13 14 54.62958391557572 0.6004676592427487
-4 -3.75 14 15 63.12785008002413 0.493496909522348
-4 -3.75 15 16 68.50536410490395 0.4054770278467856
-4 -3.75 16 17 71.43673716514803 0.3344222703804814
-4 -3.75 17 18 72.64190217549844 0.2772461067134933
-4 -3.75 18 19 72.62951810956378 0.231695359575574
-4 -3.75 19 20 71.76274178002279 0.2126163899075289
-4 -3.75 20 21 70.3030618435667 0.1974864023523742
-4 -3.75 21 22 68.44001316667021 0.1837403494681621
-4 -3.75 22 23 66.31163100254275 0.1712140581594304
-4 -3.75 23 24 64.01872671989145 0.159767394776015
-4 -3.75 24 25 61.63497613374352 0.1492801264702865
-4 -3.75 25 26 59.21412896669418 0.1396485900225848
-4 -3.75 26 27 56.79521312618493 0.1307829949905679
-4 -3.75 27 28 54.40632559304018 0.12850547085591
-4 -3.75 28 29 52.06741622201241 0.1311275891566912
-4 -3.75 29 30 49.79234675559437 0.1338954380457408
-4 -3.75 30 31 47.59042351095752 0.1365886293509126
-4 -3.75 31 32 45.46754466253273 0.1390766335445457
-4 -3.75 32 33 43.42706316619677 0.1412880096528583
-4 -3.75 33 34 41.47043843592432 0.1431892593056024
-4 -3.75 34 35 39.59773010108363 0.144770746741442
-4 -3.75 35 36 37.80797303589834 0.1460374782708512
-4 -3.75 36 37 36.09946266803468 0.1470031195557474
-4 -3.75 37 38 34.46997218953807 0.1476861405105072
-4 -3.75 38 39 32.91691786328971 0.148107348630107
-4 -3.75 39 40 31.43748462183122 0.1482883287499495
-4 -3.75 40 41 30.02872124547032 0.1482504730489843
-4 -3.75 41 42 28.6876121111553 0.1480143970762423
-4 -3.75 42 43 27.411130915909 0.1475996060519254
-4 -3.75 43 44 26.19628051495347 0.1470243245888435
-4 -3.75 44 45 25.0401220238969 0.1463054304122419
-4 -3.75 45 46 23.93929534867254 0.1455298041446142
-4 -3.75 46 47 22.89191525258088 0.1449582986763363
-4 -3.75 47 48 21.89482393457524 0.1446041326013476
-4 -3.75 48 49 20.94547974065386 0.1444386055711549
-4 -3.75 49 50 20.04127642977535 0.1442489636148785
-3.75 -3.5 0 1 73.12672613795536 1.785026368275449
-3.75 -3.5 1 2 -5080.601935134127 25.62344425387249
-3.75 -3.5 2 3 -3997.251838600615 17.42927601088418
-3.75 -3.5 3 4 -2546.538478400761 12.48403416981759
-3.75 -3.5 4 5 -1610.203620218602 9.444513451279914
-3.75 -3.5 5 6 -1026.864727335022 7.431499753748029
-3.75 -3.5 6 7 -657.1231858762837 6.017781214355335
-3.75 -3.5 7 8 -417.2619062187846 4.979874241675258
-3.75 -3.5 8 9 -258.2223612145301 4.191322167514414
-3.75 -3.5 9 10 -150.7895630340738 3.575950900662969
-3.75 -3.5 10 11 -77.12119725353705 3.084604228570759
-3.75 -3.5 11 12 -25.93608495998296 2.686197750234164
-3.75 -3.5 12 13 9.604604130457119 2.356401760580624
-3.75 -3.5 13 14 34.20256859931987 2.081766607966833
-3.75 -3.5 14 15 51.29806034599289 1.849481613592924
-3.75 -3.5 15 16 62.94292730804091 1.651341885525581
-3.75 -3.5 16 17 70.65384786166726 1.480894811736976
-3.75 -3.5 17 18 75.50537291954697 1.333171828503542
-3.75 -3.5 18 19 78.26887805417994 1.204290712812244
-3.75 -3.5 19 20 79.50443351157446 1.091178286157666
-3.75 -3.5 20 21 79.62267376204773 0.9913732476274728
-3.75 -3.5 21 22 78.92716675536616 0.9028835010486789
-3.75 -3.5 22 23 77.64387347024422 0.8240812717302753
-3.75 -3.5 23 24 75.94191568109403 0.7536248937613623
-3.75 -3.5 24 25 73.94840077382997 0.690399723179586
-3.75 -3.5 25 26 71.75912515514364 0.6334729667396126
-3.75 -3.5 26 27 69.44638223921538 0.58205877156505
-3.75 -3.5 27 28 67.06471192608512 0.5354909729791908
-3.75 -3.5 28 29 64.65517055848414 0.4932016230349701
-3.75 -3.5 29 30 62.24852669978137 0.4547039280000754
-3.75 -3.5 30 31 59.86766983406528 0.4195785812243847
-3.75 -3.5 31 32 57.52943739927753 0.3874627341040203
-3.75 -3.5 32 33 55.24600856048821 0.3580410345689343
-3.75 -3.5 33 34 53.02597292927663 0.3310382978516548
-3.75 -3.5 34 35 50.87515377763779 0.3062134760348721
-3.75 -3.5 35 36 48.79724467587755 0.2833546678256945
-3.75 -3.5 36 37 46.79430353047852 0.262274967087806
-3.75 -3.5 37 38 44.86713707976369 0.2428089915568016
-3.75 -3.5 38 39 43.01560082605445 0.2248099665561732
-3.75 -3.5 39 40 41.23883338805436 0.2081472642721579
-3.75 -3.5 40 41 39.53543985920022 0.1927043182326548
-3.75 -3.5 41 42 37.90363527432922 0.1783768491592668
-3.75 -3.5 42 43 36.34135685221608 0.1650713499669839
-3.75 -3.5 43 44 34.84635171093275 0.152703787853206
-3.75 -3.5 44 45 33.41624524031035 0.1411984882461832
-3.75 -3.5 45 46 32.04791995669916 0.1306025255082036
-3.75 -3.5 46 47 30.74013137720009 0.1213103099722425
-3.75 -3.5 47 48 29.48973996309016 0.1133913227268181
-3.75 -3.5 48 49 28.29431768395669 0.1068436128280139
-3.75 -3.5 49 50 27.15129167038626 0.101244220104312
-3.5 -3.25 0 1 737.6713687652261 0.4593051640627198
-3.5 -3.25 1 2 -5285.527127312319 19.07486488413062
-3.5 -3.25 2 3 -4674.594956284569 15.59747292277599
-3.5 -3.25 3 4 -3106.763013486815 11.89475318951205
-3.5 -3.25 4 5 -2031.193374485265 9.327853862499671
-3.5 -3.25 5 6 -1338.573008749076 7.525991645497744
-3.5 -3.25 6 7 -888.7219146131138 6.213854454685142
-3.5 -3.25 7 8 -590.6593138030569 5.225445638385186
-3.5 -3.25 8 9 -389.0081671302742 4.459622586421389
-3.5 -3.25 9 10 -249.9859795041484 3.852222389264565
-3.5 -3.25 10 11 -152.6063877830213 3.36104744396713
-3.5 -3.25 11 12 -83.61198458089098 2.957415670022506
-3.5 -3.25 12 13 -34.29958246301203 2.621038932650535
-3.5 -3.25 13 14 1.136099962842991 2.337398681709149
-3.5 -3.25 14 15 26.61333719993195 2.095748493565237
-3.5 -3.25 15 16 44.86031734588414 1.888011239848361
-3.5 -3.25 16 17 57.80186645251433 1.708005166429545
-3.5 -3.25 17 18 66.81667202541291 1.550925841531781
-3.5 -3.25 18 19 72.90548862946241 1.412987837199519
-3.5 -3.25 19 20 76.80330353212696 1.291171833480581
-3.5 -3.25 20 21 79.05548854755011 1.183042858792814
-3.5 -3.25 21 22 80.07035756470179 1.086617500390196
-3.5 -3.25 22 23 80.15598780107268 1.000265441575437
-3.5 -3.25 23 24 79.54637117802764 0.9226354599277709
-3.5 -3.25 24 25 78.42022054712942 0.8525991202837772
-3.5 -3.25 25 26 76.91464838289119 0.7892074445277001
-3.5 -3.25 26 27 75.13521985414246 0.7316572191128945
-3.5 -3.25 27 28 73.16341174049825 0.6792645441228654
-3.5 -3.25 28 29 71.06219495986574 0.6314438824620752
-3.5 -3.25 29 30 68.88024608925679 0.5876913278384097
-3.5 -3.25 30 31 66.65514786678062 0.5475711394644089
-3.5 -3.25 31 32 64.41583766838602 0.5107048276276706
-3.5 -3.25 32 33 62.18449213589201 0.4767622476039619
-3.5 -3.25 33 34 59.97798591866916 0.4454542866721712
-3.5 -3.25 34 35 57.80902652332986 0.4165268237415855
-3.5 -3.25 35 36 55.68704126471243 0.3897557124435295
-3.5 -3.25 36 37 53.61887334763071 0.36494259259557
-3.5 -3.25 37 38 51.60933020332291 0.3419113756167833
-3.5 -3.25 38 39 49.66161686021778 0.3205052822715834
-3.5 -3.25 39 40 47.7776794160107 0.3005843343228626
-3.5 -3.25 40 41 45.95847798417947 0.2820232220202108
-3.5 -3.25 41 42 44.20420396396744 0.2647094837003092
-3.5 -3.25 42 43 42.51445330754882 0.2485419460437878
-3.5 -3.25 43 44 40.88836484681397 0.2334293828772188
-3.5 -3.25 44 45 39.3247307713136 0.2192893576958196
-3.5 -3.25 45 46 37.82127861328426 0.2061399527987224
-3.5 -3.25 46 47 36.37784579411591 0.1942716237090056
-3.5 -3.25 47 48 34.99183824884533 0.1837050005220495
-3.5 -3.25 48 49 33.66139179218635 0.1744074862260829
-3.5 -3.25 49 50 32.38439562919565 0.1660187144145018
-3.25 -3 0 1 1450.896169135293 1.335514459607197
-3.25 -3 1 2 -5109.927767730885 8.618517270278787
-3.25 -3 2 3 -5086.31350659961 9.687633698039711
-3.25 -3 3 4 -3502.935190565506 8.005237629953616
-3.25 -3 4 5 -2351.415124454112 6.548494572262138
-3.25 -3 5 6 -1588.365623550353 5.434780273212484
-3.25 -3 6 7 -1082.658971429951 4.583740413279339
-3.25 -3 7 8 -741.857129929866 3.921609817280561
-3.25 -3 8 9 -507.6464118365163 3.39628418158763
-3.25 -3 9 10 -343.7216782863138 2.97153231352824
-3.25 -3 10 11 -227.1527705045596 2.622742546896551
-3.25 -3 11 12 -143.1202956272132 2.332420239304098
-3.25 -3 12 13 -81.96567889049697 2.087631027846454
-3.25 -3 13 14 -37.12936524545557 1.879097840963094
-3.25 -3 14 15 -4.119047971168811 1.699791631686683
-3.25 -3 15 16 20.20863482282311 1.544344675977457
-3.25 -3 16 17 38.09030516287658 1.408594964750475
-3.25 -3 17 18 51.14140093582807 1.289270759628341
-3.25 -3 18 19 60.54434497150862 1.18376809782801
-3.25 -3 19 20 67.17491062537306 1.089991129975679
-3.25 -3 20 21 71.688582349066 1.006235713116199
-3.25 -3 21 22 74.58053377791066 0.9311032931777279
-3.25 -3 22 23 76.22790187986618 0.8634363357422322
-3.25 -3 23 24 76.91998760074591 0.8022693125516435
-3.25 -3 24 25 76.88009932152647 0.7467910710403237
-3.25 -3 25 26 76.28153135404574 0.6963156387591375
-3.25 -3 26 27 75.25937404237339 0.6502593504776027
-3.25 -3 27 28 73.91932632451682 0.6081227672585156
-3.25 -3 28 29 72.34432936952476 0.5694762625323802
-3.25 -3 29 30 70.59960031807412 0.5339484422696001
-3.25 -3 30 31 68.73648042743628 0.5012167733165749
-3.25 -3 31 32 66.79539700087128 0.4709999473020529
-3.25 -3 32 33 64.80815756905395 0.4430516187715266
-3.25 -3 33 34 62.79973719150701 0.4171552390800672
-3.25 -3 34 35 60.78967831369084 0.3931197704856731
-3.25 -3 35 36 58.79319255902425 0.3707761113274239
-3.25 -3 36 37 56.82203181400692 0.3499740992339122
-3.25 -3 37 38 54.88517977351518 0.3305799871900385
-3.25 -3 38 39 52.98940299963678 0.3124743080015905
-3.25 -3 39 40 51.13969150314679 0.2955500597363034
-3.25 -3 40 41 49.33961213685234 0.2797111578075495
-3.25 -3 41 42 47.59159273728946 0.2648711093291099
-3.25 -3 42 43 45.89715119052323 0.250951873434574
-3.25 -3 43 44 44.25708045795977 0.2378828785699766
-3.25 -3 44 45 42.67159826860293 0.2256001716241746
-3.25 -3 45 46 41.13957059120892 0.2141491918942558
-3.25 -3 46 47 39.66208201476607 0.20387150539281
-3.25 -3 47 48 38.23736283808859 0.1947980599131087
-3.25 -3 48 49 36.86434132943633 0.186897317058675
-3.25 -3 49 50 35.54159301817015 0.1797769766849122
-3 -2.75 0 1 2130.314474868146 2.174515865327293
-3 -2.75 1 2 -4744.461192673298 3.648761444830869
-3 -2.75 2 3 -5313.530988366899 5.665666406309433
-3 -2.75 3 4 -3768.126795501783 4.947576038753845
-3 -2.75 4 5 -2581.406489852888 4.156519353253922
-3 -2.75 5 6 -1776.065248661983 3.50894129795019
-3 -2.75 6 7 -1233.682611114878 2.996591315016054
-3 -2.75 7 8 -863.3266157365483 2.588996184386392
-3 -2.75 8 9 -605.7841735165125 2.260438529505252
-3 -2.75 9 10 -423.4599771410285 1.991647275335302
-3 -2.75 10 11 -292.2875400102648 1.768088628646823
-3 -2.75 11 12 -196.6484565711328 1.58106128415753
-3 -2.75 12 13 -126.154429367351 1.422007538538341
-3 -2.75 13 14 -73.7549046763786 1.285646068452531
-3 -2.75 14 15 -34.57483627920919 1.167729445449665
-3 -2.75 15 16 -5.179891196848985 1.064979118965672
-3 -2.75 16 17 16.88948243971686 0.9748296461045994
-3 -2.75 17 18 33.42099322683498 0.8952482903222237
-3 -2.75 18 19 45.73135123114457 0.8246058601656061
-3 -2.75 19 20 54.80190060604127 0.7615828646021406
-3 -2.75 20 21 61.37179624262114 0.705100366296524
-3 -2.75 21 22 66.00303412048572 0.6542683576669069
-3 -2.75 22 23 69.12650217721057 0.6083467424813196
-3 -2.75 23 24 71.07502871751421 0.5667155055350414
-3 -2.75 24 25 72.10739167850033 0.5288516633953578
-3 -2.75 25 26 72.42595802904498 0.4943112772612665
-3 -2.75 26 27 72.18977777094915 0.4627152867276815
-3 -2.75 27 28 71.52439652717646 0.4337382565212625
-3 -2.75 28 29 70.52927371301064 0.4070993651413799
-3 -2.75 29 30 69.28343594836241 0.3825551350238059
-3 -2.75 30 31 67.84981780082165 0.3598935259540034
-3 -2.75 31 32 66.27861767561842 0.3389291045885342
-3 -2.75 32 33 64.60990887331644 0.319499069542924
-3 -2.75 33 34 62.87568314141572 0.3014599616768648
-3 -2.75 34 35 61.10145881484027 0.2846849258768672
-3 -2.75 35 36 59.30755271876882 0.2690614210973242
-3 -2.75 36 37 57.51009082667468 0.2544892947073583
-3 -2.75 37 38 55.72181481432972 0.2408791568604829
-3 -2.75 38 39 53.95272828324954 0.228151000939832
-3 -2.75 39 40 52.21061638642828 0.2162330294888749
-3 -2.75 40 41 50.50146513353104 0.2050606490682861
-3 -2.75 41 42 48.82980067201197 0.1945756083769202
-3 -2.75 42 43 47.19896465560842 0.1847252558347827
-3 -2.75 43 44 45.61133826245899 0.1754618969990487
-3 -2.75 44 45 44.06852483566635 0.1667422385090336
-3 -2.75 45 46 42.57053874958191 0.1586821051318446
-3 -2.75 46 47 41.11965012370894 0.1518356491248794
-3 -2.75 47 48 39.71495447480149 0.14628216622626
-3 -2.75 48 49 38.35619440266362 0.1419954721633805
-3 -2.75 49 50 37.04266288033753 0.138407610950692
-2.75 -2.5 0 1 2749.962272036818 2.566295818769987
-2.75 -2.5 1 2 -4307.113157927271 1.106542589821932
-2.75 -2.5 2 3 -5427.898749396983 2.46114766126367
-2.75 -2.5 3 4 -3943.56009634091 2.482542573126329
-2.75 -2.5 4 5 -2744.719199121883 2.225235920191102
-2.75 -2.5 5 6 -1914.789658086918 1.956943295581783
-2.75 -2.5 6 7 -1348.625344083291 1.721708889340289
-2.75 -2.5 7 8 -958.046204059804 1.52252925959813
-2.75 -2.5 8 9 -683.9603628246459 1.355197897046224
-2.75 -2.5 9 10 -488.2563466791257 1.213782346160128
-2.75 -2.5 10 11 -346.2380282204811 1.093127658834846
-2.75 -2.5 11 12 -241.8082410562702 0.9897057087955686
-2.75 -2.5 12 13 -164.1346071826281 0.9002634398373863
-2.75 -2.5 13 14 -105.8374919126215 0.8223444616762117
-2.75 -2.5 14 15 -61.78280887729989 0.7540054393013688
-2.75 -2.5 15 16 -28.33463308647492 0.6936978777389724
-2.75 -2.5 16 17 -2.875953291347741 0.6401775420200388
-2.75 -2.5 17 18 16.50463045996594 0.5924359974264615
-2.75 -2.5 18 19 31.22163559555997 0.5496489538950634
-2.75 -2.5 19 20 42.33427944732193 0.5111371345234317
-2.75 -2.5 20 21 50.64414373230511 0.4763364361549163
-2.75 -2.5 21 22 56.76360126945519 0.4447749972558565
-2.75 -2.5 22 23 61.16445099557939 0.4160554295761197
-2.75 -2.5 23 24 64.21294506233914 0.3898409347994124
-2.75 -2.5 24 25 66.19532355254864 0.3658443705021332
-2.75 -2.5 25 26 67.33663806727623 0.3438195685111118
-2.75 -2.5 26 27 67.81477130528151 0.3235543916060486
-2.75 -2.5 27 28 67.77097791426411 0.3048651395005766
-2.75 -2.5 28 29 67.31787934784222 0.2875920110147505
-2.75 -2.5 29 30 66.54557672671734 0.2715953996677291
-2.75 -2.5 30 31 65.5263597618723 0.2567528504076093
-2.75 -2.5 31 32 64.3183593189512 0.2429565451564845
-2.75 -2.5 32 33 62.96839878644954 0.2301112140175892
-2.75 -2.5 33 34 61.51423325179553 0.2181323906339697
-2.75 -2.5 34 35 59.98631764461805 0.206944947893414
-2.75 -2.5 35 36 58.4092100938318 0.1964818634699143
-2.75 -2.5 36 37 56.80269104456647 0.1866831737714359
-2.75 -2.5 37 38 55.18265966605225 0.177495084987111
-2.75 -2.5 38 39 53.56185480088408 0.1688692128863539
-2.75 -2.5 39 40 51.95043696425694 0.1607619318969415
-2.75 -2.5 40 41 50.35645990291945 0.1531338150007003
-2.75 -2.5 41 42 48.78625378868887 0.1459491495965739
-2.75 -2.5 42 43 47.24473762090062 0.1391755186918034
-2.75 -2.5 43 44 45.7356745666462 0.1327834367492086
-2.75 -2.5 44 45 44.26188117378334 0.1267460321174074
-2.75 -2.5 45 46 42.82439391685224 0.1212605314464911
-2.75 -2.5 46 47 41.42651186839342 0.117140235495218
-2.75 -2.5 47 48 40.06811450273969 0.1144990973718345
-2.75 -2.5 48 49 38.74967689869916 0.1132812016272923
-2.75 -2.5 49 50 37.47114156868324 0.1126787594032651
-2.5 -2.25 0 1 3308.828393550684 1.843812306330809
-2.5 -2.25 1 2 -3866.61051480173 0.9637261998006329
-2.5 -2.25 2 3 -5484.04859090737 1.693215035635834
-2.5 -2.25 3 4 -4064.099273291165 1.559297083129975
-2.5 -2.25 4 5 -2863.312910725879 1.382113982236535
-2.5 -2.25 5 6 -2018.4793996934 1.251884400853472
-2.5 -2.25 6 7 -1436.366754745312 1.126295859095743
-2.5 -2.25 7 8 -1031.625046854819 1.013591112116374
-2.5 -2.25 8 9 -745.6325595507637 0.9153613670741331
-2.5 -2.25 9 10 -540.0986745733385 0.8298481655483712
-2.5 -2.25 10 11 -389.9883970622325 0.7548209435444244
-2.5 -2.25 11 12 -278.9013828557097 0.6893463419466922
-2.5 -2.25 12 13 -195.7270902783505 0.6317698062341121
-2.5 -2.25 13 14 -132.8629766289432 0.5808903716946754
-2.5 -2.25 14 15 -84.9967404083975 0.5357108018214021
-2.5 -2.25 15 16 -48.35088596380388 0.4954057978354141
-2.5 -2.25 16 17 -20.19595072433481 0.4592914693284186
-2.5 -2.25 17 18 1.469061866583615 0.4267990683773762
-2.5 -2.25 18 19 18.13038842871515 0.3974533705288764
-2.5 -2.25 19 20 30.90496423341278 0.3708552194451405
-2.5 -2.25 20 21 40.64108342799489 0.3466675412270637
-2.5 -2.25 21 22 47.98913815466324 0.3246041578764789
-2.5 -2.25 22 23 53.45204241446811 0.3044208278126733
-2.5 -2.25 23 24 57.4216486023023 0.2859080459914441
-2.5 -2.25 24 25 60.20536690609663 0.2688852338367197
-2.5 -2.25 25 26 62.0458403528994 0.2531960281567329
-2.5 -2.25 26 27 63.13563659576789 0.2387044412032476
-2.5 -2.25 27 28 63.62832248634493 0.2252917148167259
-2.5 -2.25 28 29 63.64688507203198 0.2128537296650392
-2.5 -2.25 29 30 63.29018653935555 0.201298861231747
-2.5 -2.25 30 31 62.63794917710385 0.1905461954636511
-2.5 -2.25 31 32 61.75463179849754 0.1805240379369172
-2.5 -2.25 32 33 60.69246351184938 0.171168661774747
-2.5 -2.25 33 34 59.49383220212735 0.1624232516076325
-2.5 -2.25 34 35 58.19317540975766 0.154237008609839
-2.5 -2.25 35 36 56.81848500842233 0.1465643900300094
-2.5 -2.25 36 37 55.39251028629297 0.1393644590393055
-2.5 -2.25 37 38 53.93372420509337 0.1326003282204415
-2.5 -2.25 38 39 52.45710266233527 0.1262386804034069
-2.5 -2.25 39 40 50.97475534681797 0.1202493553027017
-2.5 -2.25 40 41 49.49643836193962 0.1146049919895632
-2.5 -2.25 41 42 48.02997204442843 0.109280717243775
-2.5 -2.25 42 43 46.58158265629993 0.1042538755152964
-2.5 -2.25 43 44 45.15618256918427 0.09950379182727555
-2.5 -2.25 44 45 43.75760061318189 0.09501156457928597
-2.5 -2.25 45 46 42.38773075214189 0.09107857828026862
-2.5 -2.25 46 47 41.05073128681141 0.08888222289055804
-2.5 -2.25 47 48 39.74714498054001 0.0885589433358691
-2.5 -2.25 48 49 38.47806702588136 0.08996178486236428
-2.5 -2.25 49 50 37.24399123949746 0.09313810455222064
-2.25 -2 0 1 3814.688379930776 1.058872327118245
-2.25 -2 1 2 -3457.634639631247 0.8765578974451534
-2.25 -2 2 3 -5531.644790347643 1.662200872145451
-2.25 -2 3 4 -4171.364819742243 1.53620050512193
-2.25 -2 4 5 -2967.507881690452 1.353795762792925
-2.25 -2 5 6 -2107.788727026974 1.1927476845012
-2.25 -2 6 7 -1510.392795026883 1.057907271402005
-2.25 -2 7 8 -1092.474072939539 0.9446412404978802
-2.25 -2 8 9 -795.6737651624626 0.8498919982296796
-2.25 -2 9 10 -581.4005713455495 0.7675771493174415
-2.25 -2 10 11 -424.2265124480805 0.6975822708839188
-2.25 -2 11 12 -307.4211830592055 0.6365051014855402
-2.25 -2 12 13 -219.5904046381777 0.5830274293207109
-2.25 -2 13 14 -152.9119082930981 0.5358909960060981
-2.25 -2 14 15 -101.9024490249201 0.4940948343082634
-2.25 -2 15 16 -62.65163657482071 0.4568336518114047
-2.25 -2 16 17 -32.3262912815826 0.423452872033511
-2.25 -2 17 18 -8.843987213934724 0.3934153997304642
-2.25 -2 18 19 9.345878449098109 0.3662767234626137
-2.25 -2 19 20 23.41147574040292 0.341666036112947
-2.25 -2 20 21 34.24216137091969 0.3192717473220086
-2.25 -2 21 22 42.52145413393521 0.2988302582207827
-2.25 -2 22 23 48.77915889119174 0.2801171691132513
-2.25 -2 23 24 53.42908456576833 0.2629403386191126
-2.25 -2 24 25 56.79666707779359 0.2471343539862324
-2.25 -2 25 26 59.13942383200015 0.232556093644008
-2.25 -2 26 27 60.66225518410238 0.2190811379001151
-2.25 -2 27 28 61.52899915058731 0.206600847593177
-2.25 -2 28 29 61.87123296867776 0.195019969611016
-2.25 -2 29 30 61.79503152165364 0.1842546625857767
-2.25 -2 30 31 61.38619570951988 0.1742308595123926
-2.25 -2 31 32 60.71432515189019 0.164882902933404
-2.25 -2 32 33 59.83601104940703 0.1561524001949103
-2.25 -2 33 34 58.7973542258506 0.1479872598604901
-2.25 -2 34 35 57.63596200267057 0.1403408761563448
-2.25 -2 35 36 56.38253996189064 0.1331714361382954
-2.25 -2 36 37 55.06216686772541 0.1264413277687361
-2.25 -2 37 38 53.69532041445092 0.1201166338953419
-2.25 -2 38 39 52.29870593649611 0.1141666956625967
-2.25 -2 39 40 50.88592849811448 0.108563737545366
-2.25 -2 40 41 49.46804002829646 0.1032825406982007
-2.25 -2 41 42 48.05398610381701 0.09830016104840868
-2.25 -2 42 43 46.65097203398057 0.09359568246380341
-2.25 -2 43 44 45.26476364128357 0.08915000079325859
-2.25 -2 44 45 43.89993505167007 0.08494563665257272
-2.25 -2 45 46 42.55899647795874 0.08162481668201749
-2.25 -2 46 47 41.24674567924711 0.08158581397760685
-2.25 -2 47 48 39.96419063617444 0.08489122766859608
-2.25 -2 48 49 38.71286655901167 0.09091839993896206
-2.25 -2 49 50 37.49365386471362 0.09729165899272534
-2 -1.75 0 1 4289.731190818033 1.075328001763164
-2 -1.75 1 2 -3051.85640182147 2.561667264490763
-2 -1.75 2 3 -5541.169986040859 2.795913251426688
-2 -1.75 3 4 -4246.611333708548 2.333666099413133
-2 -1.75 4 5 -3051.176334957069 1.938202202313372
-2 -1.75 5 6 -2185.876993662644 1.635358650711649
-2 -1.75 6 7 -1579.609187496862 1.402369934845852
-2 -1.75 7 8 -1152.685258000286 1.219352420993479
-2 -1.75 8 9 -847.716597592786 1.072236293304361
-2 -1.75 9 10 -626.3415434888384 0.9523738604143693
-2 -1.75 10 11 -463.0758623416373 0.8521270453606512
-2 -1.75 11 12 -341.1019309800286 0.7676858109533105
-2 -1.75 12 13 -248.8866276943172 0.6955590865787477
-2 -1.75 13 14 -178.4842936633074 0.633311822730423
-2 -1.75 14 15 -124.3038796314147 0.5791093300867682
-2 -1.75 15 16 -82.34393438566258 0.531543372021588
-2 -1.75 16 17 -49.69556386929662 0.4895150524659058
-2 -1.75 17 18 -24.21381627897017 0.4521542054319013
-2 -1.75 18 19 -4.296558485243622 0.4187627461443831
-2 -1.75 19 20 11.26687623815042 0.3887740869651343
-2 -1.75 20 21 23.40096829692516 0.3617235452414335
-2 -1.75 21 22 32.81835509891994 0.3372264157498894
-2 -1.75 22 23 40.07306671420986 0.3149614835077861
-2 -1.75 23 24 45.59914167163708 0.2946584614562227
-2 -1.75 24 25 49.73897349119977 0.2760883022314907
-2 -1.75 25 26 52.76434859710992 0.259055643321991
-2 -1.75 26 27 54.89221908340437 0.2433928557834584
-2 -1.75 27 28 56.29663920337964 0.2289553126038942
-2 -1.75 28 29 57.1178772139242 0.2156175939352244
-2 -1.75 29 30 57.46942687863395 0.2032704189913889
-2 -1.75 30 31 57.44344302409138 0.1918181484800315
-2 -1.75 31 32 57.11498449792583 0.1811767351345882
-2 -1.75 32 33 56.54534744932738 0.1712720336256615
-2 -1.75 33 34 55.78469961912373 0.1620383963196257
-2 -1.75 34 35 54.87417378641584 0.1534175012371815
-2 -1.75 35 36 53.84754004395273 0.145357368254471
-2 -1.75 36 37 52.73254806746422 0.1378115289313968
-2 -1.75 37 38 51.55200938337185 0.1307383231245871
-2 -1.75 38 39 50.32467366509434 0.124100300380764
-2 -1.75 39 40 49.0659410063725 0.1178637076720181
-2 -1.75 40 41 47.78844309447061 0.1119980501945983
-2 -1.75 41 42 46.50251890311267 0.1064757131361195
-2 -1.75 42 43 45.21660540722036 0.1012716340773426
-2 -1.75 43 44 43.93755939663356 0.09636301946957455
-2 -1.75 44 45 42.67092328142721 0.09172909739879041
-2 -1.75 45 46 41.42004523815274 0.08771255826404036
-2 -1.75 46 47 40.19053326910128 0.08566403301155456
-2 -1.75 47 48 38.98405697139799 0.08576681119409037
-2 -1.75 48 49 37.80276337143027 0.09085916001945216
-2 -1.75 49 50 36.64807801738755 0.09771274822611396
-1.75 -1.5 0 1 4717.881509345023 0.937924505868198
-1.75 -1.5 1 2 -2671.585715071716 0.7455191584085848
-1.75 -1.5 2 3 -5533.846692370036 1.691545021174927
-1.75 -1.5 3 4 -4289.10443569999 1.637229103553728
-1.75 -1.5 4 5 -3096.195427340694 1.465526856225925
-1.75 -1.5 5 6 -2224.942389354515 1.29224661107472
-1.75 -1.5 6 7 -1611.940098821626 1.139758731352879
-1.75 -1.5 7 8 -1179.124920851747 1.010047305304197
-1.75 -1.5 8 9 -869.3163286866597 0.9002302197424307
-1.75 -1.5 9 10 -644.0335183565517 0.807871727850355
-1.75 -1.5 10 11 -477.6248733995953 0.7283283771815882
-1.75 -1.5 11 12 -353.1129016570715 0.6601868025254098
-1.75 -1.5 12 13 -258.8399069379914 0.6011497485726746
-1.75 -1.5 13 14 -186.7611906917487 0.5496252551388828
-1.75 -1.5 14 15 -131.2085578224808 0.5043518380208027
-1.75 -1.5 15 16 -88.12042269074209 0.4643239022008634
-1.75 -1.5 16 17 -54.54079852561063 0.4287334584813213
-1.75 -1.5 17 18 -28.28762492901865 0.3969256985534951
-1.75 -1.5 18 19 -7.729333116948737 0.368365367060449
-1.75 -1.5 19 20 8.368246013268845 0.3426112770127987
-1.75 -1.5 20 21 20.94847477358849 0.3192968908097985
-1.75 -1.5 21 22 30.73924837429684 0.2981154205354861
-1.75 -1.5 22 23 38.306992199467 0.2788082967669355
-1.75 -1.5 23 24 44.09586419633013 0.2611561741150374
-1.75 -1.5 24 25 48.45655663421451 0.2449718532418882
-1.75 -1.5 25 26 51.66768986995419 0.2300946684787118
-1.75 -1.5 26 27 53.95186520126583 0.216386000112092
-1.75 -1.5 27 28 55.48782322502836 0.2037256615959773
-1.75 -1.5 28 29 56.41973248404202 0.1920089683959658
-1.75 -1.5 29 30 56.86434263537024 0.1811443456805582
-1.75 -1.5 30 31 56.91653410078345 0.1710513623022326
-1.75 -1.5 31 32 56.65365334516162 0.1616591056060278
-1.75 -1.5 32 33 56.13892119177501 0.1529048314374473
-1.75 -1.5 33 34 55.42412834403802 0.1447328346949242
-1.75 -1.5 34 35 54.55177899020362 0.1370935019061131
-1.75 -1.5 35 36 53.55680431760698 0.1299425114421571
-1.75 -1.5 36 37 52.46793879359973 0.1232401551768566
-1.75 -1.5 37 38 51.30883058093224 0.1169507612130704
-1.75 -1.5 38 39 50.09894119295518 0.1110422012542639
-1.75 -1.5 39 40 48.85427720787249 0.1054854668700135
-1.75 -1.5 40 41 47.58798766938196 0.1002543044680914
-1.75 -1.5 41 42 46.3108533513917 0.09532490189107898
-1.75 -1.5 42 43 45.03168886190718 0.0906756135963389
-1.75 -1.5 43 44 43.75767402687308 0.08628672448528089
-1.75 -1.5 44 45 42.49462776053608 0.08214024217030323
-1.75 -1.5 45 46 41.24610325462794 0.07892647122518825
-1.75 -1.5 46 47 40.01797285474109 0.07922502673701055
-1.75 -1.5 47 48 38.81204791402155 0.08311551043828355
-1.75 -1.5 48 49 37.63062429262652 0.0899423990861751
-1.75 -1.5 49 50 36.47526172259165 0.09715157555046891
-1.5 -1.25 0 1 5121.403887224083 3.306884343824361
-1.5 -1.25 1 2 -2294.289094896981 4.163325578213186
-1.5 -1.25 2 3 -5510.220986793779 1.675521281140408
-1.5 -1.25 3 4 -4324.822868988353 1.599943991098269
-1.5 -1.25 4 5 -3142.816515302878 1.425492053435621
-1.5 -1.25 5 6 -2270.526474564281 1.258353031352056
-1.5 -1.25 6 7 -1653.312050346173 1.113902030117647
-1.5 -1.25 7 8 -1215.694155501384 0.9914509767524561
-1.5 -1.25 8 9 -901.3261003113125 0.8885200023095815
-1.5 -1.25 9 10 -671.9719322042383 0.7996135920628196
-1.5 -1.25 10 11 -502.0155353552059 0.7243376303368284
-1.5 -1.25 11 12 -374.4520334694039 0.6589916303293996
-1.5 -1.25 12 13 -277.563441963149 0.602077754740294
-1.5 -1.25 13 14 -203.2441115365154 0.5521607743556124
-1.5 -1.25 14 15 -145.7695762829901 0.5080996968051414
-1.5 -1.25 15 16 -101.0290605473544 0.4689804258780167
-1.5 -1.25 16 17 -66.02467766367181 0.434064304413588
-1.5 -1.25 17 18 -38.53912499530952 0.4027492030587099
-1.5 -1.25 18 19 -16.91136078606701 0.3745400977804249
-1.5 -1.25 19 20 0.1173851225096314 0.3490267162462136
-1.5 -1.25 20 21 13.5110153498274 0.325866430304409
-1.5 -1.25 21 22 24.01460186351653 0.3047710621636577
-1.5 -1.25 22 23 32.20896738959004 0.28549661537103
-1.5 -1.25 23 24 38.55037073291192 0.2678352200154506
-1.5 -1.25 24 25 43.39970517520976 0.2516087588846387
-1.5 -1.25 25 26 47.04421710458598 0.2385351932449388
-1.5 -1.25 26 27 49.71382483430637 0.2269500122765428
-1.5 -1.25 27 28 51.59349492083049 0.2161255242253465
-1.5 -1.25 28 29 52.83270976041217 0.205997488611353
-1.5 -1.25 29 30 53.55276803365314 0.1965082081362305
-1.5 -1.25 30 31 53.85245589061424 0.1876057809464712
-1.5 -1.25 31 32 53.81248281139415 0.1792434397418447
-1.5 -1.25 32 33 53.49897341233924 0.1713789702251566
-1.5 -1.25 33 34 52.9662324756095 0.1639741997333359
-1.5 -1.25 34 35 52.25894659672485 0.1569945490718842
-1.5 -1.25 35 36 51.41394630783384 0.1504086380037789
-1.5 -1.25 36 37 50.46162318666427 0.1441879387691433
-1.5 -1.25 37 38 49.42707466188381 0.1383064724028965
-1.5 -1.25 38 39 48.33103271376712 0.1327405399000636
-1.5 -1.25 39 40 47.19062018897347 0.1274684865333486
-1.5 -1.25 40 41 46.01996909197135 0.1224704929999638
-1.5 -1.25 41 42 44.8307276319423 0.1177283912612657
-1.5 -1.25 42 43 43.63247750823621 0.1132255007946084
-1.5 -1.25 43 44 42.43307827959234 0.1089464845788845
-1.5 -1.25 44 45 41.23895237501029 0.1048772195499414
-1.5 -1.25 45 46 40.05416900618431 0.1013416288845639
-1.5 -1.25 46 47 38.88511426623725 0.09958496199654072
-1.5 -1.25 47 48 37.73400612031475 0.09976926592711256
-1.5 -1.25 48 49 36.60352254723711 0.1017841507736291
-1.5 -1.25 49 50 35.49555761563514 0.1044098391091184
-1.25 -1 0 1 5450.854761256903 1.571144535756076
-1.25 -1 1 2 -2008.511141278166 0.6497193744083128
-1.25 -1 2 3 -5509.468417563938 1.832550192562206
-1.25 -1 3 4 -4364.424815958189 1.784189172864967
-1.25 -1 4 5 -3185.423100226469 1.590171083408837
-1.25 -1 5 6 -2308.527264749995 1.401125902056852
-1.25 -1 6 7 -1685.580173989587 1.238318750564558
-1.25 -1 7 8 -1242.684078602498 1.101170267822061
-1.25 -1 8 9 -923.8203497051682 0.9862996160424785
-1.25 -1 9 10 -690.7348330797895 0.8878300064343881
-1.25 -1 10 11 -517.7014907094558 0.8044384062216133
-1.25 -1 11 12 -387.6071264155253 0.7322633529341854
-1.25 -1 12 13 -288.6311514598037 0.6694881104417693
-1.25 -1 13 14 -212.5841606582887 0.6144818911280048
-1.25 -1 14 15 -153.6739832132107 0.5659589108390658
-1.25 -1 15 16 -107.7356268184894 0.5228953988345116
-1.25 -1 16 17 -71.72786629487791 0.4844678859265582
-1.25 -1 17 18 -43.39868804875164 0.4500074489827957
-1.25 -1 18 19 -21.05914371722633 0.4189656184545198
-1.25 -1 19 20 -3.4279226794431 0.3908887629656702
-1.25 -1 20 21 10.47717428027795 0.3653986558904799
-1.25 -1 21 22 21.41614501395202 0.3421775813453491
-1.25 -1 22 23 29.98204758994655 0.3209568059494012
-1.25 -1 23 24 36.64121728459679 0.3015075698945129
-1.25 -1 24 25 41.76288252669508 0.2836339832203223
-1.25 -1 25 26 45.64121315644195 0.2671673761447059
-1.25 -1 26 27 48.5119008874442 0.2519617697676093
-1.25 -1 27 28 50.56474442270564 0.2378902178383234
-1.25 -1 28 29 51.95328456160519 0.2248418303784272
-1.25 -1 29 30 52.80223970477778 0.2127193367341147
-1.25 -1 30 31 53.21328646284883 0.2014370769916963
-1.25 -1 31 32 53.26958457534329 0.1909193375590051
-1.25 -1 32 33 53.03934150870737 0.1810989629881232
-1.25 -1 33 34 52.5786372275615 0.1719161934177697
-1.25 -1 34 35 51.93367506192698 0.1633176850500527
-1.25 -1 35 36 51.14258452596061 0.1552556820699447
-1.25 -1 36 37 50.23687219486141 0.1476873123107003
-1.25 -1 37 38 49.24259461757447 0.1405739862617034
-1.25 -1 38 39 48.18131048924215 0.1338808826175541
-1.25 -1 39 40 47.07085662263961 0.1275765053557408
-1.25 -1 40 41 45.92598275045981 0.1216323014977112
-1.25 -1 41 42 44.75887247518972 0.116022330212492
-1.25 -1 42 43 43.57957229661343 0.1107229755462653
-1.25 -1 43 44 42.39634591813552 0.1057126948400625
-1.25 -1 44 45 41.21596769201113 0.1009718006051117
-1.25 -1 45 46 40.04279196889632 0.09685881763423591
-1.25 -1 46 47 38.88351685933074 0.09478073763974094
-1.25 -1 47 48 37.74057263643596 0.09493948026807614
-1.25 -1 48 49 36.616842099471 0.09774094551239174
-1.25 -1 49 50 35.51440253987539 0.105457907550397
-1 -0.75 0 1 5729.701141566096 1.919332217746927
-1 -0.75 1 2 -1748.408756170969 1.78916954333209
-1 -0.75 2 3 -5484.468398670213 1.594458034787297
-1 -0.75 3 4 -4374.977885305704 1.532596246121527
-1 -0.75 4 5 -3201.736444619471 1.368145457454878
-1 -0.75 5 6 -2324.316777974738 1.212366671826967
-1 -0.75 6 7 -1699.492079999999 1.078830790791826
-1 -0.75 7 8 -1254.595487025415 0.9658351891099434
-1 -0.75 8 9 -933.9261222456066 0.8706464029401266
-1 -0.75 9 10 -699.2925137137108 0.7879535697804213
-1 -0.75 10 11 -524.953375887726 0.717564852548962
-1 -0.75 11 12 -393.7681749146327 0.656049111754899
-1 -0.75 12 13 -293.8819341951348 0.6021262988825334
-1 -0.75 13 14 -217.0750355080288 0.5545400652217163
-1 -0.75 14 15 -157.5294915498409 0.5122907530483983
-1 -0.75 15 16 -111.0588036424861 0.4745745756032022
-1 -0.75 16 17 -74.60402586786449 0.4407386730596469
-1 -0.75 17 18 -45.8986026320074 0.4102477273308427
-1 -0.75 18 19 -23.24165915067351 0.3826589278378816
-1 -0.75 19 20 -5.342091479229111 0.3576030038718286
-1 -0.75 20 21 8.790358781425311 0.3347696946104154
-1 -0.75 21 22 19.92233898893528 0.3138965115700719
-1 -0.75 22 23 28.65240901179004 0.2947599537216601
-1 -0.75 23 24 35.45146923644927 0.2771685832203008
-1 -0.75 24 25 40.69254655227451 0.2609575181283701
-1 -0.75 25 26 44.6729798854667 0.2459840173121841
-1 -0.75 26 27 47.6311117807694 0.2321239137849006
-1 -0.75 27 28 49.75896373973569 0.219268713928068
-1 -0.75 28 29 51.2119448185822 0.2073232209495974
-1 -0.75 29 30 52.11634718714072 0.1962035769688946
-1 -0.75 30 31 52.57517596732418 0.1858356396048547
-1 -0.75 31 32 52.67271463153622 0.1761536281707401
-1 -0.75 32 33 52.47812298273789 0.1670989899668517
-1 -0.75 33 34 52.04828953267906 0.1586194443516082
-1 -0.75 34 35 51.43010525917924 0.150668174395053
-1 -0.75 35 36 50.66228545592213 0.1432031396306494
-1 -0.75 36 37 49.7768364673455 0.1361864891845646
-1 -0.75 37 38 48.80024184758315 0.1295840591543362
-1 -0.75 38 39 47.75442562425263 0.1233649401657512
-1 -0.75 39 40 46.65753757295914 0.1175011037993085
-1 -0.75 40 41 45.52459584398372 0.1119670787050814
-1 -0.75 41 42 44.36801450127319 0.1067396704432697
-1 -0.75 42 43 43.19803811369769 0.1017977150970123
-1 -0.75 43 44 42.02310076607273 0.09712186591544927
-1 -0.75 44 45 40.85012348954848 0.09269440503363784
-1 -0.75 45 46 39.68356799758214 0.08926413132458225
-1 -0.75 46 47 38.53027764263331 0.08962844572130638
-1 -0.75 47 48 37.39275733130103 0.09388194504189162
-1 -0.75 48 49 36.27397067453191 0.1013202808805204
-1 -0.75 49 50 35.1760614439259 0.1091778056011563
-0.75 -0.5 0 1 5945.808717532987 2.666808346659005
-0.75 -0.5 1 2 -1550.746497478089 2.070016173227629
-0.75 -0.5 2 3 -5468.844792821471 1.599825922857078
-0.75 -0.5 3 4 -4387.583275563661 1.544231899231848
-0.75 -0.5 4 5 -3219.2429803 1.379781232001001
-0.75 -0.5 5 6 -2341.494174108286 1.222260142183497
-0.75 -0.5 6 7 -1715.067923180371 1.086642726315452
-0.75 -0.5 7 8 -1268.360921038134 0.9717710265056871
-0.75 -0.5 8 9 -945.9860719208168 0.8750774651952374
-0.75 -0.5 9 10 -709.8374238740166 0.7911989139729804
-0.75 -0.5 10 11 -534.1790977483197 0.7199304540561512
-0.75 -0.5 11 12 -401.8603639618068 0.6577483290854731
-0.75 -0.5 12 13 -301.0024722148878 0.6033262119717178
-0.75 -0.5 13 14 -223.3630054017021 0.5553662542637514
-0.75 -0.5 14 15 -163.1031498167602 0.5131304068456105
-0.75 -0.5 15 16 -116.0182638765018 0.4778819878958466
-0.75 -0.5 16 17 -79.0339494671357 0.4459495671999231
-0.75 -0.5 17 18 -49.87063396286294 0.4169364113470398
-0.75 -0.5 18 19 -26.81653080856722 0.3904999376963244
-0.75 -0.5 19 20 -8.571403596757364 0.3663445700831146
-0.75 -0.5 20 21 5.86265174538994 0.3442150354216063
-0.75 -0.5 21 22 17.25869253631618 0.3238904122072172
-0.75 -0.5 22 23 26.22066358926361 0.3051789935222107
-0.75 -0.5 23 24 33.22399997425759 0.2879139185371343
-0.75 -0.5 24 25 38.64555713143409 0.271949486254584
-0.75 -0.5 25 26 42.7859150069969 0.2571580552357506
-0.75 -0.5 26 27 45.88616721009282 0.2434274401711612
-0.75 -0.5 27 28 48.14067671139105 0.2306587230813585
-0.75 -0.5 28 29 49.70685073424499 0.2187644110148477
-0.75 -0.5 29 30 50.71269112464552 0.2076668807278407
-0.75 -0.5 30 31 51.26266961257352 0.1972970639208723
-0.75 -0.5 31 32 51.44233094994763 0.18759333012812
-0.75 -0.5 32 33 51.32192232654961 0.1785005365621738
-0.75 -0.5 33 34 50.95927199981173 0.1699692167128453
-0.75 -0.5 34 35 50.40208503158533 0.1619548845397978
-0.75 -0.5 35 36 49.6897835864055 0.1544174374132185
-0.75 -0.5 36 37 48.85498918793297 0.1473206406661128
-0.75 -0.5 37 38 47.92472197094071 0.1406316822391646
-0.75 -0.5 38 39 46.92137501361663 0.1343207865363877
-0.75 -0.5 39 40 45.8635089927418 0.1283608782057462
-0.75 -0.5 40 41 44.76650277677749 0.1227272894535576
-0.75 -0.5 41 42 43.64308774672116 0.1173975036076669
-0.75 -0.5 42 43 42.50378817348729 0.1123509302387571
-0.75 -0.5 43 44 41.35728517578463 0.1075687085429308
-0.75 -0.5 44 45 40.21071838770087 0.1030335322978143
-0.75 -0.5 45 46 39.06873002596723 0.09912929257125803
-0.75 -0.5 46 47 37.93835883156567 0.09734540293393142
-0.75 -0.5 47 48 36.82224982950456 0.09787950946233322
-0.75 -0.5 48 49 35.72350347613676 0.1017249568834768
-0.75 -0.5 49 50 34.64438469896103 0.1097720648549027
-0.5 -0.25 0 1 6088.136502928626 2.594357544292138
-0.5 -0.25 1 2 -1426.481660848947 1.45499263283384
-0.5 -0.25 2 3 -5463.325888954698 1.576118115392067
-0.5 -0.25 3 4 -4399.117443844223 1.53802329263793
-0.5 -0.25 4 5 -3232.91059043147 1.381958143654609
-0.5 -0.25 5 6 -2354.180489060348 1.272550740072141
-0.5 -0.25 6 7 -1726.162439127236 1.156992240364174
-0.5 -0.25 7 8 -1277.881741721686 1.04962235734519
-0.5 -0.25 8 9 -954.111354327254 0.9537743515289174
-0.5 -0.25 9 10 -716.7648550076015 0.8697924804317166
-0.5 -0.25 10 11 -540.095025479096 0.7950183254481304
-0.5 -0.25 11 12 -406.9251004110833 0.729375368364952
-0.5 -0.25 12 13 -305.3513000400417 0.6712834944406636
-0.5 -0.25 13 14 -227.1087775257304 0.6196654516253026
-0.5 -0.25 14 15 -166.3396658011161 0.5736051834381322
-0.5 -0.25 15 16 -118.8234806176977 0.5323319514386297
-0.5 -0.25 16 17 -81.47277010499874 0.4951991796677623
-0.5 -0.25 17 18 -51.99723778124985 0.4616639429694853
-0.5 -0.25 18 19 -28.67628516459058 0.4312690067865071
-0.5 -0.25 19 20 -10.20242082016921 0.4036277672356449
-0.5 -0.25 20 21 4.428249526484933 0.3784118724331781
-0.5 -0.25 21 22 15.99374525236362 0.3553411369321237
-0.5 -0.25 22 23 25.10213565452887 0.3341753489998839
-0.5 -0.25 23 24 32.23229588580921 0.314707612648795
-0.5 -0.25 24 25 37.76396030539195 0.2967589255390163
-0.5 -0.25 25 26 42.00012600935963 0.2801737482555433
-0.5 -0.25 26 27 45.18392241143374 0.2648163690751766
-0.5 -0.25 27 28 47.51143225033536 0.2505679091755232
-0.5 -0.25 28 29 49.1415197183162 0.2373238427186229
-0.5 -0.25 29 30 50.20342438621765 0.2249919361240137
-0.5 -0.25 30 31 50.80267223371322 0.2134905257757647
-0.5 -0.25 31 32 51.02570826170904 0.2027470733957414
-0.5 -0.25 32 33 50.943550279855 0.1926969486987649
-0.5 -0.25 33 34 50.61468775271055 0.1832823993202118
-0.5 -0.25 34 35 50.0873943581708 0.1744516753434412
-0.5 -0.25 35 36 49.40158232199695 0.1661582830962873
-0.5 -0.25 36 37 48.59029642224579 0.1583603454950691
-0.5 -0.25 37 38 47.68092309664308 0.1510200533250475
-0.5 -0.25 38 39 46.69617306729958 0.1441031914911386
-0.5 -0.25 39 40 45.65488298678088 0.1375787292953068
-0.5 -0.25 40 41 44.57267194427891 0.1314184652952898
-0.5 -0.25 41 42 43.46248079244987 0.1255967175806764
-0.5 -0.25 42 43 42.33501677966547 0.1200900535358411
-0.5 -0.25 43 44 41.19912112642515 0.1148770540081994
-0.5 -0.25 44 45 40.06207378056223 0.1099381051263602
-0.5 -0.25 45 46 38.92863099153925 0.1056367632505999
-0.5 -0.25 46 47 37.80595789597055 0.1033969054370214
-0.5 -0.25 47 48 36.69678562774072 0.1034237779637655
-0.5 -0.25 48 49 35.60429864407919 0.1055902969481243
-0.5 -0.25 49 50 34.53083714025863 0.1111056757784419
-0.25 0 0 1 6159.758651756061 2.7206201020491
-0.25 0 1 2 -1363.4906917965 1.959319193497304
-0.25 0 2 3 -5459.719669304006 1.598692656871989
-0.25 0 3 4 -4403.526791219554 1.550328894290854
-0.25 0 4 5 -3238.052402704282 1.387930867580923
-0.25 0 5 6 -2358.697932194678 1.230928544002471
-0.25 0 6 7 -1729.8751259314 1.095289124589819
-0.25 0 7 8 -1280.865932980177 0.9801432381758846
-0.25 0 8 9 -956.4878186934357 0.8823882248975274
-0.25 0 9 10 -718.6469878189423 0.8024497474730348
-0.25 0 10 11 -541.5770577463732 0.7366653419916911
-0.25 0 11 12 -408.0846098523275 0.6783348128867356
-0.25 0 12 13 -306.2503387634433 0.6262643583627351
-0.25 0 13 14 -227.7971280257648 0.5796704988299581
-0.25 0 14 15 -166.857351400422 0.5378505089106979
-0.25 0 15 16 -119.2027937755308 0.5001918969363858
-0.25 0 16 17 -81.7398692733268 0.466167668813757
-0.25 0 17 18 -52.17339427956063 0.4353267514531122
-0.25 0 18 19 -28.77885667261307 0.4072834925854806
-0.25 0 19 20 -10.24561432296423 0.3817078022870541
-0.25 0 20 21 4.432776452008738 0.358316470534028
-0.25 0 21 22 16.03640758609686 0.3368657529578309
-0.25 0 22 23 25.17504038555671 0.31714513935264
-0.25 0 23 24 32.32893650201254 0.2989721555910138
-0.25 0 24 25 37.87897017100988 0.2821880420769016
-0.25 0 25 26 42.12907828706386 0.2666541627660449
-0.25 0 26 27 45.32316701827801 0.2522490176938055
-0.25 0 27 28 47.65796246651257 0.2388657518792263
-0.25 0 28 29 49.29286266910299 0.2264100728381018
-0.25 0 29 30 50.35755084235666 0.2147985034562435
-0.25 0 30 31 50.95792211605203 0.2039569111974825
-0.25 0 31 32 51.18072896095623 0.193819266031801
-0.25 0 32 33 51.0972454739333 0.1843265868538358
-0.25 0 33 34 50.76617484955705 0.1754260453079099
-0.25 0 34 35 50.23596904624611 0.1670702006367855
-0.25 0 35 36 49.54668899408142 0.1592163437192216
-0.25 0 36 37 48.73150346207797 0.1518259336624782
-0.25 0 37 38 47.81790220386165 0.1448641109172158
-0.25 0 38 39 46.82868193874839 0.1382992774279504
-0.25 0 39 40 45.7827507949072 0.1321027307101496
-0.25 0 40 41 44.69578715120531 0.1262483467410638
-0.25 0 41 42 43.58078091436226 0.1207123017988395
-0.25 0 42 43 42.44847978615343 0.1154728303649146
-0.25 0 43 44 41.30775820879143 0.1105100115892012
-0.25 0 44 45 40.16592327046988 0.1058055819413295
-0.25 0 45 46 39.02774788532258 0.1017412682261179
-0.25 0 46 47 37.90042606132499 0.09980308843156924
-0.25 0 47 48 36.78669749210962 0.1001950409645991
-0.25 0 48 49 35.68975756963783 0.1029064985274499
-0.25 0 49 50 34.61195520456036 0.111086228978983
0 0.25 0 1 6159.501137398611 2.720626659376257
0 0.25 1 2 -1363.993966692773 1.959343967596537
0 0.25 2 3 -5460.089856056855 1.598654938784188
0 0.25 3 4 -4403.683017394424 1.550236467645423
0 0.25 4 5 -3238.071225744819 1.38783946855924
0 0.25 5 6 -2358.650330631885 1.230866849302113
0 0.25 6 7 -1729.801141243005 1.095259231603123
0 0.25 7 8 -1280.78560545876 0.980137909730688
0 0.25 8 9 -956.4101020974035 0.8823985284880366
0 0.25 9 10 -718.575241742014 0.8024674520577992
0 0.25 10 11 -541.5122186763278 0.7366878115455985
0 0.25 11 12 -408.0261437356053 0.6783583736267393
0 0.25 12 13 -306.197397606556 0.6262874305129882
0 0.25 13 14 -227.7488170279034 0.5796922685832268
0 0.25 14 15 -166.8128796787764 0.537870612947445
0 0.25 15 16 -119.1615209560607 0.5002102259326919
0 0.25 16 17 -81.70130345296161 0.4661842509243987
0 0.25 17 18 -52.13717021512821 0.4353416840316314
0 0.25 18 19 -28.74470866135312 0.4072969038132443
0 0.25 19 20 -10.21335050297716 0.3817198301915706
0 0.25 20 21 4.4632957182057 0.3583272512486244
0 0.25 21 22 16.06528663915719 0.3368754152052683
0 0.25 22 23 25.20236084844032 0.3171538017289426
0 0.25 23 24 32.35476621687451 0.2989799257948834
0 0.25 24 25 37.90336927086707 0.2821950171166624
0 0.25 25 26 42.15210311330372 0.2666604292333059
0 0.25 26 27 45.34487248068149 0.2522546529509113
0 0.25 27 28 47.67840331605873 0.2388708245759836
0 0.25 28 29 49.31209404303172 0.2264146440388847
0 0.25 29 30 50.37562834547327 0.2148026273065676
0 0.25 30 31 50.97490162558586 0.2039606356907425
0 0.25 31 32 51.19666628768061 0.1938226337696018
0 0.25 32 33 51.11219596531612 0.1843296356127538
0 0.25 33 34 50.78019299169432 0.1754288086521741
0 0.25 34 35 50.24910809793579 0.1670727082803742
0 0.25 35 36 49.55900067210871 0.1592186221198157
0 0.25 36 37 48.74303768427683 0.1518280061852193
0 0.25 37 38 47.82870689153617 0.1448659985732177
0 0.25 38 39 46.83880287575664 0.1383009986356329
0 0.25 39 40 45.79223153741412 0.1321043021502078
0 0.25 40 41 44.70466898076165 0.1262497829979643
0 0.25 41 42 43.58910282996163 0.1207136159791726
0 0.25 42 43 42.45627852516549 0.1154740343058002
0 0.25 43 44 41.31506829368266 0.1105111156527461
0 0.25 44 45 40.17277707344863 0.1058065955622699
0 0.25 45 46 39.03417567885185 0.1017422113338685
0 0.25 46 47 37.90645618069061 0.09980402164182312
0 0.25 47 48 36.79235635392672 0.1001960225571997
0 0.25 48 49 35.69506980708269 0.1029075716117545
0 0.25 49 50 34.6169437395464 0.1110873445767506
0.25 0.5 0 1 6087.391884217606 2.594362170527326
0.25 0.5 1 2 -1427.93027279168 1.454990070685734
0.25 0.5 2 3 -5464.381254825132 1.576013032459864
0.25 0.5 3 4 -4399.555929915758 1.537866147936042
0.25 0.5 4 5 -3232.959954029497 1.38182866177515
0.25 0.5 5 6 -2354.045248538005 1.272482306672618
0.25 0.5 6 7 -1725.955455391306 1.156974760206616
0.25 0.5 7 8 -1277.658437127501 1.049639901629253
0.25 0.5 8 9 -953.8959433710547 0.9538117175792622
0.25 0.5 9 10 -716.5661017409698 0.8698357233877704
0.25 0.5 10 11 -539.9151774301527 0.7950670664796123
0.25 0.5 11 12 -406.7624380011184 0.7294235827050534
0.25 0.5 12 13 -305.2033711290007 0.6713292370493591
0.25 0.5 13 14 -226.9730849341868 0.6197078172151355
0.25 0.5 14 15 -166.2140545030625 0.5736438650035445
0.25 0.5 15 16 -118.7062440733059 0.5323669702590956
0.25 0.5 16 17 -81.36262849770765 0.4952307255424778
0.25 0.5 17 18 -51.89326666887428 0.4616922825671544
0.25 0.5 18 19 -28.5778333094629 0.4312944324633587
0.25 0.5 19 20 -10.10903477789702 0.4036505695418218
0.25 0.5 20 21 4.516887524984213 0.3784323262233343
0.25 0.5 21 22 16.07786507330593 0.3553594950909457
0.25 0.5 22 23 25.18191410254906 0.334191840310271
0.25 0.5 23 24 32.30788091031184 0.3147224423430534
0.25 0.5 24 25 37.83548696235277 0.2967722762741954
0.25 0.5 25 26 42.06772631465731 0.2801857821939598
0.25 0.5 26 27 45.24773084337642 0.2648272300212767
0.25 0.5 27 28 47.57158827646231 0.2505777242549622
0.25 0.5 28 29 49.19816837944961 0.2373327244625223
0.25 0.5 29 30 50.25671568935502 0.2249999841280984
0.25 0.5 30 31 50.85275988397655 0.2134978282534959
0.25 0.5 31 32 51.07274809424871 0.2027537083166177
0.25 0.5 32 33 50.98769862869403 0.1927029853612839
0.25 0.5 33 34 50.65609990324072 0.1832878991100425
0.25 0.5 34 35 50.12622316687492 0.1744566927913783
0.25 0.5 35 36 49.43797704435883 0.1661628665123466
0.25 0.5 36 37 48.62440175967902 0.1583645379603711
0.25 0.5 37 38 47.71287845836963 0.1510238932819875
0.25 0.5 38 39 46.72611202801494 0.1441067129837686
0.25 0.5 39 40 45.68293292038959 0.1375819628295182
0.25 0.5 40 41 44.59895380764397 0.131421438083999
0.25 0.5 41 42 43.48710903565251 0.1255994538139981
0.25 0.5 42 43 42.3580993595412 0.1200925751166519
0.25 0.5 43 44 41.22075960265187 0.1148793803562545
0.25 0.5 44 45 40.08236347580703 0.1099402536206471
0.25 0.5 45 46 38.94766113384401 0.1056387799329827
0.25 0.5 46 47 37.82381202218136 0.1033989436342808
0.25 0.5 47 48 36.71354168027079 0.1034259904570837
0.25 0.5 48 49 35.62002933792823 0.1055928065248555
0.25 0.5 49 50 34.54561016740655 0.1111084233042123
0.5 0.75 0 1 5944.524347315972 2.666813679783619
0.5 0.75 1 2 -1553.210894545839 2.070025792858054
0.5 0.75 2 3 -5470.579220358093 1.599760122162946
0.5 0.75 3 4 -4388.244120261043 1.544120531768028
0.5 0.75 4 5 -3219.257494600322 1.379685723716586
0.5 0.75 5 6 -2341.220450412607 1.222204126948359
0.5 0.75 6 7 -1714.693726698399 1.086622018608136
0.5 0.75 7 8 -1267.97376711788 0.9717766618202301
0.5 0.75 8 9 -945.6214874389934 0.8750893842837743
0.5 0.75 9 10 -709.5063539929979 0.7912291953568866
0.5 0.75 10 11 -533.8830610391037 0.7199596229080548
0.5 0.75 11 12 -401.5949279582501 0.6577780556856624
0.5 0.75 12 13 -300.762639848489 0.6033549855882346
0.5 0.75 13 14 -223.1440712964823 0.5553932980727828
0.5 0.75 14 15 -162.90119904118 0.5131553745242716
0.5 0.75 15 16 -115.8302586900752 0.477904693419835
0.5 0.75 16 17 -78.85763937276533 0.4459701171886116
0.5 0.75 17 18 -49.70440572207031 0.4169549770194238
0.5 0.75 18 19 -26.65925375056213 0.3905167135120804
0.5 0.75 19 20 -8.422293833552885 0.3663597508933308
0.5 0.75 20 21 6.004140656152458 0.3442288043496613
0.5 0.75 21 22 17.39295264300563 0.3239029350300424
0.5 0.75 22 23 26.34799273999886 0.3051904172708528
0.5 0.75 23 24 33.34464356731587 0.2879243716319398
0.5 0.75 24 25 38.75973572148348 0.2719590798350885
0.5 0.75 25 26 42.89384149243608 0.2571668853275202
0.5 0.75 26 27 45.98805661931624 0.2434355895468125
0.5 0.75 27 28 48.23675092207895 0.2306662629915662
0.5 0.75 28 29 49.79733987355928 0.2187714030566656
0.5 0.75 29 30 50.79783291435285 0.2076733783466513
0.5 0.75 30 31 51.34270755371392 0.1973031135897719
0.5 0.75 31 32 51.51751195367751 0.1875989724422006
0.5 0.75 32 33 51.39249419387795 0.1785058072030024
0.5 0.75 33 34 51.02548099859638 0.1699741471191408
0.5 0.75 34 35 50.46417371782621 0.16195950270644
0.5 0.75 35 36 49.74798894044801 0.1544217682087888
0.5 0.75 36 37 48.90954109148743 0.1473247062392039
0.5 0.75 37 38 47.97584201945551 0.14063550279548
0.5 0.75 38 39 46.96927563939232 0.1343243800013173
0.5 0.75 39 40 45.90839286453996 0.1283642609673118
0.5 0.75 40 41 44.80856244118974 0.1227304764282817
0.5 0.75 41 42 43.68250546953766 0.1174005082221084
0.5 0.75 42 43 42.54073594808608 0.1123537649720106
0.5 0.75 43 44 41.39192486326664 0.1075713846563437
0.5 0.75 44 45 40.24320196143105 0.1030360601467636
0.5 0.75 45 46 39.09919980459284 0.09913172751249738
0.5 0.75 46 47 37.96694806067285 0.09734796599029347
0.5 0.75 47 48 36.84908288382016 0.09788242787500351
0.5 0.75 48 49 35.74869641971341 0.1017283785509939
0.5 0.75 49 50 34.668045603189 0.1097758639112517
0.75 1 0 1 5727.817425553763 1.919255611823237
0.75 1 1 2 -1751.995485184274 1.788698297888891
0.75 1 2 3 -5486.944418712377 1.5938937617674
0.75 1 3 4 -4375.872933314349 1.532401412580942
0.75 1 4 5 -3201.700785848634 1.368313427332664
0.75 1 5 6 -2323.877008312181 1.212752125166922
0.75 1 6 7 -1698.918347731165 1.079299511823931
0.75 1 7 8 -1254.011605217041 0.9663071442810871
0.75 1 8 9 -933.3802648468022 0.870502755045312
0.75 1 9 10 -698.8019134962519 0.7889190952925819
0.75 1 10 11 -524.5164517997077 0.7178809846304509
0.75 1 11 12 -393.3787814812067 0.6563121614632584
0.75 1 12 13 -293.5323571372207 0.6023427967765965
0.75 1 13 14 -216.7580734731721 0.5547169725928175
0.75 1 14 15 -157.2391352552863 0.512434619806085
0.75 1 15 16 -110.7903424436877 0.4746912086346129
0.75 1 16 17 -74.35391124287366 0.440833051999446
0.75 1 17 18 -45.66423059224712 0.4103240345454059
0.75 1 18 19 -23.0211478303554 0.3827206278538878
0.75 1 19 20 -5.134086158133641 0.3576529377382768
0.75 1 20 21 8.986843112426641 0.3348101754723963
0.75 1 21 22 20.10803795344304 0.3139294116935645
0.75 1 22 23 28.82789693908171 0.2947867820092753
0.75 1 23 24 35.6172212018364 0.2771905513177272
0.75 1 24 25 40.84898036545917 0.2609755964899786
0.75 1 25 26 44.82048322203912 0.2459989811752211
0.75 1 26 27 47.77005866318768 0.2321363815936592
0.75 1 27 28 49.8897236347583 0.2192791783503405
0.75 1 28 29 51.33488679907543 0.2073320740433206
0.75 1 29 30 52.23184094426711 0.1962111306164482
0.75 1 30 31 52.68359094140521 0.1858421416956518
0.75 1 31 32 52.77441813499672 0.1761592759758175
0.75 1 32 33 52.57347790052813 0.167103940370711
0.75 1 33 34 52.13765197301399 0.1586238222942201
0.75 1 34 35 51.51382238220276 0.1506720794392975
0.75 1 35 36 50.74069360149889 0.1432066512091799
0.75 1 36 37 49.85025963719738 0.1361896709112463
0.75 1 37 38 48.86899055184597 0.1295869621639524
0.75 1 38 39 47.81879607383519 0.1233676053415042
0.75 1 39 40 46.7178111852694 0.1175035644141333
0.75 1 40 41 45.58103902067057 0.1119693616178917
0.75 1 41 42 44.42087863633782 0.1067417974253646
0.75 1 42 43 43.24755978815136 0.1017997042074981
0.75 1 43 44 42.06950209331751 0.09712373200714138
0.75 1 44 45 40.89361257381739 0.0926961603681167
0.75 1 45 46 39.72433933029936 0.08926583900184666
0.75 1 46 47 38.5685130605128 0.08963035576810935
0.75 1 47 48 37.4286262829014 0.09388429729642921
0.75 1 48 49 36.30763106949451 0.1013232516809488
0.75 1 49 50 35.2076601356388 0.1091813791598447
1 1.25 0 1 5448.352068381691 1.571407212382664
1 1.25 1 2 -2013.271258759378 0.6523413699066285
1 1.25 2 3 -5512.747363456827 1.832961628862554
1 1.25 3 4 -4365.60277719125 1.783834297331118
1 1.25 4 5 -3185.361758236915 1.589495558505623
1 1.25 5 6 -2307.922503351628 1.400439884922438
1 1.25 6 7 -1684.791192090932 1.237737507223396
1 1.25 7 8 -1241.878203479714 1.100716140201856
1 1.25 8 9 -923.0649738512898 0.9854549106983523
1 1.25 9 10 -690.0541847023924 0.8880781898789599
1 1.25 10 11 -517.0959257063682 0.8042432626474418
1 1.25 11 12 -387.0688501108471 0.7321198449611278
1 1.25 12 13 -288.1501182379591 0.6693844461242974
1 1.25 13 14 -212.1506810405137 0.6144091069119311
1 1.25 14 15 -153.2797602330602 0.5659101017910595
1 1.25 15 16 -107.3739889813855 0.5228651669264286
1 1.25 16 17 -71.39364610960934 0.4844519652369999
1 1.25 17 18 -43.08797098746913 0.4500024484437823
1 1.25 18 19 -20.76899593604389 0.4189688384390273
1 1.25 19 20 -3.156145213263699 0.3908980585381008
1 1.25 20 21 10.73224810097804 0.365412330331734
1 1.25 21 22 21.65580722952882 0.3421943007200507
1 1.25 22 23 30.20733326894208 0.3209755296754039
1 1.25 23 24 36.85298930048918 0.3015274939803997
1 1.25 24 25 41.96189067615489 0.2836544932514153
1 1.25 25 26 45.82813400419923 0.2671880091134143
1 1.25 26 27 48.6873635864639 0.2519821826907983
1 1.25 27 28 50.72934662708462 0.2379101621845926
1 1.25 28 29 52.10760154937759 0.2248611316556439
1 1.25 29 30 52.94682900926921 0.2127378777659194
1 1.25 30 31 53.34868966261638 0.2014547847524293
1 1.25 31 32 53.39632739845115 0.1909361726355193
1 1.25 32 33 53.15793303983469 0.1811149109346476
1 1.25 33 34 52.68956873648312 0.1719312585578751
1 1.25 34 35 52.03741878187498 0.1633318851875553
1 1.25 35 36 51.23959257510734 0.1552690443466824
1 1.25 36 37 50.32757574343009 0.1476998701660228
1 1.25 37 38 49.32740334323006 0.1405857773592716
1 1.25 38 39 48.26061232282962 0.1338919466931251
1 1.25 39 40 47.14501776559263 0.127586882934848
1 1.25 40 41 45.9953479319575 0.1216420332245187
1 1.25 41 42 44.82376541041424 0.1160314559052385
1 1.25 42 43 43.64029630753174 0.1107315334632848
1 1.25 43 44 42.45318468114374 0.1057207219784692
1 1.25 44 45 41.26918607566608 0.1009793319928632
1 1.25 45 46 40.0926366759 0.09686597820873132
1 1.25 46 47 38.93021804766471 0.09478797944914638
1 1.25 47 48 37.78434416414217 0.09494724871415475
1 1.25 48 49 36.65788279812526 0.09774953469691688
1 1.25 49 50 35.55289692859503 0.1054669301581812
1.25 1.5 0 1 5118.426120907428 3.306962027856862
1.25 1.5 1 2 -2299.863555286925 4.163717524492585
1.25 1.5 2 3 -5513.914219656825 1.676771061740948
1.25 1.5 3 4 -4326.021998154358 1.600610548130566
1.25 1.5 4 5 -3142.625443432483 1.425410150303313
1.25 1.5 5 6 -2269.767848527365 1.25774991877029
1.25 1.5 6 7 -1652.384223601036 1.113056855717171
1.25 1.5 7 8 -1214.772154522559 0.9905625204145829
1.25 1.5 8 9 -900.4748782690535 0.8870993782636416
1.25 1.5 9 10 -671.2109500369133 0.7994663495449849
1.25 1.5 10 11 -501.3418187389798 0.7237126892315282
1.25 1.5 11 12 -373.8541336752482 0.6584750579733902
1.25 1.5 12 13 -277.0289158292369 0.6016578234425944
1.25 1.5 13 14 -202.7616070810759 0.5518236721611524
1.25 1.5 14 15 -145.329686373331 0.507831927282671
1.25 1.5 15 16 -100.6243985062515 0.4687698248330002
1.25 1.5 16 17 -65.64963292081438 0.433900361032181
1.25 1.5 17 18 -38.1895206775896 0.4026230537347372
1.25 1.5 18 19 -16.58411571517172 0.3744443798062439
1.25 1.5 19 20 0.4245481628279322 0.3489553740469336
1.25 1.5 20 21 13.79980333494154 0.3258145178083345
1.25 1.5 21 22 24.28632956623949 0.3047345604978335
1.25 1.5 22 23 32.46468775604296 0.2854722723146166
1.25 1.5 23 24 38.79096707114957 0.2678204128252773
1.25 1.5 24 25 43.62595410601523 0.2516013792341259
1.25 1.5 25 26 47.25682990697464 0.2385335639006522
1.25 1.5 26 27 49.91347331525947 0.2269527073787882
1.25 1.5 27 28 51.78082653332706 0.2161314104741988
1.25 1.5 28 29 53.00835550002341 0.206005680146668
1.25 1.5 29 30 53.71734567670615 0.1965180151583245
1.25 1.5 30 31 54.00657039316616 0.1876166689003395
1.25 1.5 31 32 53.95672512378189 0.179254996570585
1.25 1.5 32 33 53.63391854704531 0.1713908806990391
1.25 1.5 33 34 53.09243737036451 0.1639862248096718
1.25 1.5 34 35 52.37694810259666 0.1570065095827352
1.25 1.5 35 36 51.52425948465429 0.1504204013211985
1.25 1.5 36 37 50.56473999390835 0.1441994093618134
1.25 1.5 37 38 49.5234630671265 0.1383175827977323
1.25 1.5 38 39 48.42113620322255 0.1327512449166898
1.25 1.5 39 40 47.27485764142489 0.1274787576970456
1.25 1.5 40 41 46.09873496662232 0.1224803150652544
1.25 1.5 41 42 44.90439241858928 0.1177377585165742
1.25 1.5 42 43 43.70138838540197 0.1132344151832659
1.25 1.5 43 44 42.49755993499099 0.1089549531850249
1.25 1.5 44 45 41.29930794299088 0.1048852535677512
1.25 1.5 45 46 40.11068084549504 0.1013493451506013
1.25 1.5 46 47 38.93804563280517 0.09959284921940342
1.25 1.5 47 48 37.78360163053864 0.09977781783035881
1.25 1.5 48 49 36.65000957164833 0.1017937565775006
1.25 1.5 49 50 35.5391471029358 0.1044204964810353
1.5 1.75 0 1 4714.325407412708 0.9385256634268967
1.5 1.75 1 2 -2678.179034874465 0.7503700606036916
1.5 1.75 2 3 -5538.097075341055 1.694228859555169
1.5 1.75 3 4 -4290.355847003462 1.638481462564703
1.5 1.75 4 5 -3095.826244287991 1.465195452727772
1.5 1.75 5 6 -2223.94370945059 1.290969958646493
1.5 1.75 6 7 -1610.776774060595 1.138130824727406
1.5 1.75 7 8 -1177.994035549394 1.00830155241145
1.5 1.75 8 9 -868.2879624386042 0.8988796464064439
1.5 1.75 9 10 -643.1215585060204 0.8065852619723837
1.5 1.75 10 11 -476.8259138358171 0.7272688862618675
1.5 1.75 11 12 -352.409906193998 0.659320025740802
1.5 1.75 12 13 -258.2166549526028 0.6004491989805614
1.5 1.75 13 14 -186.2032009201873 0.5490639673601999
1.5 1.75 14 15 -130.7039077777822 0.5039052539142336
1.5 1.75 15 16 -87.65973341497124 0.4639708090827534
1.5 1.75 16 17 -54.11689145248556 0.4284560466491577
1.5 1.75 17 18 -27.89509044530382 0.3967092572638915
1.5 1.75 18 19 -7.36411832684189 0.3681978648663877
1.5 1.75 19 20 8.709188463468308 0.3424829358246481
1.5 1.75 20 21 21.26746689842935 0.3191997970462128
1.5 1.75 21 22 31.03810070013685 0.2980431889766022
1.5 1.75 22 23 38.58716147497626 0.2787557871350345
1.5 1.75 23 24 44.35856632638729 0.2611192557442906
1.5 1.75 24 25 48.70284532979724 0.244947212357515
1.5 1.75 25 26 51.89850986538409 0.2300796504305615
1.5 1.75 26 27 54.16808711375847 0.2163784814849128
1.5 1.75 27 28 55.69026550294279 0.203723946489274
1.5 1.75 28 29 56.60917451676676 0.192011704593348
1.5 1.75 29 30 57.04153200087626 0.181150457017916
1.5 1.75 30 31 57.08219007213484 0.1710599942203402
1.5 1.75 31 32 56.80846813801764 0.1616695811660319
1.5 1.75 32 33 56.28355996106802 0.1529166159814707
1.5 1.75 33 34 55.55922859292036 0.1447455075914161
1.5 1.75 34 35 54.67794981525304 0.1371067337727094
1.5 1.75 35 36 53.67462573959779 0.1299560455099483
1.5 1.75 36 37 52.57796131257845 0.1232537927763503
1.5 1.75 37 38 51.41157501516392 0.1169643502842515
1.5 1.75 38 39 50.19489881345646 0.1110556261686171
1.5 1.75 39 40 48.94391015194435 0.1054986414325504
1.5 1.75 40 41 47.67172959850495 0.1002671657469219
1.5 1.75 41 42 46.38911031362062 0.09533740487470672
1.5 1.75 42 43 45.10484031495668 0.09068772784571756
1.5 1.75 43 44 43.82607398167647 0.08629843072240971
1.5 1.75 44 45 42.55860600874993 0.08215152990688282
1.5 1.75 45 46 41.30596635192853 0.07893742047458155
1.5 1.75 46 47 40.07400616661326 0.0792360168557376
1.5 1.75 47 48 38.86451614441282 0.08312691011630169
1.5 1.75 48 49 37.67977312130157 0.08995447740713455
1.5 1.75 49 50 36.52131876961002 0.09716430123957633
1.75 2 0 1 4285.907510623842 1.075654492759674
1.75 2 1 2 -3058.926769036753 2.562207063936479
1.75 2 2 3 -5545.713591373214 2.796034909702057
1.75 2 3 4 -4247.959721077719 2.333275391249103
1.75 2 4 5 -3050.806142280993 1.937616022429573
1.75 2 5 6 -2184.829490571025 1.634822082343682
1.75 2 6 7 -1578.371846679566 1.401957216740303
1.75 2 7 8 -1151.468975518252 1.219228365423563
1.75 2 8 9 -846.6013612572224 1.071864716169499
1.75 2 9 10 -625.345302812927 0.952225426794832
1.75 2 10 11 -462.1985777244195 0.8520383754257582
1.75 2 11 12 -340.3273885420936 0.7676307698525745
1.75 2 12 13 -248.198720512828 0.6955285688287696
1.75 2 13 14 -177.8682101351478 0.6332994991114744
1.75 2 14 15 -123.7471789487083 0.5791106252707237
1.75 2 15 16 -81.83666680765373 0.5315548453544729
1.75 2 16 17 -49.22999322412761 0.4895340381734323
1.75 2 17 18 -23.7840163110875 0.4521786018865538
1.75 2 18 19 -3.898009260293293 0.4187908855517664
1.75 2 19 20 11.6376397580284 0.3888046479705565
1.75 2 20 21 23.74664029883286 0.3617554884820935
1.75 2 21 22 33.14107764980292 0.3372589329972465
1.75 2 22 23 40.37459226513067 0.3149939559295127
1.75 2 23 24 45.88095028517091 0.2946904244012399
1.75 2 24 25 50.00235519542593 0.2761194158130079
1.75 2 25 26 53.01045976177988 0.2590856674251214
1.75 2 26 27 55.12211997917109 0.2434216293458517
1.75 2 27 28 56.51131827515462 0.2289827365351348
1.75 2 28 29 57.31826621883067 0.2156436167888468
1.75 2 29 30 57.65640991959208 0.2032950259270747
1.75 2 30 31 57.6178616476642 0.1918413516816269
1.75 2 31 32 57.27764036700268 0.1811985667087981
1.75 2 32 33 56.69700362610592 0.1712925396871585
1.75 2 33 34 55.9260811374391 0.1620576324408273
1.75 2 34 35 55.00596795076677 0.1534355289707067
1.75 2 35 36 53.97039671656688 0.1453742522787279
1.75 2 36 37 52.84708008873713 0.1378273352698812
1.75 2 37 38 51.65879319556547 0.1307531173881132
1.75 2 38 39 50.42425015541068 0.1241141468665126
1.75 2 39 40 49.15881655987522 0.117876668360965
1.75 2 40 41 47.87509082817462 0.1120101845546921
1.75 2 41 42 46.58338004599989 0.1064870775222552
1.75 2 42 43 45.29209078857764 0.1012822816027418
1.75 2 43 44 44.00805100596256 0.0963730001080868
1.75 2 44 45 42.73677586768585 0.09173845781836001
1.75 2 45 46 41.48158753791697 0.08772145921137439
1.75 2 46 47 40.24807061282488 0.08567305033930465
1.75 2 47 48 39.03787180703441 0.08577650850755411
1.75 2 48 49 37.85311723407497 0.09086960982392055
1.75 2 49 50 36.69521269845922 0.09772378585110324
2 2.25 0 1 3810.448151851198 1.05884840191973
2 2.25 1 2 -3465.394975134389 0.8762307095142755
2 2.25 2 3 -5536.467619119958 1.661810588614083
2 2.25 3 4 -4172.593421656223 1.535845500161023
2 2.25 4 5 -2966.86907771807 1.353687015731926
2 2.25 5 6 -2106.466062622895 1.192873391935511
2 2.25 6 7 -1508.92083668886 1.058166066331589
2 2.25 7 8 -1091.072123068943 0.9449657313670858
2 2.25 8 9 -794.4143347765184 0.8496665592393152
2 2.25 9 10 -580.2971414519216 0.7684074220592483
2 2.25 10 11 -423.2689179922645 0.6978345951202574
2 2.25 11 12 -306.5875400447358 0.636722537195569
2 2.25 12 13 -218.8596878951187 0.5832125346911113
2 2.25 13 14 -152.265526758252 0.536047699607571
2 2.25 14 15 -101.325064551633 0.4942272954825535
2 2.25 15 16 -62.13107042735101 0.4569457502079488
2 2.25 16 17 -31.85308324529069 0.4235480160138705
2 2.25 17 18 -8.4108706256809 0.3934964877338981
2 2.25 18 19 9.744469947353764 0.3663461749186366
2 2.25 19 20 23.77982630293582 0.341725847859177
2 2.25 20 21 34.58360713773152 0.319323557070025
2 2.25 21 22 42.83864013962148 0.2988754040087773
2 2.25 22 23 49.07423097940091 0.2801567431027726
2 2.25 23 24 53.7038295056135 0.2629752320535023
2 2.25 24 25 57.05261288044142 0.2471652952674512
2 2.25 25 26 59.3779103154742 0.2325836794429393
2 2.25 26 27 60.88448279468969 0.2191058585132894
2 2.25 27 28 61.73606220804027 0.2066231073693559
2 2.25 28 29 62.06414196607022 0.1950401034955876
2 2.25 29 30 61.97472788463892 0.1842729492835642
2 2.25 30 31 61.55356147264916 0.1742475322797292
2 2.25 31 32 60.8701892948892 0.1648981577341663
2 2.25 32 33 59.98115370503263 0.1561664027934936
2 2.25 33 34 58.93250958828145 0.1480001512108353
2 2.25 34 35 57.76182048589476 0.1403527766639112
2 2.25 35 36 56.49974996573053 0.1331824493946852
2 2.25 36 37 55.17133636911325 0.126451543222227
2 2.25 37 38 53.79701851577113 0.1201261293187513
2 2.25 38 39 52.39346443546509 0.114175538831311
2 2.25 39 40 50.97424350944476 0.1085719880652361
2 2.25 40 41 49.55037365887654 0.1032902509596562
2 2.25 41 42 48.13076817348485 0.09830737757631322
2 2.25 42 43 46.72260182333855 0.09360244625181864
2 2.25 43 44 45.33161164735321 0.08915634882166426
2 2.25 44 45 43.96234473294803 0.08495160172680299
2 2.25 45 46 42.61728558081137 0.08163051401571647
2 2.25 46 47 41.30120893726519 0.0815916584188648
2 2.25 47 48 40.01510032505735 0.08489761109987054
2 2.25 48 49 38.76047450226963 0.09092560575281496
2 2.25 49 50 37.53819262055336 0.09729966152313016
2.25 2.5 0 1 3304.779757522404 1.843816369415091
2.25 2.5 1 2 -3873.868104746698 0.9637038036987684
2.25 2.5 2 3 -5488.316540682094 1.693039682898341
2.25 2.5 3 4 -4064.977239746136 1.559029148874315
2.25 2.5 4 5 -2862.567933299277 1.381934250902931
2.25 2.5 5 6 -2017.210639945705 1.251833816730744
2.25 2.5 6 7 -1435.02525118312 1.126327524676487
2.25 2.5 7 8 -1030.378643596789 1.013679601860539
2.25 2.5 8 9 -744.5280030628019 0.9154528454086357
2.25 2.5 9 10 -539.1348974432221 0.829917238332735
2.25 2.5 10 11 -389.1543336664811 0.7549016875851754
2.25 2.5 11 12 -278.1740400783833 0.6894189746050812
2.25 2.5 12 13 -195.0870268980061 0.6318343334654937
2.25 2.5 13 14 -132.2937396183484 0.5809475388151446
2.25 2.5 14 15 -84.48515420233321 0.5357615599861258
2.25 2.5 15 16 -47.88673007024931 0.4954510742573222
2.25 2.5 16 17 -19.77144147136437 0.4593320826815788
2.25 2.5 17 18 1.859801105984388 0.4268357092324743
2.25 2.5 18 19 18.49179366191743 0.3974866089905328
2.25 2.5 19 20 31.24041117351112 0.3708855216774679
2.25 2.5 20 21 40.95318294400431 0.3466952877538095
2.25 2.5 21 22 48.27995791067599 0.324629660366336
2.25 2.5 22 23 53.72326857530732 0.3044443430988922
2.25 2.5 23 24 57.67470099853608 0.2859297875802085
2.25 2.5 24 25 60.44147922343961 0.2689053812743238
2.25 2.5 25 26 62.26611472389573 0.2532147340307646
2.25 2.5 26 27 63.34107988920994 0.2387218366546119
2.25 2.5 27 28 63.81986980430781 0.225307913854849
2.25 2.5 28 29 63.82541451266025 0.2128688326115478
2.25 2.5 29 30 63.45652815437688 0.201312956863631
2.25 2.5 30 31 62.79289019553119 0.1905593631971265
2.25 2.5 31 32 61.89891954985529 0.180536349300567
2.25 2.5 32 33 60.82680702047281 0.1711801815672761
2.25 2.5 33 34 59.61890308959954 0.1624340386169773
2.25 2.5 34 35 58.3096085125066 0.1542471167185225
2.25 2.5 35 36 56.92687895276788 0.1465738683201371
2.25 2.5 36 37 55.49342815732695 0.1393733527346438
2.25 2.5 37 38 54.02769437119844 0.1326086788320349
2.25 2.5 38 39 52.54461977589403 0.1262465260231857
2.25 2.5 39 40 51.05628151007562 0.1202567312851587
2.25 2.5 40 41 49.57240443455265 0.1146119305998418
2.25 2.5 41 42 48.10077906322948 0.1092872485046286
2.25 2.5 42 43 46.64760333207406 0.1042600270034345
2.25 2.5 43 44 45.21776283148785 0.09950958910851671
2.25 2.5 44 45 43.81506117367829 0.0950170310067255
2.25 2.5 45 46 42.44136837084162 0.09108382963050042
2.25 2.5 46 47 41.10082103737244 0.08888771117870801
2.25 2.5 47 48 39.79394099448317 0.08856512725276947
2.25 2.5 48 49 38.52180427442869 0.0899690372345463
2.25 2.5 49 50 37.28488663666599 0.0931463303009912
2.5 2.75 0 1 2746.18595458794 2.566307869569621
2.5 2.75 1 2 -4313.830608555044 1.106670376288012
2.5 2.75 2 3 -5431.756638342689 2.461065724503372
2.5 2.75 3 4 -3944.253027683769 2.482327128910498
2.5 2.75 4 5 -2743.938029670621 2.225040328411768
2.5 2.75 5 6 -1913.55798665223 1.956828154535368
2.5 2.75 6 7 -1347.351215401142 1.721660188204666
2.5 2.75 7 8 -956.8759191604213 1.522670245152309
2.5 2.75 8 9 -682.9324326256678 1.355073181151565
2.5 2.75 9 10 -487.364934398106 1.213797166203236
2.5 2.75 10 11 -345.4711479145155 1.093158392283437
2.5 2.75 11 12 -241.1430855526698 0.9897370642361788
2.5 2.75 12 13 -163.5522398716603 0.9002939489987307
2.5 2.75 13 14 -105.3220528671238 0.8223735226216737
2.5 2.75 14 15 -61.32166350875764 0.7540328575188594
2.5 2.75 15 16 -27.91800227216731 0.6937236389373044
2.5 2.75 16 17 -2.496391017627957 0.6402017046750572
2.5 2.75 17 18 16.85275275699405 0.5924586449494587
2.5 2.75 18 19 31.54257572033862 0.5496701743934206
2.5 2.75 19 20 42.63128541422918 0.5111570132172347
2.5 2.75 20 21 50.91973275765406 0.4763550531142088
2.5 2.75 21 22 57.01976856678584 0.4447924276203742
2.5 2.75 22 23 61.40282209514794 0.4160717436697438
2.5 2.75 23 24 64.43488453031716 0.3898561994420054
2.5 2.75 24 25 66.40201105410631 0.3658586489315702
2.5 2.75 25 26 67.52912056588059 0.343832921152023
2.5 2.75 26 27 67.99399819426674 0.3235668761577641
2.5 2.75 27 28 67.93782418945239 0.3048768109723942
2.5 2.75 28 29 67.47316057700266 0.2876029220236908
2.5 2.75 29 30 66.69005852065027 0.2716056001402982
2.5 2.75 30 31 65.66076366263763 0.2567623877260102
2.5 2.75 31 32 64.44336643284453 0.2429654642270365
2.5 2.75 32 33 63.08465206294517 0.2301195571528542
2.5 2.75 33 34 61.62233901004964 0.2181401975848649
2.5 2.75 34 35 60.08684672708546 0.2069522560666998
2.5 2.75 35 36 58.50269888641026 0.1964887076291989
2.5 2.75 36 37 56.88964249679782 0.1866895866960999
2.5 2.75 37 38 55.26354438185899 0.177501096966352
2.5 2.75 38 39 53.6371122254692 0.1688748520479675
2.5 2.75 39 40 52.02047667043666 0.1607672245328165
2.5 2.75 40 41 50.42166295940422 0.15313878534091
2.5 2.75 41 42 48.84697419381541 0.1459538201371878
2.5 2.75 42 43 47.30130377496857 0.1391799102018126
2.5 2.75 43 44 45.78839076078867 0.1327875684911917
2.5 2.75 44 45 44.31102907530905 0.1267499217938315
2.5 2.75 45 46 42.87023377080726 0.1212642645859881
2.5 2.75 46 47 41.46928457201517 0.1171441480767129
2.5 2.75 47 48 40.10804231960739 0.1145035438367933
2.5 2.75 48 49 38.78696508295315 0.1132864952477742
2.5 2.75 49 50 37.50597937366035 0.1126849507752951
2.75 3 0 1 2126.995154545698 2.174529931711353
2.75 3 1 2 -4750.292959000952 3.648823474894535
2.75 3 2 3 -5316.752359896873 5.665653259270515
2.75 3 3 4 -3768.568082168056 4.947470312976693
2.75 3 4 5 -2580.613819845696 4.156398680777096
2.75 3 5 6 -1774.933545757723 3.508852129008312
2.75 3 6 7 -1232.549993415341 2.996535353077572
2.75 3 7 8 -862.3061719741968 2.588964155921875
2.75 3 8 9 -604.8851695627263 2.260516946397139
2.75 3 9 10 -422.6854600899919 1.991103351978431
2.75 3 10 11 -291.6672692457316 1.768548260683225
2.75 3 11 12 -196.0899092034419 1.581063815596833
2.75 3 12 13 -125.6682521965886 1.42201222087597
2.75 3 13 14 -73.32675208652267 1.285652157760469
2.75 3 14 15 -34.1934233226234 1.167736465236569
2.75 3 15 16 -4.836557451686076 1.064986742901245
2.75 3 16 17 17.20129124950813 0.9748376377938354
2.75 3 17 18 33.70620902990322 0.8952564721365333
2.75 3 18 19 45.99369117783419 0.8246140959417432
2.75 3 19 20 55.04419105002 0.7615910495346274
2.75 3 20 21 61.59622051694316 0.7051084201256749
2.75 3 21 22 66.21131668490625 0.6542762199638148
2.75 3 22 23 69.32004236326236 0.6083543687471848
2.75 3 23 24 71.2549959581022 0.5667228643583259
2.75 3 24 25 72.27479209608293 0.5288587338577464
2.75 3 25 26 72.58168019286506 0.4943180468666778
2.75 3 26 27 72.3346236014097 0.4627217497983498
2.75 3 27 28 71.6591018084352 0.43374441247351
2.75 3 28 29 70.65452147530732 0.4071052175823092
2.75 3 29 30 69.3998650620249 0.3825606906296866
2.75 3 30 31 67.95802843342994 0.3598987936037908
2.75 3 31 32 66.37917475936871 0.3389340947554859
2.75 3 32 33 64.70334435978447 0.3195037938352297
2.75 3 33 34 62.96249756106999 0.3014644322178313
2.75 3 34 35 61.18212247476987 0.2846891552230283
2.75 3 35 36 59.38250674556014 0.2690654217772569
2.75 3 36 37 57.57974817333002 0.2544930791701162
2.75 3 37 38 55.78656129763272 0.2408827371458529
2.75 3 38 39 54.01292367624563 0.2281543888460444
2.75 3 39 40 52.26659557262951 0.2162362361859309
2.75 3 40 41 50.55353931371582 0.2050636853142442
2.75 3 41 42 48.87825861012297 0.1945784843577305
2.75 3 42 43 47.24407394455005 0.1847279811218958
2.75 3 43 44 45.65334659486749 0.1754644806956625
2.75 3 44 45 44.10766126220915 0.1667446891447333
2.75 3 45 46 42.6070147113995 0.1586844762570468
2.75 3 46 47 41.1536611343854 0.1518381623832746
2.75 3 47 48 39.74668077837836 0.1462850642972838
2.75 3 48 49 38.38580230981572 0.1419989838725513
2.75 3 49 50 37.07030560294646 0.1384117953077604
3 3.25 0 1 1448.13528954663 1.335520953129373
3 3.25 1 2 -5114.705721492577 8.618536847891093
3 3.25 2 3 -5088.823324173525 9.687626048003365
3 3.25 3 4 -3503.133843990603 8.005175841200689
3 3.25 4 5 -2350.648119596823 6.548422998875547
3 3.25 5 6 -1587.372915962127 5.434727888822644
3 3.25 6 7 -1081.701945642194 4.583708404211895
3 3.25 7 8 -741.0144741444428 3.921592425176698
3 3.25 8 9 -506.9315993729933 3.396264507173218
3 3.25 9 10 -343.1143615307949 2.971530236895617
3 3.25 10 11 -226.633708471054 2.622757980010006
3 3.25 11 12 -142.6826011794828 2.332422846854285
3 3.25 12 13 -81.58810438790147 2.087634653952827
3 3.25 13 14 -36.79945076667832 1.879102053324959
3 3.25 14 15 -3.827127842539085 1.699796167679718
3 3.25 15 16 20.46990597459717 1.544349367962985
3 3.25 16 17 38.32644523923159 1.408599701148165
3 3.25 17 18 51.35653652840131 1.289275464012295
3 3.25 18 19 60.74156858255424 1.183772717158202
3 3.25 19 20 67.35655985132939 1.08999562760598
3 3.25 20 21 71.85645112213854 1.006240064171821
3 3.25 21 22 74.73602831848928 0.9311074815510131
3 3.25 22 23 76.37215354617445 0.8634403518153719
3 3.25 23 24 77.05393314090418 0.8022731515539736
3 3.25 24 25 77.00453704827692 0.7467947319034417
3 3.25 25 26 76.39715987626005 0.6963191231002682
3 3.25 26 27 75.36681858115469 0.6502626619236751
3 3.25 27 28 74.01915633837024 0.608125910861166
3 3.25 28 29 72.43707019966303 0.5694792443424236
3 3.25 29 30 70.68574079554577 0.5339512689675042
3 3.25 30 31 68.8164778114832 0.5012194520196218
3 3.25 31 32 66.86968019726805 0.4710024852970936
3 3.25 32 33 64.8771292791688 0.4430540233491919
3 3.25 33 34 62.86377542267519 0.4171575174737635
3 3.25 34 35 60.84913753390367 0.3931219297852837
3 3.25 35 36 58.84840467358998 0.3707781583250691
3 3.25 36 37 56.87330707149073 0.3499760404999698
3 3.25 37 38 54.93280765868391 0.3305818289903512
3 3.25 38 39 53.03365314428237 0.3124760562144065
3 3.25 39 40 51.18081462314424 0.2955517200057506
3 3.25 40 41 49.37784099470463 0.279712735391069
3 3.25 41 42 47.62714312184434 0.2648726091573429
3 3.25 42 43 45.93022290359181 0.2509533001820755
3 3.25 43 44 44.2878582964556 0.2378842365584004
3 3.25 44 45 42.70025299308929 0.225601464920932
3 3.25 45 46 41.16625973242338 0.2141504501158135
3 3.25 46 47 39.68695110359118 0.2038728543266609
3 3.25 47 48 38.26054596152119 0.1947996405548383
3 3.25 48 49 36.88596212981587 0.1868992684323968
3 3.25 49 50 35.56176531876812 0.1797793448295588
3.25 3.5 0 1 735.4297186624692 0.4592678613923619
3.25 3.5 1 2 -5289.332955047862 19.07487198635968
3.25 3.5 2 3 -4676.46007386173 15.59747235673325
3.25 3.5 3 4 -3106.750189443721 11.89471598474861
3.25 3.5 4 5 -2030.455374533415 9.327804803591034
3.25 3.5 5 6 -1337.707695393379 7.525952057471502
3.25 3.5 6 7 -887.9228822750197 6.213826984547042
3.25 3.5 7 8 -589.9756708718553 5.22542743383227
3.25 3.5 8 9 -388.4415992781471 4.459614737924499
3.25 3.5 9 10 -249.5236515759668 3.852195134195349
3.25 3.5 10 11 -152.2104116761413 3.361076840157129
3.25 3.5 11 12 -83.27198344248109 2.957393613074573
3.25 3.5 12 13 -34.02036980861089 2.621036536115878
3.25 3.5 13 14 1.376579113683874 2.337397183334012
3.25 3.5 14 15 26.82336947546673 2.09574768440331
3.25 3.5 15 16 45.04614466279997 1.888010967116108
3.25 3.5 16 17 57.96814913759226 1.708005312838287
3.25 3.5 17 18 66.9668784695242 1.550926314473017
3.25 3.5 18 19 73.04220558982092 1.412988562506307
3.25 3.5 19 20 76.92847471892526 1.291172751446761
3.25 3.5 20 21 79.1705935278751 1.183043921243072
3.25 3.5 21 22 80.17654334131453 1.086618668579667
3.25 3.5 22 23 80.25416406726265 1.000266684341554
3.25 3.5 23 24 79.63727834536303 0.9226367523308417
3.25 3.5 24 25 78.50447774489265 0.8526004424824193
3.25 3.5 25 26 76.99278695070808 0.7892087808070991
3.25 3.5 26 27 75.20770647364412 0.7316585570861903
3.25 3.5 27 28 73.23066426272408 0.6792658742075277
3.25 3.5 28 29 71.12459314996306 0.6314451972403369
3.25 3.5 29 30 68.93813888279448 0.5876926217038374
3.25 3.5 30 31 66.7088582668552 0.5475724082978162
3.25 3.5 31 32 64.46566607540439 0.5107060684298117
3.25 3.5 32 33 62.2307186547477 0.4767634583410346
3.25 3.5 33 34 60.02087201557754 0.4454554660502456
3.25 3.5 34 35 57.84881628064912 0.4165279710334909
3.25 3.5 35 36 55.72396239620647 0.3897568274263646
3.25 3.5 36 37 53.65313807590243 0.3649436753646947
3.25 3.5 37 38 51.64113606494746 0.3419124265524099
3.25 3.5 38 39 49.69114747246545 0.320506301984437
3.25 3.5 39 40 47.80510522551691 0.3005853235457118
3.25 3.5 40 41 45.98395700511264 0.2820241816109227
3.25 3.5 41 42 44.22788250738074 0.2647104145813696
3.25 3.5 42 43 42.53646670035582 0.2485428492286801
3.25 3.5 43 44 40.90883813523402 0.2334302593191058
3.25 3.5 44 45 39.34377940705355 0.219290208453375
3.25 3.5 45 46 37.8390090299452 0.2061407971035719
3.25 3.5 46 47 36.39435622808691 0.194272549973744
3.25 3.5 47 48 35.00721916099984 0.1837061112734243
3.25 3.5 48 49 33.67572654867713 0.1744088860023615
3.25 3.5 49 50 32.39776092500051 0.1660204432929794
3.5 3.75 0 1 71.33047007514318 1.784996360875
3.5 3.75 1 2 -5083.581196844063 25.62344464488802
3.5 3.75 2 3 -3998.582953415452 17.42927625430201
3.5 3.75 3 4 -2546.366286860811 12.48400886435486
3.5 3.75 4 5 -1609.507551581207 9.444477239607451
3.5 3.75 5 6 -1026.119132682125 7.431469277589039
3.5 3.75 6 7 -656.4648926546624 6.01775923287256
3.5 3.75 7 8 -416.7163965266293 4.97986006790736
3.5 3.75 8 9 -257.7824191632997 4.191309027420784
3.5 3.75 9 10 -150.4397814697231 3.575952609736529
3.5 3.75 10 11 -76.84786258275676 3.085095245327129
3.5 3.75 11 12 -25.68942955972307 2.685145734327125
3.5 3.75 12 13 9.825317264705291 2.356941872544375
3.5 3.75 13 14 34.36980279607792 2.081764048826511
3.5 3.75 14 15 51.44132627026909 1.849479639904482
3.5 3.75 15 16 63.06746280609434 1.651340382739029
3.5 3.75 16 17 70.7635411762127 1.480893691723075
3.5 3.75 17 18 75.60310507780832 1.333171021623182
3.5 3.75 18 19 78.3567882267447 1.204290163231325
3.5 3.75 19 20 79.5841197713554 1.091177948732796
3.5 3.75 20 21 79.69534231316476 0.9913730856082302
3.5 3.75 21 22 78.99374134570763 0.9028834843904194
3.5 3.75 22 23 77.70507471815142 0.8240813756941348
3.5 3.75 23 24 75.99831805122841 0.7536250979742605
3.5 3.75 24 25 74.00047316772384 0.6904000106777047
3.5 3.75 25 26 71.80725962416125 0.6334733234386669
3.5 3.75 26 27 69.49091417112913 0.5820591856762695
3.5 3.75 27 28 67.10593416617218 0.5354914346463281
3.5 3.75 28 29 64.69334325335865 0.4932021239907732
3.5 3.75 29 30 62.2838841495589 0.4547044613105882
3.5 3.75 30 31 59.90042527362249 0.4195791410448596
3.5 3.75 31 32 57.55978635624271 0.3874633155477096
3.5 3.75 32 33 55.27413124690312 0.3580416335528056
3.5 3.75 33 34 53.05203598364713 0.3310389109452449
3.5 3.75 34 35 50.8993115738719 0.3062141003766113
3.5 3.75 35 36 48.81964034820459 0.2833553010721784
3.5 3.75 36 37 46.81506981147248 0.2622756072823124
3.5 3.75 37 38 44.88639701835754 0.2428096371241257
3.5 3.75 38 39 43.03346842508171 0.2248106162113027
3.5 3.75 39 40 41.25541418908733 0.2081479170342282
3.5 3.75 40 41 39.55083148963951 0.1927049732772281
3.5 3.75 41 42 37.91792796527018 0.1783775059427917
3.5 3.75 42 43 36.35463393279136 0.1650720081027381
3.5 3.75 43 44 34.85869008041394 0.1527044470833757
3.5 3.75 44 45 33.42771581868186 0.1411991485286386
3.5 3.75 45 46 32.05858806833375 0.1306032029492621
3.5 3.75 46 47 30.75005724765197 0.1213110835347984
3.5 3.75 47 48 29.4989790154853 0.1133922872446491
3.5 3.75 48 49 28.30292096134735 0.106844866392934
3.5 3.75 49 50 27.1593060978755 0.1012458019297142
3.75 4 0 1 -428.2646008801698 2.031544125489057
3.75 4 1 2 -4349.60739374892 29.87580402282379
3.75 4 2 3 -3033.495712090965 14.38625276561202
3.75 4 3 4 -1831.727859218081 8.63204930376215
3.75 4 4 5 -1106.603982273606 5.757119465733283
3.75 4 5 6 -673.0284229474451 4.087952995252908
3.75 4 6 7 -406.7316370384251 3.024731421307138
3.75 4 7 8 -238.7643298590997 2.303374834520266
3.75 4 8 9 -130.3786381367497 1.790715341209438
3.75 4 9 10 -59.2026778880238 1.413725171997571
3.75 4 10 11 -11.99222940100105 1.132118985077468
3.75 4 11 12 19.51141877290036 0.9109026994217141
3.75 4 12 13 40.5958708883386 0.7343482835621156
3.75 4 13 14 54.43639636166711 0.6068105418055104
3.75 4 14 15 63.21857704476076 0.4934902161780872
3.75 4 15 16 68.58276122943585 0.4054707076384658
3.75 4 16 17 71.50376749342826 0.3344162906376267
3.75 4 17 18 72.70074218256275 0.2772404559698339
3.75 4 18 19 72.68177056888067 0.2316900504251952
3.75 4 19 20 71.80959353535985 0.2126118446042939
3.75 4 20 21 70.34539949320498 0.197482562198577
3.75 4 21 22 68.47850715727139 0.1837371200469739
3.75 4 22 23 66.34679632013564 0.1712113597765489
3.75 4 23 24 64.05096642491441 0.1597651596083629
3.75 4 24 25 61.66461242554246 0.1492782959989301
3.75 4 25 26 59.24142524967704 0.139647113508304
3.75 4 26 27 56.82038962490697 0.1307818280782089
3.75 4 27 28 54.42957037023729 0.1285046158543401
3.75 4 28 29 52.0888929392253 0.1311270103877212
3.75 4 29 30 49.81220013900423 0.1338950723088002
3.75 4 30 31 47.60878321040124 0.1365884260835331
3.75 4 31 32 45.48452799079013 0.1390765531896776
3.75 4 32 33 43.44277706424836 0.1412880216017249
3.75 4 33 34 41.48498090484442 0.1431893398534295
3.75 4 34 35 39.61119126954368 0.1447708777621106
3.75 4 35 36 37.82043597898856 0.1460376456885905
3.75 4 36 37 36.11100405756601 0.1470033125663419
3.75 4 37 38 34.48066282915134 0.1476863507766956
3.75 4 38 39 32.92682314493723 0.1481075697318028
3.75 4 39 40 31.44666492738968 0.1482885557328653
3.75 4 40 41 30.0372323086505 0.14825070212273
3.75 4 41 42 28.69550534997268 0.1480146253620037
3.75 4 42 43 27.41845374195705 0.1475998313407937
3.75 4 43 44 26.20307662260852 0.1470245452501084
3.75 4 44 45 25.0464316624314 0.1463056452339315
3.75 4 45 46 23.94515556231644 0.145530018888463
3.75 4 46 47 22.89736013959405 0.1449585424998976
3.75 4 47 48 21.8998848557252 0.144604436073994
3.75 4 48 49 20.95018555424218 0.1444389967452335
3.75 4 49 50 20.0456536434825 0.1442494481667812
4 5 0 1 -1204.397680490402 3.821744532127931
4 5 1 2 -4876.020830300135 10.70756270969811
4 5 2 3 -2794.201247362613 6.802122190005709
4 5 3 4 -1461.94215036182 4.815863520904306
4 5 4 5 -756.5035011733939 3.515987851395351
4 5 5 6 -377.7214885493909 2.666239700014299
4 5 6 7 -165.9881877605112 2.128049940650849
4 5 7 8 -44.27967621976086 1.761461721002622
4 5 8 9 26.68354957940301 1.488359378425361
4 5 9 10 68.00105233228965 1.273904404498908
4 5 10 11 91.48013565512781 1.104956993420304
4 5 11 12 104.0198537168922 0.9695438337917399
4 5 12 13 109.7592365510803 0.8567257578258244
4 5 13 14 111.2217027122786 0.7600128438311223
4 5 14 15 109.993151109555 0.6782570158299156
4 5 15 16 107.0965783237469 0.6091479215475182
4 5 16 17 103.2014733827408 0.5497664034945515
4 5 17 18 98.74551397834159 0.4977380114876652
4 5 18 19 94.01464251429786 0.4517365454926293
4 5 19 20 89.19637254980563 0.4110427838396582
4 5 20 21 84.41375944870123 0.3750471576265492
4 5 21 22 79.74655561019617 0.3430987336693214
4 5 22 23 75.24478912333308 0.3145723635684218
4 5 23 24 70.93798006887971 0.2889490026093847
4 5 24 25 66.84161983961627 0.2658319630216904
4 5 25 26 62.96173392012463 0.2449177236291992
4 5 26 27 59.29804668113164 0.2259592236093533
4 5 27 28 55.8461476382688 0.2087417730922525
4 5 28 29 52.59897072698655 0.1930731024602096
4 5 29 30 49.54781189409294 0.1787813897855587
4 5 30 31 46.68303615933046 0.1657154541899921
4 5 31 32 43.9945713876706 0.1537442080323391
4 5 32 33 41.47225154342172 0.1427548180112176
4 5 33 34 39.10605155677855 0.1326500939672346
4 5 34 35 36.88624354658353 0.1233457763622269
4 5 35 36 34.80349617032289 0.1147681591763308
4 5 36 37 32.84893328313058 0.1068522073810518
4 5 37 38 31.01416390445027 0.09954014361159733
4 5 38 39 29.29129227476425 0.09278040206216966
4 5 39 40 27.67291434216841 0.08652683451107629
4 5 40 41 26.15210525173303 0.08073808093599087
4 5 41 42 24.72240101871841 0.07537704168955389
4 5 42 43 23.3777766631382 0.07041041830426957
4 5 43 44 22.11262241898664 0.06580830343617942
4 5 44 45 20.92171909631625 0.06154381087027366
4 5 45 46 19.79971762483765 0.05803932394034074
4 5 46 47 18.74275524652116 0.05689770407231511
4 5 47 48 17.74618354675274 0.05835205643476959
4 5 48 49 16.80614933415444 0.06234131013026486
4 5 49 50 15.91867159298575 0.0666690170232041
-5 5 0 50 -549230.5253734854 97.98867611350498
