#ylo yhi qTlo qThi PDF0  uncertainty
-5 -4 0 1 -1201.040180811069 3.801437352743021
-5 -4 1 2 -4869.309544521086 10.6303410166093
-5 -4 2 3 -2789.461086062855 6.744137993955882
-5 -4 3 4 -1458.940759358168 4.756357534518265
-5 -4 4 5 -754.5126221279588 3.468874489849619
-5 -4 5 6 -376.3096422743351 2.638769225448953
-5 -4 6 7 -164.9621883730579 2.112290915999881
-5 -4 7 8 -43.53157503721059 1.751626867181846
-5 -4 8 9 27.22288358428432 1.48202223299873
-5 -4 9 10 68.38436344547597 1.269664750409849
-5 -4 10 11 91.74516581906983 1.102154283335691
-5 -4 11 12 104.1946371493226 0.9678587546856509
-5 -4 12 13 109.8628922297183 0.8551578574687348
-5 -4 13 14 111.2705728292963 0.7588274181744783
-5 -4 14 15 109.9983205606364 0.6771505380948308
-5 -4 15 16 107.0669793531222 0.6080739949572534
-5 -4 16 17 103.144152264473 0.548685646452773
-5 -4 17 18 98.66609602968219 0.496616390375046
-5 -4 18 19 93.91765854528597 0.4505555399273978
-5 -4 19 20 89.08549748419068 0.4097986469701554
-5 -4 20 21 84.29199055641135 0.3737438093598023
-5 -4 21 22 79.61634735484432 0.3417421223002409
-5 -4 22 23 75.10815675807575 0.3131683091893054
-5 -4 23 24 70.79658072491858 0.2875030244587493
-5 -4 24 25 66.69681710196858 0.2643494988868694
-5 -4 25 26 62.81464988993758 0.2434041348440943
-5 -4 26 27 59.14960426692338 0.2244196218484198
-5 -4 27 28 55.6971050708284 0.2071808413162025
-5 -4 28 29 52.44994983003005 0.1914950024494691
-5 -4 29 30 49.39932131846801 0.1771897578206939
-5 -4 30 31 46.53549053909325 0.164113447736428
-5 -4 31 32 43.84830717928513 0.1521345694477093
-5 -4 32 33 41.32754015257552 0.1411399360697094
-5 -4 33 34 38.963110238076 0.1310320558855253
-5 -4 34 35 36.74524446577686 0.1217264120669037
-5 -4 35 36 34.6645739473468 0.113149079327039
-5 -4 36 37 32.7121912767094 0.1052348375557144
-5 -4 37 38 30.87967945254035 0.09792575657905657
-5 -4 38 39 29.15912106733601 0.09117014798936299
-5 -4 39 40 27.54309407404367 0.08492176983162666
-5 -4 40 41 26.02465867563299 0.07913919605252985
-5 -4 41 42 24.59733849945594 0.07378528762679537
-5 -4 42 43 23.25509831624309 0.06882673271170847
-5 -4 43 44 21.99231990260464 0.06423363567641809
-5 -4 44 45 20.80377711387904 0.05997914746875289
-5 -4 45 46 19.684115789133 0.05648417880582512
-5 -4 46 47 18.62946989901586 0.05534640753373216
-5 -4 47 48 17.63518760293206 0.05687451957722148
-5 -4 48 49 16.69741245981301 0.06086322317645575
-5 -4 49 50 15.81216333456327 0.06518780453825249
-4 -3.75 0 1 -423.8806949538302 2.032555934512656
-4 -3.75 1 2 -4340.874468522415 29.85211757689627
-4 -3.75 2 3 -3029.827720616369 14.376153233704
-4 -3.75 3 4 -1830.843251053541 8.626615192558978
-4 -3.75 4 5 -1106.83913853067 5.753888853731821
-4 -3.75 5 6 -673.6254683794514 4.085931666493779
-4 -3.75 6 7 -407.4114874072081 3.023440844956786
-4 -3.75 7 8 -239.4250133557698 2.302555420023641
-4 -3.75 8 9 -130.9872524656116 1.790213154841987
-4 -3.75 9 10 -59.75848825585354 1.414102250473174
-4 -3.75 10 11 -12.49679293821498 1.131752939486122
-4 -3.75 11 12 18.86645527048825 0.9139652198955769
-4 -3.75 12 13 40.11450835089124 0.7358227763195649
-4 -3.75 13 14 54.37485631917195 0.6006175225544836
-4 -3.75 14 15 62.88864386878186 0.4936690719081466
-4 -3.75 15 16 68.28038890895493 0.4056747904790493
-4 -3.75 16 17 71.22530285818021 0.3346323975985778
-4 -3.75 17 18 72.44318998734968 0.2774561955946586
-4 -3.75 18 19 72.44266837411317 0.2318930359825834
-4 -3.75 19 20 71.58690329293597 0.212710439093056
-4 -3.75 20 21 70.13741869362912 0.1975679712042598
-4 -3.75 21 22 68.28379827343508 0.1838108658553248
-4 -3.75 22 23 66.16413181540452 0.1712747502565771
-4 -3.75 23 24 63.87928634649717 0.1598193255131259
-4 -3.75 24 25 61.50299186892164 0.1493242205827732
-4 -3.75 25 26 59.08904941680808 0.1396856561049146
-4 -3.75 26 27 56.6765346521268 0.1308137432377703
-4 -3.75 27 28 54.29358850623927 0.1283221464041333
-4 -3.75 28 29 51.96020098813193 0.1309241164434006
-4 -3.75 29 30 49.69027035141482 0.1336773124853841
-4 -3.75 30 31 47.49313601078512 0.13636011381147
-4 -3.75 31 32 45.37472608858874 0.1388409993259353
-4 -3.75 32 33 43.3384206128674 0.1410477615998469
-4 -3.75 33 34 41.38570346131621 0.1429463199397141
-4 -3.75 34 35 39.51665637324079 0.1445265980230566
-4 -3.75 35 36 37.73033421441669 0.1457932679833721
-4 -3.75 36 37 36.0250505015976 0.1467597405428975
-4 -3.75 37 38 34.39859480918771 0.1474442896238747
-4 -3.75 38 39 32.84839825219888 0.1478675706162812
-4 -3.75 39 40 31.37165924358638 0.1480510494025873
-4 -3.75 40 41 29.96543881325799 0.1480160243860061
-4 -3.75 41 42 28.62673248376507 0.147783036569086
-4 -3.75 42 43 27.35252410628713 0.1473715314661787
-4 -3.75 43 44 26.13982579903495 0.1467996856466151
-4 -3.75 44 45 24.9857071384215 0.1460843379233852
-4 -3.75 45 46 23.88681621125546 0.1453123043031105
-4 -3.75 46 47 22.84127474294995 0.1447442414820487
-4 -3.75 47 48 21.84593181844532 0.1443932097198489
-4 -3.75 48 49 20.8982516899643 0.1442303722541981
-4 -3.75 49 50 19.99563450898097 0.1440429963880649
-3.75 -3.5 0 1 76.25619050827652 1.786005560408029
-3.75 -3.5 1 2 -5073.214992160511 25.56620305771706
-3.75 -3.5 2 3 -3995.031223608607 17.38966713385835
-3.75 -3.5 3 4 -2545.9269312756 12.4556599808657
-3.75 -3.5 4 5 -1610.172873121757 9.42314072243458
-3.75 -3.5 5 6 -1027.063510819932 7.414784055227615
-3.75 -3.5 6 7 -657.4049259905432 6.004337089479295
-3.75 -3.5 7 8 -417.5634260673389 4.968827928711734
-3.75 -3.5 8 9 -258.5173135451164 4.182090937718482
-3.75 -3.5 9 10 -151.0680120296834 3.568138618889671
-3.75 -3.5 10 11 -77.38350572668287 3.07836666008655
-3.75 -3.5 11 12 -26.16185154149935 2.679782719138693
-3.75 -3.5 12 13 9.402781831036918 2.351513767429747
-3.75 -3.5 13 14 34.01184834399885 2.077350678520542
-3.75 -3.5 14 15 51.12481156976469 1.845588629917741
-3.75 -3.5 15 16 62.78532022767013 1.647893156023477
-3.75 -3.5 16 17 70.51018574824195 1.477826680794027
-3.75 -3.5 17 18 75.37412263526119 1.330432199188893
-3.75 -3.5 18 19 78.14867383698493 1.201836503738725
-3.75 -3.5 19 20 79.39406823152024 1.088973539488767
-3.75 -3.5 20 21 79.52108491478799 0.9893876999447202
-3.75 -3.5 21 22 78.83342088431101 0.9010914888480043
-3.75 -3.5 22 23 77.55715084302665 0.8224608827692399
-3.75 -3.5 23 24 75.86149606701889 0.7521573015854182
-3.75 -3.5 24 25 73.87365065335553 0.6890686597340095
-3.75 -3.5 25 26 71.68948642649434 0.6322643007782026
-3.75 -3.5 26 27 69.38136235755178 0.5809601682553682
-3.75 -3.5 27 28 67.00387534914182 0.534491617323804
-3.75 -3.5 28 29 64.59813135495568 0.4922919930547512
-3.75 -3.5 29 30 62.19494217331757 0.4538756077132448
-3.75 -3.5 30 31 59.8172350294486 0.4188241053828852
-3.75 -3.5 31 32 57.48188036514782 0.3867754584357567
-3.75 -3.5 32 33 55.20108626396186 0.3574150268407302
-3.75 -3.5 33 34 52.9834677267549 0.3304682458098508
-3.75 -3.5 34 35 50.83487036206392 0.3056946094111486
-3.75 -3.5 35 36 48.75900743198051 0.2828826916802634
-3.75 -3.5 36 37 46.75795423881183 0.2618460048358142
-3.75 -3.5 37 38 44.83253292002021 0.2424195359488941
-3.75 -3.5 38 39 42.98261263680504 0.2244568372504652
-3.75 -3.5 39 40 41.20734414756126 0.2078275712656197
-3.75 -3.5 40 41 39.50534335590025 0.1924154297340533
-3.75 -3.5 41 42 37.87483494111659 0.1781163638740201
-3.75 -3.5 42 43 36.31376474263766 0.164837072467819
-3.75 -3.5 43 44 34.81988759827159 0.1524937071440706
-3.75 -3.5 44 45 33.39083582215501 0.141010758748003
-3.75 -3.5 45 46 32.02349845418374 0.1304355620359078
-3.75 -3.5 46 47 30.7166364506751 0.1211630047932795
-3.75 -3.5 47 48 29.46711560742297 0.1132625221962544
-3.75 -3.5 48 49 28.27251241834401 0.1067319336604659
-3.75 -3.5 49 50 27.1302586516272 0.1011477332566883
-3.5 -3.25 0 1 740.8937377913495 0.4594271217160387
-3.5 -3.25 1 2 -5277.839907189603 19.0438419679848
-3.5 -3.25 2 3 -4673.294639542735 15.57291565416254
-3.5 -3.25 3 4 -3107.011691828629 11.87644585476321
-3.5 -3.25 4 5 -2031.781836293353 9.313792272494023
-3.5 -3.25 5 6 -1339.1902692558 7.514864014401143
-3.5 -3.25 6 7 -889.2760750588059 6.204833353656272
-3.5 -3.25 7 8 -591.1307976897151 5.217990105207993
-3.5 -3.25 8 9 -389.402228069838 4.453367845533432
-3.5 -3.25 9 10 -250.3149716743314 3.846838518579217
-3.5 -3.25 10 11 -152.8709285424188 3.356560235111464
-3.5 -3.25 11 12 -83.82504918278937 2.953449412860521
-3.5 -3.25 12 13 -34.48011946667566 2.61758730777412
-3.5 -3.25 13 14 0.9874596000097426 2.334367688903773
-3.5 -3.25 14 15 26.4910052148598 2.09307242683924
-3.5 -3.25 15 16 44.75975493071348 1.885637434505536
-3.5 -3.25 16 17 57.7193798688777 1.705890872616453
-3.5 -3.25 17 18 66.74924444860665 1.549035966040092
-3.5 -3.25 18 19 72.85064551273365 1.411293282491415
-3.5 -3.25 19 20 76.75900597299085 1.289648255946491
-3.5 -3.25 20 21 79.02004907353717 1.181669726697007
-3.5 -3.25 21 22 80.04237353940698 1.085377369721406
-3.5 -3.25 22 23 80.13428858763052 0.9991433925089328
-3.5 -3.25 23 24 79.52997603169769 0.9216186537586012
-3.5 -3.25 24 25 78.40830489485677 0.8516764473310401
-3.5 -3.25 25 26 76.90651668100242 0.7883692417530476
-3.5 -3.25 26 27 75.13028363171691 0.7308950419008412
-3.5 -3.25 27 28 73.16117174817896 0.6785709802888777
-3.5 -3.25 28 29 71.06222658748669 0.6308123994513958
-3.5 -3.25 29 30 68.88218739859997 0.5871161466206518
-3.5 -3.25 30 31 66.65868972626299 0.547047129563341
-3.5 -3.25 31 32 64.42071558688735 0.5102274192771256
-3.5 -3.25 32 33 62.19047947567185 0.4763273579969424
-3.5 -3.25 33 34 59.98488823251557 0.4450582574830495
-3.5 -3.25 34 35 57.8166768122492 0.416166368124221
-3.5 -3.25 35 36 55.69529599459588 0.3894278697764123
-3.5 -3.25 36 37 53.62760908901933 0.3646446896211304
-3.5 -3.25 37 38 51.61844079177143 0.3416409931885676
-3.5 -3.25 38 39 49.67101098649709 0.3202602264563287
-3.5 -3.25 39 40 47.78727857691445 0.3003626113506122
-3.5 -3.25 40 41 45.96821473477002 0.2818230166355248
-3.5 -3.25 41 42 44.21402042327065 0.2645291400661412
-3.5 -3.25 42 43 42.52429987792019 0.2483799512519946
-3.5 -3.25 43 44 40.89819911361198 0.2332843521934751
-3.5 -3.25 44 45 39.33451655601471 0.219160021829421
-3.5 -3.25 45 46 37.83098530663992 0.2060252409701014
-3.5 -3.25 46 47 36.38744744762585 0.1941708754742288
-3.5 -3.25 47 48 35.0013131708413 0.1836175877770467
-3.5 -3.25 48 49 33.67072183885487 0.1743327092795729
-3.5 -3.25 49 50 32.39356601365016 0.1659554833868733
-3.25 -3 0 1 1454.704518518602 1.338520969044064
-3.25 -3 1 2 -5101.360389339463 8.614798794750845
-3.25 -3 2 3 -5085.414728538786 9.686544656526706
-3.25 -3 3 4 -3503.803554565527 8.005099634270618
-3.25 -3 4 5 -2352.563123390983 6.548794624382055
-3.25 -3 5 6 -1589.430180945625 5.435297056252783
-3.25 -3 6 7 -1083.555783209875 4.584366377653728
-3.25 -3 7 8 -742.5864633332385 3.922287668624714
-3.25 -3 8 9 -508.2326638772106 3.39697887640147
-3.25 -3 9 10 -344.1869401832216 2.972233263060937
-3.25 -3 10 11 -227.5195571536638 2.623442460699887
-3.25 -3 11 12 -143.4132948809531 2.333099577718561
-3.25 -3 12 13 -82.19708080456644 2.088292470304174
-3.25 -3 13 14 -37.31112552006221 1.87973945236894
-3.25 -3 14 15 -4.26063410360257 1.700412509821808
-3.25 -3 15 16 20.09969844795705 1.544944572314272
-3.25 -3 16 17 38.00800691864879 1.40917404470544
-3.25 -3 17 18 51.08090963994562 1.28982944815062
-3.25 -3 18 19 60.50175512699309 1.184306978557456
-3.25 -3 19 20 67.14704708050374 1.090510878966036
-3.25 -3 20 21 71.67284993259966 1.006737054759132
-3.25 -3 21 22 74.5748008914959 0.9315869710926206
-3.25 -3 22 23 76.23040978970562 0.8639030934602943
-3.25 -3 23 24 76.92927927662936 0.8027198809064738
-3.25 -3 24 25 76.89496323670426 0.7472261602779107
-3.25 -3 25 26 76.3009568109166 0.6967359334629827
-3.25 -3 26 27 75.28251543888746 0.6506655068503537
-3.25 -3 27 28 73.94547440343916 0.6085154118098194
-3.25 -3 28 29 72.37288795541349 0.5698559916765745
-3.25 -3 29 30 70.63006739634 0.5343158226938964
-3.25 -3 30 31 68.76843267721353 0.5015723426819176
-3.25 -3 31 32 66.82847709191248 0.4713442153624947
-3.25 -3 32 33 64.84206368461076 0.4433850684116369
-3.25 -3 33 34 62.83421434796378 0.4174783277992196
-3.25 -3 34 35 60.82451114346236 0.3934329315525217
-3.25 -3 35 36 58.82819928653527 0.3710797552010821
-3.25 -3 36 37 56.85705921084948 0.3502686148049446
-3.25 -3 37 38 54.92009891901958 0.3308657430823315
-3.25 -3 38 39 53.024105707872 0.3127516536752139
-3.25 -3 39 40 51.17408730320659 0.2958193267440655
-3.25 -3 40 41 49.37362571295102 0.2799726608240956
-3.25 -3 41 42 47.62516175387179 0.2651251471075652
-3.25 -3 42 43 45.93022444001338 0.2511987298975473
-3.25 -3 43 44 44.28961627881912 0.2381228235278431
-3.25 -3 44 45 42.70356319329403 0.2258334618307637
-3.25 -3 45 46 41.17093827901539 0.2143760338047349
-3.25 -3 46 47 39.69283215057493 0.2040919145397661
-3.25 -3 47 48 38.2674803939843 0.1950119191564494
-3.25 -3 48 49 36.89381569923349 0.1871043921054572
-3.25 -3 49 50 35.57041754057884 0.179977042588193
-3 -2.75 0 1 2135.173205565733 2.188008360507737
-3 -2.75 1 2 -4734.009880715288 3.637572834194059
-3 -2.75 2 3 -5312.079432340573 5.667467633052763
-3 -2.75 3 4 -3768.990497764074 4.951722498168047
-3 -2.75 4 5 -2582.747381887545 4.161072150069104
-3 -2.75 5 6 -1777.372888150728 3.513376664499465
-3 -2.75 6 7 -1234.818541772355 3.000757411482617
-3 -2.75 7 8 -864.2728354826895 2.592859127060267
-3 -2.75 8 9 -606.5587893210595 2.264007021556044
-3 -2.75 9 10 -424.0736066156683 1.994834454576141
-3 -2.75 10 11 -292.8145735964633 1.771252112464748
-3 -2.75 11 12 -197.0631195415847 1.583887006327577
-3 -2.75 12 13 -126.4903199235371 1.424632989809652
-3 -2.75 13 14 -74.02650929364017 1.288091506010008
-3 -2.75 14 15 -34.79379467417425 1.170012758876108
-3 -2.75 15 16 -5.355566559295085 1.06711602894224
-3 -2.75 16 17 16.74953073343613 0.9768339523050956
-3 -2.75 17 18 33.31063302374059 0.8971321186034676
-3 -2.75 18 19 45.64558241849579 0.8263798889838575
-3 -2.75 19 20 54.7366249277959 0.7632565244338529
-3 -2.75 20 21 61.32363772270378 0.7066820119283427
-3 -2.75 21 22 65.96919849785911 0.6557654154526048
-3 -2.75 22 23 69.10466634838917 0.6097658353957873
-3 -2.75 23 24 71.063253300273 0.5680625596821961
-3 -2.75 24 25 72.10405146202208 0.5301319982802314
-3 -2.75 25 26 72.42968632993939 0.4955296827445677
-3 -2.75 26 27 72.19942166162252 0.4638760886624373
-3 -2.75 27 28 71.53898061303852 0.4348453726659546
-3 -2.75 28 29 70.54797067203225 0.4081563536388528
-3 -2.75 29 30 69.30554244931574 0.3835652356332896
-3 -2.75 30 31 67.87473472338593 0.3608596959116265
-3 -2.75 31 32 66.30583379069827 0.3398540496187548
-3 -2.75 32 33 64.63898731909995 0.3203852709232204
-3 -2.75 33 34 62.90625017156714 0.3023096995791504
-3 -2.75 34 35 61.13319439955717 0.2855003001213754
-3 -2.75 35 36 59.34018266598514 0.2698443691345046
-3 -2.75 36 37 57.54338015378721 0.2552416074254659
-3 -2.75 37 38 55.75556215368078 0.2416024927610319
-3 -2.75 38 39 53.98676114648777 0.2288468985043347
-3 -2.75 39 40 52.24478714210011 0.2169029179945313
-3 -2.75 40 41 50.53564758318282 0.2057058586610811
-3 -2.75 41 42 48.8638871268555 0.1951973787028211
-3 -2.75 42 43 47.23286343363696 0.1853247436861983
-3 -2.75 43 44 45.64497154285996 0.1760401835887172
-3 -2.75 44 45 44.1018268124752 0.1673003355067338
-3 -2.75 45 46 42.60345420709427 0.1592205441049482
-3 -2.75 46 47 41.15213272607446 0.1523532647715335
-3 -2.75 47 48 39.74696592988326 0.1467773432964345
-3 -2.75 48 49 38.3877032276684 0.1424665240854139
-3 -2.75 49 50 37.07364366048427 0.1388542191086282
-2.75 -2.5 0 1 2755.845813017728 2.587728290844676
-2.75 -2.5 1 2 -4294.426825553303 1.106600815881993
-2.75 -2.5 2 3 -5425.254264568628 2.455478132008909
-2.75 -2.5 3 4 -3943.885554726063 2.482170460638177
-2.75 -2.5 4 5 -2745.863773020551 2.226716648044425
-2.75 -2.5 5 6 -1916.067114954211 1.959133944693395
-2.75 -2.5 6 7 -1349.811707874797 1.724155042613697
-2.75 -2.5 7 8 -959.0807295192694 1.525030640464619
-2.75 -2.5 8 9 -684.8394625059336 1.357660929402516
-2.75 -2.5 9 10 -488.9951041505979 1.216160212799493
-2.75 -2.5 10 11 -346.8575384394715 1.095406133548523
-2.75 -2.5 11 12 -242.3268890225836 0.9918762683129032
-2.75 -2.5 12 13 -164.568942547101 0.9023260140208126
-2.75 -2.5 13 14 -106.2014530704259 0.8243023222601674
-2.75 -2.5 14 15 -62.0879571170442 0.7558634956288628
-2.75 -2.5 15 16 -28.59050570503587 0.6954617399644297
-2.75 -2.5 16 17 -3.090413250183474 0.6418530034768375
-2.75 -2.5 17 18 16.32508825730997 0.5940287520259528
-2.75 -2.5 18 19 31.07162925377293 0.5511644468957601
-2.75 -2.5 19 20 42.20933248940594 0.5125804906473685
-2.75 -2.5 20 21 50.54051781568273 0.4777124315860582
-2.75 -2.5 21 22 56.67816183109471 0.4460880574535349
-2.75 -2.5 22 23 61.09455931908326 0.4173096403501844
-2.75 -2.5 23 24 64.15637137320368 0.3910400615736814
-2.75 -2.5 24 25 66.15017680956043 0.3669918801299925
-2.75 -2.5 25 26 67.30130901552138 0.3449186527289846
-2.75 -2.5 26 27 67.78788608730235 0.3246079899150817
-2.75 -2.5 27 28 67.75136011557379 0.3058759607464588
-2.75 -2.5 28 29 67.30451880659371 0.2885625542257732
-2.75 -2.5 29 30 66.53760378946964 0.2725279725167762
-2.75 -2.5 30 31 65.523023946433 0.2576495864621977
-2.75 -2.5 31 32 64.31901155623393 0.2438194196200982
-2.75 -2.5 32 33 62.97247658272977 0.2309420579396452
-2.75 -2.5 33 34 61.52124824538572 0.2189329033172153
-2.75 -2.5 34 35 59.99584513095806 0.2077167088313583
-2.75 -2.5 35 36 58.42088017870208 0.1972263426043251
-2.75 -2.5 36 37 56.81618114620153 0.1874017408332582
-2.75 -2.5 37 38 55.19768814144527 0.1781890179356306
-2.75 -2.5 38 39 53.57817551036595 0.1695397054741765
-2.75 -2.5 39 40 51.96783462396854 0.1614101009382465
-2.75 -2.5 40 41 50.37474609846868 0.1537607060621531
-2.75 -2.5 41 42 48.80526354857926 0.1465557430805966
-2.75 -2.5 42 43 47.26432646268032 0.1397627347010356
-2.75 -2.5 43 44 45.75571594470119 0.1333521398130574
-2.75 -2.5 44 45 44.28226426932358 0.1272970353806245
-2.75 -2.5 45 46 42.84502203914172 0.1217937603131271
-2.75 -2.5 46 47 41.44729997526565 0.1176523559007192
-2.75 -2.5 47 48 40.08898857465849 0.1149862679861989
-2.75 -2.5 48 49 38.77057230529772 0.1137400239768202
-2.75 -2.5 49 50 37.49200212798826 0.1131089096105001
-2.5 -2.25 0 1 3315.301007767403 1.867389528076525
-2.5 -2.25 1 2 -3852.12790748118 0.9636795550766635
-2.5 -2.25 2 3 -5480.072835075282 1.693585054546603
-2.5 -2.25 3 4 -4063.628394032575 1.559732419940603
-2.5 -2.25 4 5 -2864.009643983326 1.379221618450749
-2.5 -2.25 5 6 -2019.514486976407 1.250577167756537
-2.5 -2.25 6 7 -1437.432896696661 1.125858038481988
-2.5 -2.25 7 8 -1032.612990073984 1.013657780230865
-2.5 -2.25 8 9 -746.5101230215078 0.9157327853870052
-2.5 -2.25 9 10 -540.86368006473 0.8304029654854979
-2.5 -2.25 10 11 -390.6507712239256 0.7554914153413005
-2.5 -2.25 11 12 -279.472894147184 0.690085299818624
-2.5 -2.25 12 13 -196.2199297366337 0.6325476448492419
-2.5 -2.25 13 14 -133.2882499239527 0.5816874845947835
-2.5 -2.25 14 15 -85.36415378303195 0.5365140323442813
-2.5 -2.25 15 16 -48.66876010299166 0.4962062524145868
-2.5 -2.25 16 17 -20.47135559678713 0.460083129143418
-2.5 -2.25 17 18 1.230139589876899 0.4275778856421529
-2.5 -2.25 18 19 17.92288174434839 0.3982166668993596
-2.5 -2.25 19 20 30.72457938428772 0.3716012784207734
-2.5 -2.25 20 21 40.48417412714173 0.3473953268210914
-2.5 -2.25 21 22 47.85259973891493 0.3253131182759261
-2.5 -2.25 22 23 53.33322368837139 0.3051107563080955
-2.5 -2.25 23 24 57.31827876573891 0.2865789812860596
-2.5 -2.25 24 25 60.11549507663108 0.269537388805802
-2.5 -2.25 25 26 61.96778549298847 0.2538297372864425
-2.5 -2.25 26 27 63.06794598617546 0.2393201225838536
-2.5 -2.25 27 28 63.56973720859355 0.2258898424147985
-2.5 -2.25 28 29 63.59631123432678 0.2134348126555221
-2.5 -2.25 29 30 63.24667121887126 0.2018634287279972
-2.5 -2.25 30 31 62.60066024173153 0.1910947856864218
-2.5 -2.25 31 32 61.72284092584448 0.1810571898585827
-2.5 -2.25 32 33 60.66553185496701 0.1716869093417329
-2.5 -2.25 33 34 59.47119824869316 0.1629271193920662
-2.5 -2.25 34 35 58.17434466810909 0.1547270089642515
-2.5 -2.25 35 36 56.80302121838838 0.1470410209478733
-2.5 -2.25 36 37 55.38002790729479 0.1398282027544597
-2.5 -2.25 37 38 53.92388197601525 0.1330516505200782
-2.5 -2.25 38 39 52.44959806790825 0.1266780302276391
-2.5 -2.25 39 40 50.96931984691832 0.120677164599194
-2.5 -2.25 40 41 49.49283326990997 0.1150216754161226
-2.5 -2.25 41 42 48.02798495665613 0.109686673444016
-2.5 -2.25 42 43 46.5810243520813 0.1046494863864838
-2.5 -2.25 43 44 45.15688431196529 0.09988942361937564
-2.5 -2.25 44 45 43.75941179814032 0.09538756822831819
-2.5 -2.25 45 46 42.39051734484246 0.09144418902902456
-2.5 -2.25 46 47 41.05437265355982 0.08923250242626468
-2.5 -2.25 47 48 39.7515336954207 0.08888871839822708
-2.5 -2.25 48 49 38.4831069346524 0.09026721824456414
-2.5 -2.25 49 50 37.24959640036164 0.09316926489264706
-2.25 -2 0 1 3821.069732531753 1.056809732871825
-2.25 -2 1 2 -3442.453525202625 0.8765853317537143
-2.25 -2 2 3 -5526.778499866703 1.662527897033708
-2.25 -2 3 4 -4170.245565916196 1.536514327349109
-2.25 -2 4 5 -2967.764137376496 1.354123267589765
-2.25 -2 5 6 -2108.525452952928 1.193088688930743
-2.25 -2 6 7 -1511.256251706492 1.058254415245325
-2.25 -2 7 8 -1093.324306520613 0.9449856784141474
-2.25 -2 8 9 -796.4584966094644 0.8502267810939097
-2.25 -2 9 10 -582.1042961931112 0.7679025570611543
-2.25 -2 10 11 -424.8498194224289 0.6978915541088639
-2.25 -2 11 12 -307.9696950004402 0.6367987144175
-2.25 -2 12 13 -220.0719203490976 0.5833051201706275
-2.25 -2 13 14 -153.334397650367 0.5361529988888473
-2.25 -2 14 15 -102.2733456811466 0.4943416711266334
-2.25 -2 15 16 -62.97759260322846 0.4570660040531276
-2.25 -2 16 17 -32.61313773210532 0.4236714994798756
-2.25 -2 17 18 -9.096782165535387 0.393621088759365
-2.25 -2 18 19 9.122769424122453 0.3664702560595419
-2.25 -2 19 20 23.21429202131435 0.3418481707028904
-2.25 -2 20 21 34.06766378488351 0.3194432083418868
-2.25 -2 21 22 42.36684986797081 0.2989917303631426
-2.25 -2 22 23 48.6420359856221 0.2802692952156262
-2.25 -2 23 24 53.30735570075012 0.2630837195190108
-2.25 -2 24 25 56.68852177082488 0.2472695495302373
-2.25 -2 25 26 59.04328797540938 0.232683624537719
-2.25 -2 26 27 60.5767568684156 0.2192014876941502
-2.25 -2 27 28 61.45293980534859 0.2067144652973741
-2.25 -2 28 29 61.80356297628396 0.1951272720340019
-2.25 -2 29 30 61.73482958064915 0.1843560365745787
-2.25 -2 30 31 61.33265133757311 0.174326664398309
-2.25 -2 31 32 60.66672381844302 0.1649734725549509
-2.25 -2 32 33 59.79372151120367 0.1562380448961906
-2.25 -2 33 34 58.75981771347205 0.1480682683743662
-2.25 -2 34 35 57.60268296289337 0.1404175174412222
-2.25 -2 35 36 56.35307811206411 0.1332439605857447
-2.25 -2 36 37 55.03613035855005 0.1265099692796451
-2.25 -2 37 38 53.6723599322209 0.1201816103711278
-2.25 -2 38 39 52.27850960175533 0.1142282109098663
-2.25 -2 39 40 50.86821744451515 0.1086219822897938
-2.25 -2 40 41 49.45256456048935 0.1033376932429323
-2.25 -2 41 42 48.04052235054013 0.09835238847021326
-2.25 -2 42 43 46.63931902802588 0.09364514123335352
-2.25 -2 43 44 45.25474076326094 0.08919683810116234
-2.25 -2 44 45 43.89137979143069 0.08498999037648017
-2.25 -2 45 46 42.55176308760733 0.08166687225820513
-2.25 -2 46 47 41.2407016653215 0.08162597280063622
-2.25 -2 47 48 39.95921703407177 0.08492993809498565
-2.25 -2 48 49 38.70885591392766 0.09095609198843289
-2.25 -2 49 50 37.49050918484639 0.0973283186680431
-2 -1.75 0 1 4295.58315416847 1.073611625779424
-2 -1.75 1 2 -3036.77431136217 2.52865062808605
-2 -1.75 2 3 -5535.754060718319 2.777659612191123
-2 -1.75 3 4 -4245.039702108417 2.321835953061969
-2 -1.75 4 5 -3051.130973464807 1.929868936609334
-2 -1.75 5 6 -2186.425911365272 1.629180145386245
-2 -1.75 6 7 -1580.362641799748 1.397628171910349
-2 -1.75 7 8 -1153.477272132451 1.215622501938315
-2 -1.75 8 9 -848.4774545131982 1.069244465902047
-2 -1.75 9 10 -627.0441874296043 0.9499404043437847
-2 -1.75 10 11 -463.7129485571704 0.8501238428815132
-2 -1.75 11 12 -341.6740123198704 0.7660210082276833
-2 -1.75 12 13 -249.3980010612645 0.6941647554552739
-2 -1.75 13 14 -178.9405298703273 0.6321366313688633
-2 -1.75 14 15 -124.710754257763 0.5781137791288158
-2 -1.75 15 16 -82.7069467651238 0.5306965872106482
-2 -1.75 16 17 -50.01974174678276 0.4887925678873914
-2 -1.75 17 18 -24.50365906760067 0.4515363969801264
-2 -1.75 18 19 -4.556046195614499 0.4182337024250474
-2 -1.75 19 20 11.03424498135587 0.38832078176022
-2 -1.75 20 21 23.19212751060218 0.3613352208842435
-2 -1.75 21 22 32.63062103283369 0.3368941179024442
-2 -1.75 22 23 39.90409005030779 0.3146777054921073
-2 -1.75 23 24 45.44686413032821 0.2944168688744208
-2 -1.75 24 25 49.60158938087034 0.275883517946966
-2 -1.75 25 26 52.6402712207489 0.2588830779711925
-2 -1.75 26 27 54.78005163072942 0.2432485723718154
-2 -1.75 27 28 56.19514964814357 0.228835918361163
-2 -1.75 28 29 57.02597671618037 0.2155201520541229
-2 -1.75 29 30 57.38615122237718 0.203192377999464
-2 -1.75 30 31 57.3679366594647 0.1917572827091626
-2 -1.75 31 32 57.04648681368911 0.1811310971328775
-2 -1.75 32 33 56.48318094882654 0.171239913628282
-2 -1.75 33 34 55.72825971916757 0.1620182888840072
-2 -1.75 34 35 54.8229200010212 0.1534080772238083
-2 -1.75 35 36 53.8009883512554 0.1453574510062981
-2 -1.75 36 37 52.69026428459301 0.1378200744747316
-2 -1.75 37 38 51.51360340885748 0.1307544031216904
-2 -1.75 38 39 50.28979446003245 0.1241230873815011
-2 -1.75 39 40 49.03427221427603 0.1178924630230979
-2 -1.75 40 41 47.75969920797559 0.1120321130948142
-2 -1.75 41 42 46.47644190365389 0.1065144915026634
-2 -1.75 42 43 45.19296181361165 0.1013145965384616
-2 -1.75 43 44 43.91613766638807 0.09640968848018268
-2 -1.75 44 45 42.65153151959132 0.09177904312939428
-2 -1.75 45 46 41.40250994410661 0.08776533788557611
-2 -1.75 46 47 40.17469527275122 0.08571890817076565
-2 -1.75 47 48 38.96977214630945 0.0858228054842118
-2 -1.75 48 49 37.78990040109184 0.09088558697160187
-2 -1.75 49 50 36.63651722059677 0.09773879084067277
-1.75 -1.5 0 1 4722.789828723327 0.9369735388149861
-1.75 -1.5 1 2 -2657.44708149447 0.7471496427118484
-1.75 -1.5 2 3 -5528.224118040335 1.693038558739911
-1.75 -1.5 3 4 -4287.122419461102 1.638691297097501
-1.75 -1.5 4 5 -3095.742486788243 1.466773562725855
-1.75 -1.5 5 6 -2225.136066287458 1.293237388079325
-1.75 -1.5 6 7 -1612.396581705128 1.14052562301129
-1.75 -1.5 7 8 -1179.672184288809 1.010637356806469
-1.75 -1.5 8 9 -869.8762005693925 0.9006820953516633
-1.75 -1.5 9 10 -644.5709894104743 0.8082189987921344
-1.75 -1.5 10 11 -478.1258503390995 0.7285964140056898
-1.75 -1.5 11 12 -353.5724847885024 0.660393198650138
-1.75 -1.5 12 13 -259.2580254496652 0.6013081210541407
-1.75 -1.5 13 14 -187.1399335812716 0.5497458448076232
-1.75 -1.5 14 15 -131.550919513179 0.5044424266964358
-1.75 -1.5 15 16 -88.42967084148086 0.4643904691649343
-1.75 -1.5 16 17 -54.820159795368 0.4287806488125365
-1.75 -1.5 17 18 -28.54013611935579 0.3969571584606767
-1.75 -1.5 18 19 -7.957779052102751 0.3683839862043754
-1.75 -1.5 19 20 8.161349322461319 0.342619366021376
-1.75 -1.5 20 21 20.76087389552276 0.3192963119684257
-1.75 -1.5 21 22 30.56893516986281 0.2981076857967904
-1.75 -1.5 22 23 38.15218198738455 0.2787946421417
-1.75 -1.5 23 24 43.95497284680528 0.2611376155459588
-1.75 -1.5 24 25 48.32817839014228 0.2449492309902515
-1.75 -1.5 25 26 51.55057675992168 0.2300686805264222
-1.75 -1.5 26 27 53.84490839318823 0.2163572291080461
-1.75 -1.5 27 28 55.39003638832116 0.2036945958302575
-1.75 -1.5 28 29 56.33023708201631 0.1919760185997776
-1.75 -1.5 29 30 56.78235499979826 0.1811098586398982
-1.75 -1.5 30 31 56.84135411152704 0.1710156314988241
-1.75 -1.5 31 32 56.58465453588366 0.1616223803697613
-1.75 -1.5 32 33 56.07554210921359 0.1528673237039413
-1.75 -1.5 33 34 55.36586500082308 0.144694725427204
-1.75 -1.5 34 35 54.49817827428723 0.1370549457167375
-1.75 -1.5 35 36 53.50745822703124 0.1299036404966993
-1.75 -1.5 36 37 52.42247939125605 0.1232010828557102
-1.75 -1.5 37 38 51.2669255723788 0.1169115849043474
-1.75 -1.5 38 39 50.06029004419111 0.1110030041845801
-1.75 -1.5 39 40 48.81860773307301 0.1054463207902059
-1.75 -1.5 40 41 47.55505302560431 0.1002152710678638
-1.75 -1.5 41 42 46.28042938851911 0.09528603385012879
-1.75 -1.5 42 43 45.00357178099875 0.09063695633817814
-1.75 -1.5 43 44 43.73167830775077 0.08624831687905263
-1.75 -1.5 44 45 42.47058432583555 0.08210211732058441
-1.75 -1.5 45 46 41.223858643163 0.07888866001573158
-1.75 -1.5 46 47 39.99738537743238 0.07918758213517174
-1.75 -1.5 47 48 38.79298878798673 0.08307855341230466
-1.75 -1.5 48 49 37.61297563640568 0.08990613222931707
-1.75 -1.5 49 50 36.45891562349669 0.09711605134021135
-1.5 -1.25 0 1 5125.183614588059 3.303169609659285
-1.5 -1.25 1 2 -2281.632271893609 4.164033677261291
-1.5 -1.25 2 3 -5504.795478567939 1.676215179973532
-1.5 -1.25 3 4 -4322.755853446455 1.600664632254427
-1.5 -1.25 4 5 -3142.224683677748 1.426168065019709
-1.5 -1.25 5 6 -2270.588730010763 1.258946831666963
-1.5 -1.25 6 7 -1653.659093885718 1.114408066960181
-1.5 -1.25 7 8 -1216.154659324895 0.9918775629508017
-1.5 -1.25 8 9 -901.8188423249721 0.8888771869277012
-1.5 -1.25 9 10 -672.4582885383988 0.7999163033317722
-1.5 -1.25 10 11 -502.4781059187503 0.7245928306072522
-1.5 -1.25 11 12 -374.8832426858585 0.6592083857935099
-1.5 -1.25 12 13 -277.9610746846454 0.6022626627619035
-1.5 -1.25 13 14 -203.6085695372362 0.5523191409843804
-1.5 -1.25 14 15 -146.102530655877 0.5082357971169155
-1.5 -1.25 15 16 -101.3327398128233 0.4690977221261975
-1.5 -1.25 16 17 -66.30148988711153 0.4341656187868442
-1.5 -1.25 17 18 -38.79145951320356 0.4028368525222574
-1.5 -1.25 18 19 -17.14148813745169 0.3746159978629764
-1.5 -1.25 19 20 -0.09264090475630837 0.3490924616073018
-1.5 -1.25 20 21 13.31916556346891 0.325923357284423
-1.5 -1.25 21 22 23.83918387820665 0.304820297460967
-1.5 -1.25 22 23 32.04840886738714 0.2855391147631955
-1.5 -1.25 23 24 38.40325887990502 0.2678717982025957
-1.5 -1.25 24 25 43.26477266723452 0.2516401145803076
-1.5 -1.25 25 26 46.92032788324502 0.2381049040696312
-1.5 -1.25 26 27 49.59996051861742 0.2265376666912756
-1.5 -1.25 27 28 51.48874219632262 0.2157300778300076
-1.5 -1.25 28 29 52.73624889707514 0.2056179773046581
-1.5 -1.25 29 30 53.46386255516575 0.1961437412324954
-1.5 -1.25 30 31 53.77044335087726 0.1872555341182025
-1.5 -1.25 31 32 53.73676660256058 0.1789066495380219
-1.5 -1.25 32 33 53.42901551093775 0.1710549282196197
-1.5 -1.25 33 34 52.90154703026298 0.1636622480726756
-1.5 -1.25 34 35 52.19909426794027 0.156694075712794
-1.5 -1.25 35 36 51.35852926925816 0.1501190728631728
-1.5 -1.25 36 37 50.41028071266038 0.1439087502424385
-1.5 -1.25 37 38 49.37947922806705 0.1380371640460415
-1.5 -1.25 38 39 48.28688654921183 0.1324806474185776
-1.5 -1.25 39 40 47.14965222483085 0.1272175752505244
-1.5 -1.25 40 41 45.98193225587045 0.1222281555889169
-1.5 -1.25 41 42 44.79539644872301 0.1174942451247058
-1.5 -1.25 42 43 43.59964596646824 0.1129991868864802
-1.5 -1.25 43 44 42.40255793470976 0.1087276648712193
-1.5 -1.25 44 45 41.21057065745231 0.1046655757622181
-1.5 -1.25 45 46 40.02776856316692 0.1011374700697186
-1.5 -1.25 46 47 38.86054899756795 0.09939082323495339
-1.5 -1.25 47 48 37.7111426249935 0.09958772683702265
-1.5 -1.25 48 49 36.5822381455317 0.1016171307719164
-1.5 -1.25 49 50 35.47573938136864 0.1042569834772581
-1.25 -1 0 1 5453.537691047256 1.566669610760021
-1.25 -1 1 2 -1997.464781822301 0.6498786625957272
-1.25 -1 2 3 -5504.411338649861 1.82864692831817
-1.25 -1 3 4 -4362.397739763462 1.780248595871088
-1.25 -1 4 5 -3184.769191567447 1.586683310852379
-1.25 -1 5 6 -2308.498574310549 1.398107032947907
-1.25 -1 6 7 -1685.833284640445 1.235704993922695
-1.25 -1 7 8 -1243.056846909992 1.09889381951258
-1.25 -1 8 9 -924.2343654823653 0.9843018857021363
-1.25 -1 9 10 -691.1517881111617 0.8860655542255951
-1.25 -1 10 11 -518.1033193752824 0.8028682840050135
-1.25 -1 11 12 -387.9853195101605 0.7308577466718768
-1.25 -1 12 13 -288.9825152130181 0.6682226225181611
-1.25 -1 13 14 -212.9081871707558 0.6133366726870252
-1.25 -1 14 15 -153.9715371880309 0.5649176816342978
-1.25 -1 15 16 -108.0082380732554 0.5219446950572814
-1.25 -1 16 17 -71.97734419875451 0.4835964839160737
-1.25 -1 17 18 -43.62691148675367 0.4492059207416167
-1.25 -1 18 19 -21.26794869440096 0.4182259865861788
-1.25 -1 19 20 -3.619044979826867 0.3902042319665218
-1.25 -1 20 21 10.30212521128055 0.3647633998159444
-1.25 -1 21 22 21.25569455155869 0.3415865759840803
-1.25 -1 22 23 29.83485463173292 0.3204056943497117
-1.25 -1 23 24 36.50606775112692 0.3009925541989778
-1.25 -1 24 25 41.63868033790322 0.2831517370037831
-1.25 -1 25 26 45.52697023497478 0.2667149727315908
-1.25 -1 26 27 48.40672707669785 0.251536623314272
-1.25 -1 27 28 50.4678378065239 0.2374900346468636
-1.25 -1 28 29 51.86392243402577 0.2244645683142732
-1.25 -1 29 30 52.71977029744835 0.2123631712739757
-1.25 -1 30 31 53.13712145602938 0.2011003729410732
-1.25 -1 31 32 53.19919236904707 0.1906006244739944
-1.25 -1 32 33 52.97424120885728 0.180796915147772
-1.25 -1 33 34 52.51839328848826 0.17162961192165
-1.25 -1 34 35 51.87789252247489 0.1630454832501444
-1.25 -1 35 36 51.09090477997455 0.1549968725162055
-1.25 -1 36 37 50.18896923544071 0.1474409951583655
-1.25 -1 37 38 49.19817170376257 0.1403393403781146
-1.25 -1 38 39 48.14009718554047 0.1336571567359652
-1.25 -1 39 40 47.03260616755972 0.1273630107658775
-1.25 -1 40 41 45.89046971653767 0.1214284056432449
-1.25 -1 41 42 44.72589068540793 0.1158274512033908
-1.25 -1 42 43 43.54893296644309 0.1105365768567467
-1.25 -1 43 44 42.36787599854853 0.1055342813651312
-1.25 -1 44 45 41.18950838691933 0.1008009144562689
-1.25 -1 45 46 40.01819826989214 0.09669572403324662
-1.25 -1 46 47 38.86065372160814 0.09462826899325449
-1.25 -1 47 48 37.71931658615563 0.09480048679442854
-1.25 -1 48 49 36.59707937284469 0.09774872742753489
-1.25 -1 49 50 35.49602822112104 0.1054665367849568
-1 -0.75 0 1 5731.413363828736 1.911160457500061
-1 -0.75 1 2 -1738.901571013964 1.777311814916279
-1 -0.75 2 3 -5479.791957349973 1.594279174835538
-1 -0.75 3 4 -4372.994214839931 1.532376571091021
-1 -0.75 4 5 -3201.016287450494 1.367950981519968
-1 -0.75 5 6 -2324.190175039628 1.212219460697356
-1 -0.75 6 7 -1699.64387817311 1.078730068523222
-1 -0.75 7 8 -1254.873786110634 0.9657738024996815
-1 -0.75 8 9 -934.2557221720458 0.8706134237777916
-1 -0.75 9 10 -699.6355146389228 0.787946549096845
-1 -0.75 10 11 -525.2910333731129 0.7175740890568105
-1 -0.75 11 12 -394.0909354103219 0.6560712685489878
-1 -0.75 12 13 -294.1855091578236 0.6021579603709629
-1 -0.75 13 14 -217.3578919035974 0.5545786366555872
-1 -0.75 14 15 -157.7915807714548 0.512334260988994
-1 -0.75 15 16 -111.3008611797281 0.4746215146016602
-1 -0.75 16 17 -74.82717842323586 0.4407878911502224
-1 -0.75 17 18 -46.10414561940365 0.4102983404316312
-1 -0.75 18 19 -23.43093086146314 0.382710256168604
-1 -0.75 19 20 -5.516403096297154 0.3576545244277132
-1 -0.75 20 21 8.629760508134041 0.334821005455835
-1 -0.75 21 22 19.7742898617596 0.3139473045427873
-1 -0.75 22 23 28.51583424278897 0.2948099940962764
-1 -0.75 23 24 35.32538379490938 0.2772176936837993
-1 -0.75 24 25 40.57605186400247 0.2610055663344053
-1 -0.75 25 26 44.56525861848672 0.246030906796924
-1 -0.75 26 27 47.53142175839503 0.2321695761452812
-1 -0.75 27 28 49.66663160488986 0.2193131030432445
-1 -0.75 28 29 51.12635980905748 0.2073663084414366
-1 -0.75 29 30 52.03695522377825 0.1962453484433594
-1 -0.75 30 31 52.50147415493518 0.1858760917432521
-1 -0.75 31 32 52.60424621462585 0.1761927664769752
-1 -0.75 32 33 52.41447276066947 0.1671368267618544
-1 -0.75 33 34 51.98907971848632 0.1586559972632787
-1 -0.75 34 35 51.37499175416417 0.1507034653001784
-1 -0.75 35 36 50.61095450820187 0.1432371933881916
-1 -0.75 36 37 49.72900167922603 0.1362193331731836
-1 -0.75 37 38 48.75564149854637 0.1296157225263972
-1 -0.75 38 39 47.71282027660521 0.1233954531906725
-1 -0.75 39 40 46.61870793071154 0.1175304973902137
-1 -0.75 40 41 45.48834083733209 0.1119953845960817
-1 -0.75 41 42 44.33414957143555 0.1067669202301653
-1 -0.75 42 43 43.16639367727026 0.1018239403781342
-1 -0.75 43 44 41.99352083723699 0.09714709842624214
-1 -0.75 44 45 40.82246444365569 0.09271867560856333
-1 -0.75 45 46 39.65769830077602 0.08928755296053266
-1 -0.75 46 47 38.50607423554871 0.08965145559565266
-1 -0.75 47 48 37.37010738273719 0.09390504705004579
-1 -0.75 48 49 36.25276988830237 0.1013439521734009
-1 -0.75 49 50 35.15621326483915 0.1092022710996914
-0.75 -0.5 0 1 5946.724585162961 2.656625703691329
-0.75 -0.5 1 2 -1542.580694181742 2.05434627255954
-0.75 -0.5 2 3 -5464.57533808843 1.599645874203691
-0.75 -0.5 3 4 -4385.7197703508 1.544020677581715
-0.75 -0.5 4 5 -3218.544145699072 1.379587511046403
-0.75 -0.5 5 6 -2341.354814445145 1.222098394853842
-0.75 -0.5 6 7 -1715.196348410431 1.086511963772672
-0.75 -0.5 7 8 -1268.614190990078 0.9716674125285846
-0.75 -0.5 8 9 -946.2923714698695 0.8749932833983045
-0.75 -0.5 9 10 -710.1599920433055 0.7911360497274715
-0.75 -0.5 10 11 -534.4994195604886 0.7198809090084944
-0.75 -0.5 11 12 -402.1687026855316 0.6577107477737152
-0.75 -0.5 12 13 -301.294232162051 0.6032983923370494
-0.75 -0.5 13 14 -223.6363163851947 0.5553464123301883
-0.75 -0.5 14 15 -163.3576407160683 0.5128258205346922
-0.75 -0.5 15 16 -116.254379351881 0.4775820912809943
-0.75 -0.5 16 17 -79.25256158011734 0.4456557717418138
-0.75 -0.5 17 18 -50.07281864381139 0.4166495667478139
-0.75 -0.5 18 19 -27.00343876614488 0.3902205177493379
-0.75 -0.5 19 20 -8.744186405172286 0.3660727960888617
-0.75 -0.5 20 21 5.702882859039164 0.34395095833894
-0.75 -0.5 21 22 17.1108883644772 0.3236339687935433
-0.75 -0.5 22 23 26.08384692101333 0.3049300450707296
-0.75 -0.5 23 24 33.09726862280206 0.2876722771638948
-0.75 -0.5 24 25 38.5280829094321 0.2717149333680455
-0.75 -0.5 25 26 42.67694043152665 0.2569303547953213
-0.75 -0.5 26 27 45.7850010307518 0.2432063472980122
-0.75 -0.5 27 28 48.04668892996642 0.2304439906290048
-0.75 -0.5 28 29 49.61946751983476 0.2185557935643257
-0.75 -0.5 29 30 50.63138985970966 0.2074641379099096
-0.75 -0.5 30 31 51.18697420088108 0.1970999618727851
-0.75 -0.5 31 32 51.3718074544106 0.1874016430474103
-0.75 -0.5 32 33 51.25617495978611 0.1783140474954842
-0.75 -0.5 33 34 50.89793947176383 0.1697877175682285
-0.75 -0.5 34 35 50.34483723864247 0.1617781766579484
-0.75 -0.5 35 36 49.6363186232295 0.1542453311167095
-0.75 -0.5 36 37 48.80503065571486 0.147152955310384
-0.75 -0.5 37 38 47.87801655821397 0.1404682459550511
-0.75 -0.5 38 39 46.87769032218995 0.1341614356246568
-0.75 -0.5 39 40 45.82263158540394 0.1282054573543162
-0.75 -0.5 40 41 44.72823642481586 0.1225756505848418
-0.75 -0.5 41 42 43.60725185448916 0.1172495062880618
-0.75 -0.5 42 43 42.47021636310899 0.1122064409160561
-0.75 -0.5 43 44 41.32582401407052 0.1074276000525289
-0.75 -0.5 44 45 40.1812262397097 0.1028956837256979
-0.75 -0.5 45 46 39.04107685351977 0.09899526660552836
-0.75 -0.5 46 47 37.91242263269299 0.09721831615756658
-0.75 -0.5 47 48 36.79791846647322 0.09776259672090162
-0.75 -0.5 48 49 35.70067304303134 0.1017381308719633
-0.75 -0.5 49 50 34.62295875112545 0.1097870000157675
-0.5 -0.25 0 1 6088.493622052015 2.583174560951116
-0.5 -0.25 1 2 -1419.295996609501 1.435944245472424
-0.5 -0.25 2 3 -5459.382723875135 1.575952707928721
-0.5 -0.25 3 4 -4397.361065472413 1.537820893673681
-0.5 -0.25 4 5 -3232.237593884628 1.38436819796431
-0.5 -0.25 5 6 -2354.036118255275 1.274067826879515
-0.5 -0.25 6 7 -1726.274167942796 1.157980500774583
-0.5 -0.25 7 8 -1278.114510913083 1.050276517388043
-0.5 -0.25 8 9 -954.3967075188534 0.9542059609907284
-0.5 -0.25 9 10 -717.0674853047949 0.8700675903449044
-0.5 -0.25 10 11 -540.3970145583148 0.7951858369507375
-0.5 -0.25 11 12 -407.2168598951739 0.7294633861155823
-0.5 -0.25 12 13 -305.6282075932988 0.6713126765467666
-0.5 -0.25 13 14 -227.3688523769672 0.6196504821358905
-0.5 -0.25 14 15 -166.5823939822719 0.5735567325299651
-0.5 -0.25 15 16 -119.0491571193038 0.5322579193858916
-0.5 -0.25 16 17 -81.68212271356856 0.4951055103533682
-0.5 -0.25 17 18 -52.1912089809357 0.4615551704708942
-0.5 -0.25 18 19 -28.85590499356158 0.4311486313643434
-0.5 -0.25 19 20 -10.36873314003287 0.4034985191404504
-0.5 -0.25 20 21 4.274228914391642 0.3782759002351989
-0.5 -0.25 21 22 15.85105132026297 0.3552001446676558
-0.5 -0.25 22 23 24.9698652827044 0.3340306969397276
-0.5 -0.25 23 24 32.10961203535305 0.314560392570829
-0.5 -0.25 24 25 37.65009206434377 0.296610018047565
-0.5 -0.25 25 26 41.89436626749955 0.2800238659824243
-0.5 -0.25 26 27 45.08562425275568 0.264666090511236
-0.5 -0.25 27 28 47.42000473292887 0.250417704533602
-0.5 -0.25 28 29 49.05642345517151 0.2371740947971214
-0.5 -0.25 29 30 50.1241671704687 0.2248429564812548
-0.5 -0.25 30 31 50.72880485143844 0.2133425675434839
-0.5 -0.25 31 32 50.95682056596854 0.2026003417743487
-0.5 -0.25 32 33 50.87926756290676 0.1925516094668808
-0.5 -0.25 33 34 50.55466742296187 0.1831385854392807
-0.5 -0.25 34 35 50.03132291699768 0.1743094925255018
-0.5 -0.25 35 36 49.34917262551409 0.1660178146309061
-0.5 -0.25 36 37 48.54128520733605 0.158221655637656
-0.5 -0.25 37 38 47.6350687525424 0.150883190777439
-0.5 -0.25 38 39 46.65325362680244 0.1439681914934228
-0.5 -0.25 39 40 45.61469432043555 0.1374456163227224
-0.5 -0.25 40 41 44.535026134693 0.1312872543831685
-0.5 -0.25 41 42 43.42720467142249 0.1254674160046075
-0.5 -0.25 42 43 42.30195061111698 0.1199626623589869
-0.5 -0.25 43 44 41.16811741953791 0.1147515686135701
-0.5 -0.25 44 45 40.03299622029738 0.1098145163405275
-0.5 -0.25 45 46 38.90135429017039 0.1055156114318131
-0.5 -0.25 46 47 37.78036432340298 0.1032808503848073
-0.5 -0.25 47 48 36.67276686117216 0.1033157021770232
-0.5 -0.25 48 49 35.58175419799937 0.1054925461468915
-0.5 -0.25 49 50 34.509673624328 0.111117940811264
-0.25 0 0 1 6159.830209171215 2.707900422087627
-0.25 0 1 2 -1356.814239465731 1.93562372822911
-0.25 0 2 3 -5455.9398451617 1.598428347624313
-0.25 0 3 4 -4401.812268968368 1.550040878055468
-0.25 0 4 5 -3237.375793120209 1.387672495840868
-0.25 0 5 6 -2358.53339616987 1.230714867299
-0.25 0 6 7 -1729.961307048792 1.095117351120633
-0.25 0 7 8 -1281.072352218484 0.9800073501395936
-0.25 0 8 9 -956.7479098412373 0.8822809313325161
-0.25 0 9 10 -718.9261801469497 0.8030999950392009
-0.25 0 10 11 -541.8576787375732 0.7371536182280342
-0.25 0 11 12 -408.3570392923029 0.6786998971696887
-0.25 0 12 13 -306.5098318251221 0.6265351721686608
-0.25 0 13 14 -228.0415420942711 0.5798679795078642
-0.25 0 14 15 -167.0860021138039 0.537990154554786
-0.25 0 15 16 -119.4158116744343 0.5002854004238868
-0.25 0 16 17 -81.93782996601703 0.4662239995906917
-0.25 0 17 18 -52.35710255662525 0.435352890007415
-0.25 0 18 19 -28.94921953296603 0.4072849412505438
-0.25 0 19 20 -10.40356644363146 0.381688947275117
-0.25 0 20 21 4.286315807695701 0.3582808435326493
-0.25 0 21 22 15.90055860865778 0.3368162231583813
-0.25 0 22 23 25.04897515641221 0.3170840564289378
-0.25 0 23 24 32.21188437517674 0.2989014576145466
-0.25 0 24 25 37.77021891047787 0.2821093380518289
-0.25 0 25 26 42.02797270833696 0.2665687962555213
-0.25 0 26 27 45.22910622843642 0.2521581165315016
-0.25 0 27 28 47.57039638404092 0.2387702673751616
-0.25 0 28 29 49.21128824660605 0.2263108106763281
-0.25 0 29 30 50.28150824988609 0.2146961487406654
-0.25 0 30 31 50.88699103629745 0.2038520485117317
-0.25 0 31 32 51.1145250835657 0.1937123956032995
-0.25 0 32 33 51.03541723129968 0.1842181379845998
-0.25 0 33 34 50.70840040986275 0.1753163873142205
-0.25 0 34 35 50.18195356617588 0.1669596518258515
-0.25 0 35 36 49.49616212000183 0.1591051789815638
-0.25 0 36 37 48.68421706700445 0.1517143905485496
-0.25 0 37 38 47.77362834094396 0.1447523952693528
-0.25 0 38 39 46.78721099458096 0.1381875673830998
-0.25 0 39 40 45.7438898247521 0.1319911809237514
-0.25 0 40 41 44.65935837705268 0.1261370910020446
-0.25 0 41 42 43.54662037206759 0.1206014562966355
-0.25 0 42 43 42.41643610493742 0.1153624956554859
-0.25 0 43 44 41.27769151036739 0.1104002746794251
-0.25 0 44 45 40.13770417488865 0.1056965180716549
-0.25 0 45 46 39.00125741310336 0.101633505167985
-0.25 0 46 47 37.8755522636655 0.0996994205926492
-0.25 0 47 48 36.76333731351443 0.1000984942313723
-0.25 0 48 49 35.66781534283086 0.1029194700035526
-0.25 0 49 50 34.59134193463984 0.111101465253809
0 0.25 0 1 6159.572041620118 2.707906945736963
0 0.25 1 2 -1357.318895323696 1.935648358519288
0 0.25 2 3 -5456.311234469607 1.59839021770053
0 0.25 3 4 -4401.96916082837 1.549948418715066
0 0.25 4 5 -3237.394789119312 1.387581291352529
0 0.25 5 6 -2358.485621757406 1.230653465847649
0 0.25 6 7 -1729.886945049001 1.095087780131931
0 0.25 7 8 -1280.991551041539 0.9800023363984954
0 0.25 8 9 -956.6696952408092 0.8822915245181944
0 0.25 9 10 -718.8539548791236 0.8031179369897201
0 0.25 10 11 -541.7924027247223 0.737176291057791
0 0.25 11 12 -408.298188324783 0.6787236314716838
0 0.25 12 13 -306.4565600588598 0.6265583923417676
0 0.25 13 14 -227.9929524491406 0.579889875494833
0 0.25 14 15 -167.041299172105 0.5380103661126956
0 0.25 15 16 -119.374349592445 0.5003038210866327
0 0.25 16 17 -81.89911120612851 0.4662406597646203
0 0.25 17 18 -52.32075650135153 0.4353678891151838
0 0.25 18 19 -28.9149755774547 0.4072984092901193
0 0.25 19 20 -10.37122838252867 0.3817010236210401
0 0.25 20 21 4.31689138419938 0.3582916656427732
0 0.25 21 22 15.92947927029695 0.3368259208467074
0 0.25 22 23 25.07632525953841 0.317092749174726
0 0.25 23 24 32.23773405592726 0.2989092538487288
0 0.25 24 25 37.79463021321897 0.2821163354149019
0 0.25 25 26 42.05100355757043 0.2665750820250542
0 0.25 26 27 45.25081283807083 0.2521637683732749
0 0.25 27 28 47.59083457454517 0.2387753543613268
0 0.25 28 29 49.2305140281976 0.2263153942435986
0 0.25 29 30 50.29957793648293 0.2147002832667421
0 0.25 30 31 50.90396107939671 0.2038557822868663
0 0.25 31 32 51.13045175616151 0.1937157714197817
0 0.25 32 33 51.0503562510379 0.1842211937382295
0 0.25 33 34 50.72240655784549 0.1753191567559798
0 0.25 34 35 50.19508033465371 0.1669621647844118
0 0.25 35 36 49.50846140916366 0.1591074619817092
0 0.25 36 37 48.69573893717603 0.1517164671558759
0 0.25 37 38 47.78442082313876 0.1447542864276014
0 0.25 38 39 46.79731995583109 0.1381892917925325
0 0.25 39 40 45.75335888247736 0.1319927549893952
0 0.25 40 41 44.6682288576194 0.1261385296197729
0 0.25 41 42 43.55493130497052 0.1206027725810217
0 0.25 42 43 42.42422424775862 0.1153637014517692
0 0.25 43 44 41.28499139666616 0.110401380344136
0 0.25 44 45 40.14454818159965 0.1056975330774908
0 0.25 45 46 39.0076758114497 0.1016344495172316
0 0.25 46 47 37.88157338526548 0.09970035489469198
0 0.25 47 48 36.76898756749472 0.1000994767583818
0 0.25 48 49 35.67311935264831 0.1029205427901701
0 0.25 49 50 34.59632261090053 0.1111025803923674
0.25 0.5 0 1 6087.74739184219 2.583179252271544
0.25 0.5 1 2 -1420.748096122752 1.435941944400632
0.25 0.5 2 3 -5460.441262783344 1.57584762738364
0.25 0.5 3 4 -4397.801420615155 1.537663411018867
0.25 0.5 4 5 -3232.287531655436 1.384238507640583
0.25 0.5 5 6 -2353.900496989809 1.273999121190988
0.25 0.5 6 7 -1726.0662184681 1.157962814188467
0.25 0.5 7 8 -1277.889952886019 1.050293949969985
0.25 0.5 8 9 -954.1787927502182 0.9548715960878249
0.25 0.5 9 10 -716.8686009886487 0.8694643361339014
0.25 0.5 10 11 -540.2159782071562 0.7952346375423051
0.25 0.5 11 12 -407.053148411062 0.7295116793261979
0.25 0.5 12 13 -305.4793767147466 0.6713585065068886
0.25 0.5 13 14 -227.2323998407053 0.619692936638813
0.25 0.5 14 15 -166.4561529565024 0.5735955005685219
0.25 0.5 15 16 -118.9314063589636 0.5322930197919095
0.25 0.5 16 17 -81.57156704336717 0.4951371317267909
0.25 0.5 17 18 -52.08690919854507 0.4615835791169955
0.25 0.5 18 19 -28.75719633736207 0.4311741195765006
0.25 0.5 19 20 -10.27515014774849 0.403521377730449
0.25 0.5 20 21 4.363014469137397 0.3782964044194322
0.25 0.5 21 22 15.93527826494369 0.3552185478125728
0.25 0.5 22 23 25.04971801294528 0.3340472282671509
0.25 0.5 23 24 32.1852448713156 0.3145752578389735
0.25 0.5 24 25 37.72164536952914 0.2966234002977606
0.25 0.5 25 26 41.96197645120981 0.280035927947573
0.25 0.5 26 27 45.14942940915626 0.2646769762424256
0.25 0.5 27 28 47.48014729114573 0.2504275415883984
0.25 0.5 28 29 49.11305086912137 0.2371829961055724
0.25 0.5 29 30 50.17743140448658 0.2248510217868042
0.25 0.5 30 31 50.77886118991432 0.2133498853504099
0.25 0.5 31 32 51.00382611214945 0.2026069903818349
0.25 0.5 32 33 50.92337966297112 0.1925576582912638
0.25 0.5 33 34 50.59604216485729 0.1831440960038504
0.25 0.5 34 35 50.07011378913921 0.1743145196259391
0.25 0.5 35 36 49.38552937581125 0.166022406636013
0.25 0.5 36 37 48.57535291753635 0.1582258558863291
0.25 0.5 37 38 47.66698712038021 0.1508870375704175
0.25 0.5 38 39 46.68315644291994 0.1439717191974458
0.25 0.5 39 40 45.64270911557617 0.137448855399331
0.25 0.5 40 41 44.5612739756055 0.1312902321409851
0.25 0.5 41 42 43.45180008092962 0.1254701568544336
0.25 0.5 42 43 42.32500158951831 0.1199651879688327
0.25 0.5 43 44 41.18972554678368 0.114753898628916
0.25 0.5 44 45 40.05325682166688 0.1098166682619156
0.25 0.5 45 46 38.92035657989447 0.1055176311667531
0.25 0.5 46 47 37.79819181937262 0.1032828913888467
0.25 0.5 47 48 36.68949747653784 0.10331791721006
0.25 0.5 48 49 35.59746061291162 0.105495057898497
0.25 0.5 49 50 34.52442349214536 0.1111206874962923
0.5 0.75 0 1 5945.437928640553 2.656631129647108
0.5 0.75 1 2 -1545.050095732734 2.054356333308619
0.5 0.75 2 3 -5466.314394827292 1.599580219452275
0.5 0.75 3 4 -4386.383372573817 1.543909038653003
0.5 0.75 4 5 -3218.559496687214 1.37949161164452
0.5 0.75 5 6 -2341.080493715939 1.222042052498226
0.5 0.75 6 7 -1714.820675841082 1.08649103407418
0.5 0.75 7 8 -1268.225132035068 0.9716729182577359
0.5 0.75 8 9 -945.9257617829326 0.8750051324827378
0.5 0.75 9 10 -709.8269652935692 0.7911663112918638
0.5 0.75 10 11 -534.2015975051281 0.7199100797796637
0.5 0.75 11 12 -401.9016979213038 0.6577404887699659
0.5 0.75 12 13 -301.0530585327235 0.6033271846538647
0.5 0.75 13 14 -223.4162597622158 0.5553734740507286
0.5 0.75 14 15 -163.1547672800407 0.5128508165875211
0.5 0.75 15 16 -116.0656281759948 0.4776048198485444
0.5 0.75 16 17 -79.07565810851861 0.4456763388643358
0.5 0.75 17 18 -49.90612661150317 0.4166681437911189
0.5 0.75 18 19 -26.84580647271991 0.3902372998082441
0.5 0.75 19 20 -8.594811329166077 0.3660879786655298
0.5 0.75 20 21 5.844563326458001 0.3439647254495857
0.5 0.75 21 22 17.24528008287189 0.3236464869828152
0.5 0.75 22 23 26.2112593984067 0.3049414619805902
0.5 0.75 23 24 33.21795700778534 0.2876827217970709
0.5 0.75 24 25 38.64227584622051 0.2717245174757818
0.5 0.75 25 26 42.78485748413652 0.2569391747404346
0.5 0.75 26 27 45.88686268564254 0.2432144862769234
0.5 0.75 27 28 48.14272150877264 0.2304515201342185
0.5 0.75 28 29 49.70990474720395 0.2185627753882113
0.5 0.75 29 30 50.71647235287742 0.2074706256702797
0.5 0.75 30 31 51.26694777756813 0.1971060021040238
0.5 0.75 31 32 51.44692086668306 0.1874072764604481
0.5 0.75 32 33 51.3266774605529 0.1783193097696201
0.5 0.75 33 34 50.96407846402491 0.1697926402915756
0.5 0.75 34 35 50.40685615659589 0.1617827876750833
0.5 0.75 35 36 49.69445511738445 0.1542496553159169
0.5 0.75 36 37 48.85951511116713 0.1471570150815664
0.5 0.75 37 38 47.92907093959707 0.1404720610661549
0.5 0.75 38 39 46.92552732376998 0.1341650243063323
0.5 0.75 39 40 45.86745405376007 0.1282088357869989
0.5 0.75 40 41 44.77023701697971 0.1225788337736404
0.5 0.75 41 42 43.64661289459031 0.1172525075557953
0.5 0.75 42 43 42.50710986241535 0.1122092726596379
0.5 0.75 43 44 41.36041182030908 0.1074302735533656
0.5 0.75 44 45 40.21366028942595 0.1028982094693225
0.5 0.75 45 46 39.07149940737582 0.09899769966161226
0.5 0.75 46 47 37.94096687332535 0.09722087748852447
0.5 0.75 47 48 36.82470869298626 0.09776551337938648
0.5 0.75 48 49 35.72582523805889 0.1017415465119731
0.5 0.75 49 50 34.64658090139181 0.1097907927989839
0.75 1 0 1 5729.526419005448 1.911082976250117
0.75 1 1 2 -1742.495308967212 1.776834629282033
0.75 1 2 3 -5482.274319487914 1.593713604194889
0.75 1 3 4 -4373.892859544082 1.532184269796374
0.75 1 4 5 -3200.98151917406 1.368123422708397
0.75 1 5 6 -2323.749354145991 1.212609475771758
0.75 1 6 7 -1699.067954586897 1.079202646957365
0.75 1 7 8 -1254.286731351438 0.9665014210049755
0.75 1 8 9 -933.7075112872649 0.8702086325837209
0.75 1 9 10 -699.1422269784803 0.7889116476952229
0.75 1 10 11 -524.8516879334438 0.7178914575643348
0.75 1 11 12 -393.6994346012812 0.6563352345762886
0.75 1 12 13 -293.8341460512277 0.602375137528576
0.75 1 13 14 -217.0394479004522 0.5547560455598119
0.75 1 14 15 -157.5000172032308 0.5124784945166746
0.75 1 15 16 -111.0314333737158 0.4747384113618112
0.75 1 16 17 -74.57630350572617 0.4408824545663199
0.75 1 17 18 -45.86918726181398 0.4103747711970087
0.75 1 18 19 -23.20997799894167 0.3827720329618179
0.75 1 19 20 -5.30807536247039 0.357704499513246
0.75 1 20 21 8.826470212499999 0.3348615005895693
0.75 1 21 22 19.96013591298333 0.3139801989717124
0.75 1 22 23 28.69140671001958 0.2948368020081119
0.75 1 23 24 35.49117084214367 0.2772396309886816
0.75 1 24 25 40.73248210075099 0.2610236066802234
0.75 1 25 26 44.71272856900771 0.2460458279441151
0.75 1 26 27 47.67031264933564 0.2321819985117219
0.75 1 27 28 49.79731873213609 0.2193235206675407
0.75 1 28 29 51.24921693300837 0.2073751145384498
0.75 1 29 30 52.15235578097167 0.1962528556610336
0.75 1 30 31 52.60979055730377 0.1858825486121538
0.75 1 31 32 52.70584811405934 0.1761983705558026
0.75 1 32 33 52.50972486732871 0.1671417352173015
0.75 1 33 34 52.07833954901986 0.1586603352396426
0.75 1 34 35 51.45860754100789 0.1507073323801716
0.75 1 35 36 50.68926339350924 0.1432406690888502
0.75 1 36 37 49.80232825116661 0.1362224811352928
0.75 1 37 38 48.8242966823762 0.129618593709446
0.75 1 38 39 47.7771005623037 0.1233980884886244
0.75 1 39 40 46.6788949083554 0.1175329300386304
0.75 1 40 41 45.54470099805332 0.1119976411640258
0.75 1 41 42 44.38693433468188 0.1067690226123287
0.75 1 42 43 43.21583960064441 0.1018259065791524
0.75 1 43 44 42.03984997369452 0.09714894292490757
0.75 1 44 45 40.86588481066912 0.09272041080169043
0.75 1 45 46 39.69840427807475 0.08928924173791659
0.75 1 46 47 38.5442475452052 0.08965334767129492
0.75 1 47 48 37.40591734500919 0.09390738192767691
0.75 1 48 49 36.2863742796572 0.1013469058858646
0.75 1 49 50 35.18775880373403 0.1092058277645878
1 1.25 0 1 5451.031102291974 1.566935042780389
1 1.25 1 2 -2002.233371647163 0.6525191520782875
1 1.25 2 3 -5507.697931561828 1.829061940804382
1 1.25 3 4 -4363.579958016228 1.779890111574609
1 1.25 4 5 -3184.708787498105 1.586001375742321
1 1.25 5 6 -2307.892412052634 1.397414795843617
1 1.25 6 7 -1685.04156500233 1.235118735798587
1 1.25 7 8 -1242.247653652583 1.09843595211906
1 1.25 8 9 -923.4755838833821 0.9834550626162796
1 1.25 9 10 -690.4679203130308 0.8863111400179452
1 1.25 10 11 -517.4948735142079 0.8026717258618774
1 1.25 11 12 -387.4445514618997 0.7307132135913538
1 1.25 12 13 -288.4993820846589 0.6681182144648329
1 1.25 13 14 -212.4729745245791 0.6132633512875389
1 1.25 14 15 -153.5759099910615 0.5648684890287407
1 1.25 15 16 -107.6454822731112 0.5219141950098284
1 1.25 16 17 -71.64225011956114 0.4835803822372903
1 1.25 17 18 -43.31552534779166 0.4492008049045402
1 1.25 18 19 -20.97730150771395 0.4182291407462085
1 1.25 19 20 -3.34690711421581 0.3902134986056616
1 1.25 20 21 10.55744669715773 0.3647770725244858
1 1.25 21 22 21.49551389664862 0.3416033133482433
1 1.25 22 23 30.06022545761766 0.3204244500089504
1 1.25 23 24 36.71786830017072 0.3010125197417553
1 1.25 24 25 41.83767303910395 0.2831722947296659
1 1.25 25 26 45.7138419654575 0.2667356570112972
1 1.25 26 27 48.58211535365456 0.251557089279954
1 1.25 27 28 50.6323470254838 0.2375100324458658
1 1.25 28 29 52.01813327194327 0.2244839223773693
1 1.25 29 30 52.86424458248257 0.2123817637787259
1 1.25 30 31 53.27240415749702 0.2011181303406021
1 1.25 31 32 53.32581186985067 0.1906175070229049
1 1.25 32 33 53.09270865149676 0.1808129082755278
1 1.25 33 34 52.6292015186213 0.1716447199136917
1 1.25 34 35 51.98151496204139 0.1630597238359439
1 1.25 35 36 51.18779442570593 0.1550102726790889
1 1.25 36 37 50.27955788988601 0.1474535887863716
1 1.25 37 38 49.28286948123787 0.1403511650110098
1 1.25 38 39 48.21929229975973 0.1336682521569277
1 1.25 39 40 47.1066649835218 0.1273734177141422
1 1.25 40 41 45.95973703389996 0.1214381649230978
1 1.25 41 42 44.79069021850938 0.115836602604536
1 1.25 42 43 43.60956798320666 0.1105451589272774
1 1.25 43 44 42.42463008092295 0.1055423310840552
1 1.25 44 45 41.24264628096898 0.1008084669328445
1 1.25 45 46 40.06796652973804 0.09670290448405847
1 1.25 46 47 38.90728235503002 0.09463552959111297
1 1.25 47 48 37.76301928709631 0.09480827288490788
1 1.25 48 49 36.63805480487454 0.09775732098704194
1 1.25 49 50 35.53446073484309 0.1054755622552358
1.25 1.5 0 1 5122.202054522302 3.303248770782109
1.25 1.5 1 2 -2287.215066235889 4.164431197763418
1.25 1.5 2 3 -5508.496301361679 1.677475379584856
1.25 1.5 3 4 -4323.959154684531 1.601330495833722
1.25 1.5 4 5 -3142.034383811235 1.426078589238415
1.25 1.5 5 6 -2269.828500451828 1.2583341405892
1.25 1.5 6 7 -1652.728340922219 1.113553834766538
1.25 1.5 7 8 -1215.229192268666 0.9909814524334264
1.25 1.5 8 9 -900.9641142497817 0.8874518677494925
1.25 1.5 9 10 -671.6940318107313 0.79976268117612
1.25 1.5 10 11 -501.8014903617468 0.7239641178593131
1.25 1.5 11 12 -374.2828624574881 0.6586888767106149
1.25 1.5 12 13 -277.4244819193118 0.6018404404101073
1.25 1.5 13 14 -203.1243809730904 0.5519802458687408
1.25 1.5 14 15 -145.6612959559511 0.5079666201099284
1.25 1.5 15 16 -100.9270256907271 0.4688860130406868
1.25 1.5 16 17 -65.92564046580719 0.4340008012987065
1.25 1.5 17 18 -38.44125631292968 0.402710012478085
1.25 1.5 18 19 -16.81381310279039 0.3745197336126485
1.25 1.5 19 20 0.2148150867988079 0.3490206873328157
1.25 1.5 20 21 13.60813661163797 0.3258711031784395
1.25 1.5 21 22 24.11100750736693 0.3047835260786532
1.25 1.5 22 23 32.30415690069469 0.2855145591395078
1.25 1.5 23 24 38.64383014518137 0.2678568241232458
1.25 1.5 24 25 43.49095644166891 0.2516326043696111
1.25 1.5 25 26 47.13284569042025 0.2381031707434352
1.25 1.5 26 27 49.79949239728512 0.2265402900360265
1.25 1.5 27 28 51.67594216586406 0.2157359173114066
1.25 1.5 28 29 52.91175315050054 0.2056261414769591
1.25 1.5 29 30 53.6282929470558 0.196153535661355
1.25 1.5 30 31 53.92440800712905 0.1872664209577579
1.25 1.5 31 32 53.88085890801244 0.1789182138452431
1.25 1.5 32 33 53.56381232180541 0.1710668525672311
1.25 1.5 33 34 53.02760665530434 0.1636742917746667
1.25 1.5 34 35 52.31695455266197 0.1567060581753898
1.25 1.5 35 36 51.46870597054203 0.1501308605940009
1.25 1.5 36 37 50.51326625298395 0.1439202467284693
1.25 1.5 37 38 49.47574185573336 0.1380483011953776
1.25 1.5 38 39 48.37686989021807 0.1324913795496524
1.25 1.5 39 40 47.23377518971068 0.1272278735955626
1.25 1.5 40 41 46.06058925457347 0.1222380044994612
1.25 1.5 41 42 44.86895786121943 0.1175036388459665
1.25 1.5 42 43 43.66845881828419 0.1130081270876395
1.25 1.5 43 44 42.46694672948041 0.1087361585414342
1.25 1.5 44 45 41.27083832600931 0.1046736340410378
1.25 1.5 45 46 40.08419724222793 0.1011452097870072
1.25 1.5 46 47 38.91340172673836 0.0993987334602858
1.25 1.5 47 48 37.7606637968895 0.09959630141236227
1.25 1.5 48 49 36.62865490882137 0.1016267586271988
1.25 1.5 49 50 35.51926246773641 0.1042676616991905
1.5 1.75 0 1 4719.229331825351 0.9375881131423064
1.5 1.75 1 2 -2664.050053324078 0.7520721383598574
1.5 1.75 2 3 -5532.483171335396 1.6957474902626
1.5 1.75 3 4 -4288.378340739464 1.639940301489301
1.5 1.75 4 5 -3095.373801486563 1.46642385321142
1.5 1.75 5 6 -2224.135219426371 1.29193984149486
1.5 1.75 6 7 -1611.229710605304 1.138879398949337
1.5 1.75 7 8 -1178.537270556521 1.008876286334572
1.5 1.75 8 9 -868.8438631634631 0.8993210903197922
1.5 1.75 9 10 -643.6553980235926 0.8069240607536983
1.5 1.75 10 11 -477.3237236920618 0.727530507461037
1.5 1.75 11 12 -352.8668162731547 0.6595215304430088
1.5 1.75 12 13 -258.6325738324354 0.6006038150043035
1.5 1.75 13 14 -186.5801724200965 0.5491816525888008
1.5 1.75 14 15 -131.0448716815597 0.5039935842024529
1.5 1.75 15 16 -87.96790167711742 0.4640356126246787
1.5 1.75 16 17 -54.39543834626079 0.4285018559360605
1.5 1.75 17 18 -28.14700574212907 0.3967396337028857
1.5 1.75 18 19 -7.592145872393985 0.3682156335752509
1.5 1.75 19 20 8.502567627658436 0.3424903574925684
1.5 1.75 20 21 21.08002872328052 0.319198695229642
1.5 1.75 21 22 30.86786143664108 0.2980350455448815
1.5 1.75 22 23 38.43235648635391 0.2787418141667478
1.5 1.75 23 24 44.21762781364146 0.261100450626448
1.5 1.75 24 25 48.5743807363674 0.2449244004159558
1.5 1.75 25 26 51.78128181047055 0.2300535180149412
1.5 1.75 26 27 54.06099519836641 0.216349601856952
1.5 1.75 27 28 55.59233005912927 0.2036928005022528
1.5 1.75 28 29 56.5195222274732 0.191978697144116
1.5 1.75 29 30 56.95938324725626 0.1811159301112728
1.5 1.75 30 31 57.00684784047382 0.1710242376357416
1.5 1.75 31 32 56.73930831186141 0.1616328411457396
1.5 1.75 32 33 56.22002283362167 0.1528791021238842
1.5 1.75 33 34 55.50081144534266 0.1447073990006233
1.5 1.75 34 35 54.62420042640184 0.1370681833228278
1.5 1.75 35 36 53.62513670285955 0.1299171842948222
1.5 1.75 36 37 52.53236505709674 0.1232147332391085
1.5 1.75 37 38 51.36953943570757 0.1169251889379077
1.5 1.75 38 39 50.15612343101856 0.1110164457027241
1.5 1.75 39 40 48.90812273418203 0.105459513098735
1.5 1.75 40 41 47.6386831819795 0.1002281506282301
1.5 1.75 41 42 46.35858057353909 0.09529855558592604
1.5 1.75 42 43 45.07662324074141 0.09064908956337139
1.5 1.75 43 44 43.79998381714512 0.08626004204230267
1.5 1.75 44 45 42.53447342515173 0.08211342387973146
1.5 1.75 45 46 41.28363762476755 0.07889962769400598
1.5 1.75 46 47 40.05333935291441 0.07919859000647397
1.5 1.75 47 48 38.8453822043198 0.08308996981700503
1.5 1.75 48 49 37.66205392205421 0.08991822591220536
1.5 1.75 49 50 36.5049061554584 0.09712879092324871
1.75 2 0 1 4291.755510942544 1.073938182672413
1.75 2 1 2 -3043.853617334353 2.529197048040851
1.75 2 2 3 -5540.30602456716 2.777782177527913
1.75 2 3 4 -4246.392653061293 2.321443326026766
1.75 2 4 5 -3050.761468492629 1.929280039206108
1.75 2 5 6 -2185.37646646218 1.628641215478341
1.75 2 6 7 -1579.121989699236 1.397213698639397
1.75 2 7 8 -1152.257198252789 1.215497451332776
1.75 2 8 9 -847.3584763747999 1.068871819555645
1.75 2 9 10 -626.0445320401218 0.9497913416660775
1.75 2 10 11 -462.8326932701957 0.8500347416081652
1.75 2 11 12 -340.8969690481595 0.7659656606129375
1.75 2 12 13 -248.7080403690725 0.6941340234849686
1.75 2 13 14 -178.3227949358277 0.6321241636997492
1.75 2 14 15 -124.1527509343862 0.5781149843862373
1.75 2 15 16 -82.19867175131981 0.530708012119203
1.75 2 16 17 -49.55340906787796 0.4888115367145007
1.75 2 17 18 -24.07329816505012 0.4515607998841337
1.75 2 18 19 -4.157098830263976 0.4182618650610158
1.75 2 19 20 11.40527631728946 0.3883513774999754
1.75 2 20 21 23.53796412719498 0.3613672062265583
1.75 2 21 22 32.9534273953584 0.3369266814331655
1.75 2 22 23 40.20563693218003 0.3147102258955256
1.75 2 23 24 45.72864645946993 0.2944488797493657
1.75 2 24 25 49.86490915609022 0.275914678205692
1.75 2 25 26 52.8862943829979 0.2589131465114054
1.75 2 26 27 55.00984604839948 0.2432773876141738
1.75 2 27 28 56.40970975183734 0.228863380745184
1.75 2 28 29 57.22623894108881 0.2155462102203412
1.75 2 29 30 57.5730032922894 0.2032170168144588
1.75 2 30 31 57.54222289360575 0.1917805146019632
1.75 2 31 32 57.20901096954645 0.1811529542467203
1.75 2 32 33 56.63470764409874 0.171260442335842
1.75 2 33 34 55.86951511696276 0.1620375448433437
1.75 2 34 35 54.9545922002219 0.1534261221056694
1.75 2 35 36 53.92372774630064 0.1453743498956778
1.75 2 36 37 52.80468404610281 0.1378358935179602
1.75 2 37 38 51.62028015329031 0.1307692080787111
1.75 2 38 39 50.38926913057315 0.1241369428057917
1.75 2 39 40 49.12705116337236 0.1179054310615512
1.75 2 40 41 47.84625545511437 0.1120442533598809
1.75 2 41 42 46.55721653347712 0.1065258604799628
1.75 2 42 43 45.26836547846011 0.101325247527021
1.75 2 43 44 43.98655215767681 0.09641967151915826
1.75 2 44 45 42.71731137547698 0.09178840506074051
1.75 2 45 46 41.46398367913173 0.0877742393766192
1.75 2 46 47 40.2321680044536 0.08572792465818654
1.75 2 47 48 39.02352610671042 0.08583250003949466
1.75 2 48 49 37.84019691426795 0.09089603544628853
1.75 2 49 50 36.68359787413797 0.09774982534547844
2 2.25 0 1 3816.824308800929 1.056785668367938
2 2.25 1 2 -3450.224826627084 0.876257169010317
2 2.25 2 3 -5531.610393159946 1.662137743771046
2 2.25 3 4 -4171.478125149346 1.536161170951057
2 2.25 4 5 -2967.124974228966 1.35401736220216
2 2.25 5 6 -2107.199903303044 1.19321725893962
2 2.25 6 7 -1509.780309848833 1.058515669298885
2 2.25 7 8 -1091.918156414307 0.9453121303578413
2 2.25 8 9 -795.1951218367785 0.850005177800188
2 2.25 9 10 -580.9973770301881 0.7687316690940845
2 2.25 10 11 -423.8892694177907 0.6981448081226298
2 2.25 11 12 -307.1336140340341 0.6370168745884136
2 2.25 12 13 -219.3392356634172 0.5834907903258254
2 2.25 13 14 -152.6864569307882 0.5363101417546779
2 2.25 14 15 -101.694747704626 0.4944744720904928
2 2.25 15 16 -62.45609956850785 0.4571783630826486
2 2.25 16 17 -32.13923688928435 0.4237668408211512
2 2.25 17 18 -8.663161584097452 0.3937023238654274
2 2.25 18 19 9.521714281896038 0.3665398146550271
2 2.25 19 20 23.58287701790232 0.3419080580242441
2 2.25 20 21 34.40925108320369 0.3194950687832511
2 2.25 21 22 42.68410565547219 0.299036907542457
2 2.25 22 23 48.93712315908601 0.2803088856616801
2 2.25 23 24 53.58207467602824 0.2631186179152413
2 2.25 24 25 56.94441140253866 0.2473004871491525
2 2.25 25 26 59.28169663825065 0.2327112002004684
2 2.25 26 27 60.79889171140394 0.2192261934924603
2 2.25 27 28 61.6599003572494 0.2067367069931524
2 2.25 28 29 61.99636374209649 0.195147385590114
2 2.25 29 30 61.91441504372176 0.1843743015816466
2 2.25 30 31 61.49990583299399 0.1743433146812318
2 2.25 31 32 60.82247802904084 0.1649887046161453
2 2.25 32 33 59.93875680417938 0.1562520248272624
2 2.25 33 34 58.89486915159461 0.1480811373950929
2 2.25 34 35 57.72844154536875 0.1404293961965098
2 2.25 35 36 56.47019260582221 0.1332549528134855
2 2.25 36 37 55.14520894167532 0.1265201644452637
2 2.25 37 38 53.77397178304591 0.1201910862823515
2 2.25 38 39 52.37318650133989 0.1142370355676443
2 2.25 39 40 50.95645542299144 0.1086302150886767
2 2.25 40 41 49.53482559219964 0.1033453867277783
2 2.25 41 42 48.11723608987541 0.09835958891811908
2 2.25 42 43 46.71088456860409 0.09365188988486389
2 2.25 43 44 45.3215284032257 0.08920317173624441
2 2.25 44 45 43.95373278381447 0.08499594184720369
2 2.25 45 46 42.60999896949443 0.08167255661212114
2 2.25 46 47 41.29511497172734 0.08163180440382845
2 2.25 47 48 40.010079843309 0.08493630834225113
2 2.25 48 49 38.75641985926771 0.0909632838705984
2 2.25 49 50 37.53500664290598 0.09733630648416948
2.25 2.5 0 1 3311.248314546999 1.867393322910009
2.25 2.5 1 2 -3859.394183042409 0.9636556280245711
2.25 2.5 2 3 -5484.348157380595 1.693409803386231
2.25 2.5 3 4 -4064.509746719748 1.559465806477364
2.25 2.5 4 5 -2863.264566289944 1.379043129483969
2.25 2.5 5 6 -2018.243546908066 1.250527930336282
2.25 2.5 6 7 -1436.088297264444 1.125890792482497
2.25 2.5 7 8 -1031.363303117563 1.013747057046493
2.25 2.5 8 9 -745.4024814590894 0.9158248123421239
2.25 2.5 9 10 -539.8971876568244 0.8304724107905194
2.25 2.5 10 11 -389.8144137783208 0.7555724081314265
2.25 2.5 11 12 -278.7436654702697 0.6901580970473979
2.25 2.5 12 13 -195.5783475334481 0.6326122773781704
2.25 2.5 13 14 -132.7178101586385 0.5817447143038036
2.25 2.5 14 15 -84.8516294992437 0.5365648219280367
2.25 2.5 15 16 -48.20388353236103 0.4962515370995126
2.25 2.5 16 17 -20.04630167437767 0.4601237334906041
2.25 2.5 17 18 1.621282648010492 0.4276145047159283
2.25 2.5 18 19 18.28457920504866 0.3982498741414269
2.25 2.5 19 20 31.06023096074216 0.3716315426285681
2.25 2.5 20 21 40.7964101581199 0.3474230305122718
2.25 2.5 21 22 48.14350354411988 0.3253385747568985
2.25 2.5 22 23 53.60449392678765 0.3051342235279402
2.25 2.5 23 24 57.57134517189388 0.2866006738982596
2.25 2.5 24 25 60.35159913770008 0.2695574869613155
2.25 2.5 25 26 62.18803544729747 0.2538483940862195
2.25 2.5 26 27 63.27335345069514 0.2393374696335333
2.25 2.5 27 28 63.76124095072657 0.2259059941652267
2.25 2.5 28 29 63.77479215934261 0.2134498693884022
2.25 2.5 29 30 63.41296150828731 0.2018774795810784
2.25 2.5 30 31 62.75554872180618 0.1911079100965142
2.25 2.5 31 32 61.86707610737022 0.1810694593925767
2.25 2.5 32 33 60.79982361939216 0.171698388842449
2.25 2.5 33 34 59.59621882462682 0.1629378676728935
2.25 2.5 34 35 58.29072930657287 0.1547370798303172
2.25 2.5 35 36 56.91136881337547 0.1470504634577614
2.25 2.5 36 37 55.48090170037494 0.139837062162516
2.25 2.5 37 38 54.01781040944149 0.1330599682007991
2.25 2.5 38 39 52.53707580638326 0.1266858442668999
2.25 2.5 39 40 51.05080896090527 0.1206845102060063
2.25 2.5 40 41 49.56876455582949 0.1150285850406572
2.25 2.5 41 42 48.09875936673095 0.1096931767895657
2.25 2.5 42 43 46.64701449872413 0.1046556110696207
2.25 2.5 43 44 45.2184360183457 0.09989519512289816
2.25 2.5 44 45 43.81684566534736 0.09539300995472641
2.25 2.5 45 46 42.44413001918414 0.09144941629737031
2.25 2.5 46 47 41.10443910237342 0.08923796585712555
2.25 2.5 47 48 39.798307943873 0.08889487547035255
2.25 2.5 48 49 38.5268238517489 0.09027444124130139
2.25 2.5 49 50 37.2904728029896 0.09317748206731147
2.5 2.75 0 1 2752.065333840399 2.587739945313857
2.5 2.75 1 2 -4301.152974892997 1.106726609879784
2.5 2.75 2 3 -5429.119228804692 2.455396033964793
2.5 2.75 3 4 -3944.581525361552 2.481955547316843
2.5 2.75 4 5 -2745.082352684039 2.226521793634484
2.5 2.75 5 6 -1914.833341915787 1.959019423689853
2.5 2.75 6 7 -1348.534724256444 1.72410678238666
2.5 2.75 7 8 -957.9074895444755 1.525170509623564
2.5 2.75 8 9 -683.8087925961345 1.357537881470666
2.5 2.75 9 10 -488.1013094461509 1.216175168695673
2.5 2.75 10 11 -346.0886593458449 1.095436943112117
2.5 2.75 11 12 -241.6600946847243 0.9919076708738616
2.5 2.75 12 13 -163.9852526550094 0.9023565501283863
2.5 2.75 13 14 -105.6849586782471 0.8243313956075023
2.5 2.75 14 15 -61.62597675522443 0.7558909154379698
2.5 2.75 15 16 -28.17321864109408 0.6954874944548
2.5 2.75 16 17 -2.710338050308337 0.641877153174165
2.5 2.75 17 18 16.67360954036167 0.5940513817801542
2.5 2.75 18 19 31.39287838588393 0.5511856459937614
2.5 2.75 19 20 42.50657679327696 0.5126003452020667
2.5 2.75 20 21 50.81628993015977 0.4777310225694497
2.5 2.75 21 22 56.93446920647057 0.4461054604211337
2.5 2.75 22 23 61.33303714248621 0.4173259262732803
2.5 2.75 23 24 64.37839179757111 0.3910552976008407
2.5 2.75 24 25 66.35692543759114 0.3670061298563352
2.5 2.75 25 26 67.49383744080956 0.3449319768134054
2.5 2.75 26 27 67.96714730193344 0.3246204461771574
2.5 2.75 27 28 67.9182319032933 0.3058876045215107
2.5 2.75 28 29 67.45981888753539 0.2885734380710973
2.5 2.75 29 30 66.68209943103483 0.2725381464729032
2.5 2.75 30 31 65.65743796038197 0.2576590980744341
2.5 2.75 31 32 64.44402601814244 0.2438283137743101
2.5 2.75 32 33 63.08873517902589 0.2309503768604397
2.5 2.75 33 34 61.62935785228615 0.2189406869201056
2.5 2.75 34 35 60.09637700977595 0.2077239944469712
2.5 2.75 35 36 58.51437102775418 0.1972331650770175
2.5 2.75 36 37 56.90313414647443 0.1874081327764127
2.5 2.75 37 38 55.2785740663511 0.1781950096582232
2.5 2.75 38 39 53.65343392791596 0.1695453252473211
2.5 2.75 39 40 52.03787519389277 0.1614153748159103
2.5 2.75 40 41 50.43994995047905 0.1537656583847228
2.5 2.75 41 42 48.8659847222423 0.1465603962395588
2.5 2.75 42 43 47.32089338487069 0.139767109526119
2.5 2.75 43 44 45.80843292274136 0.1333562554387561
2.5 2.75 44 45 44.33141297901705 0.1273009095927504
2.5 2.75 45 46 42.89086272688925 0.1217974782530632
2.5 2.75 46 47 41.49007354024164 0.117656252356231
2.5 2.75 47 48 40.12891727771566 0.114990696186567
2.5 2.75 48 49 38.80786139635643 0.1137452963615179
2.5 2.75 49 50 37.52684085545874 0.1131150769887602
2.75 3 0 1 2131.849824095327 2.188021871308409
2.75 3 1 2 -4739.849881572246 3.637634253166581
2.75 3 2 3 -5315.307149295228 5.667454463918703
2.75 3 3 4 -3769.434296067114 4.951617091236213
2.75 3 4 5 -2581.954355013398 4.160951844161002
2.75 3 5 6 -1776.239318068535 3.51328778870557
2.75 3 6 7 -1233.68349108954 3.000701664635992
2.75 3 7 8 -863.2499226718382 2.592827253780973
2.75 3 8 9 -605.6524038196335 2.263902185977841
2.75 3 9 10 -423.316783257063 1.994621631043364
2.75 3 10 11 -292.1781581808048 1.771567872008005
2.75 3 11 12 -196.5032330409385 1.583889596957671
2.75 3 12 13 -126.0030533644508 1.424637720358967
2.75 3 13 14 -73.59747463369445 1.288097634568971
2.75 3 14 15 -34.41166813761834 1.170019810412972
2.75 3 15 16 -5.011654391952561 1.067123678330252
2.75 3 16 17 17.06181039647822 0.9768419641813995
2.75 3 17 18 33.59623443723876 0.8971403161336041
2.75 3 18 19 45.90824053958784 0.8263881367419932
2.75 3 19 20 54.97918017730092 0.7632647181918312
2.75 3 20 21 61.54828447700709 0.7066900719787883
2.75 3 21 22 66.17766985220226 0.6557732817210372
2.75 3 22 23 69.298368371523 0.6097734638092199
2.75 3 23 24 71.24336067767342 0.5680699191006323
2.75 3 24 25 72.27157441252211 0.5301390680630305
2.75 3 25 26 72.58551662242178 0.4955364506045697
2.75 3 26 27 72.34436372235143 0.4638825490546685
2.75 3 27 28 71.67377219579419 0.4348515252785302
2.75 3 28 29 70.67329636309449 0.408162202167751
2.75 3 29 30 69.42204235482194 0.3835707867904782
2.75 3 30 31 67.98301000003892 0.3608649587469137
2.75 3 31 32 66.40645016847708 0.339859034672007
2.75 3 32 33 64.73247739894202 0.3203899898312795
2.75 3 33 34 62.99311501787201 0.3023141645775272
2.75 3 34 35 61.21390476291919 0.2855045238041192
2.75 3 35 36 59.41518004557236 0.2698483640400119
2.75 3 36 37 57.61307781899905 0.2552453860352137
2.75 3 37 38 55.82034619307512 0.2416060671868117
2.75 3 38 39 54.04699156858791 0.2288502804894526
2.75 3 39 40 52.30079903714582 0.2169061188226174
2.75 3 40 41 50.58775233461512 0.2057088890325029
2.75 3 41 42 48.91237366115041 0.1952002488592569
2.75 3 42 43 47.27799949011219 0.1853274631975201
2.75 3 43 44 45.6870049459823 0.1760427615652965
2.75 3 44 45 44.14098673294404 0.1673027804981974
2.75 3 45 46 42.6399521943583 0.1592229095060686
2.75 3 46 47 41.18616439537479 0.1523557716617778
2.75 3 47 48 39.77871161739637 0.1467802337105268
2.75 3 48 49 38.41732932895761 0.1424700262788037
2.75 3 49 50 37.10130346585129 0.1388583920260847
3 3.25 0 1 1451.93977100134 1.338526824783152
3 3.25 1 2 -5106.145967797393 8.614818113640283
3 3.25 2 3 -5087.930122980417 9.686536990688369
3 3.25 3 4 -3504.004245367967 8.005037946992553
3 3.25 4 5 -2351.79572332567 6.54872316699653
3 3.25 5 6 -1588.435878939131 5.435244768180909
3 3.25 6 7 -1082.596746831478 4.584334444120999
3 3.25 7 8 -741.7417977426953 3.922270335791484
3 3.25 8 9 -507.5160327727235 3.396959237548001
3 3.25 9 10 -343.5780522521009 2.972231229802602
3 3.25 10 11 -226.99917091832 2.623457956593086
3 3.25 11 12 -142.9745062527686 2.333102221571159
3 3.25 12 13 -81.81860270788229 2.088296129316656
3 3.25 13 14 -36.98046364456832 1.879743694655302
3 3.25 14 15 -3.968092349337667 1.700417073031899
3 3.25 15 16 20.36149086182854 1.544949289134016
3 3.25 16 17 38.24458841223577 1.409178803770404
3 3.25 17 18 51.29642304253639 1.289834173210915
3 3.25 18 19 60.69930563184209 1.184311616795381
3 3.25 19 20 67.32898213409942 1.090515393845622
3 3.25 20 21 71.84097108833714 1.006741421575911
3 3.25 21 22 74.73052026654477 0.9315911738456367
3 3.25 22 23 76.3748633172836 0.8639071226042037
3 3.25 23 24 77.06340727326278 0.8027237318554949
3 3.25 24 25 77.01956681882814 0.7472298319807049
3 3.25 25 26 76.41673681157835 0.6967394276497246
3 3.25 26 27 75.39009886383133 0.6506688272482702
3 3.25 27 28 74.04543216163449 0.6085185634967601
3 3.25 28 29 72.46574658344747 0.5698589808091683
3 3.25 29 30 70.71631672483744 0.5343186560084913
3 3.25 30 31 68.84853081258223 0.5015750273530717
3 3.25 31 32 66.90285366915265 0.4713467587089562
3 3.25 32 33 64.91112203958511 0.4433874778197466
3 3.25 33 34 62.89833304687141 0.4174806105223873
3 3.25 34 35 60.88404515164478 0.3934350947112271
3 3.25 35 36 58.88348095533053 0.3710818056677916
3 3.25 36 37 56.90839919156272 0.3502705591386387
3 3.25 37 38 54.96778706240272 0.3308675875859903
3 3.25 38 39 53.06841197961035 0.3127534043178752
3 3.25 39 40 51.21526272484701 0.2958209891262944
3 3.25 40 41 49.41190332769722 0.2799742402637794
3 3.25 41 42 47.6607576086906 0.2651266485650621
3 3.25 42 43 45.9633385743945 0.2512001580345042
3 3.25 43 44 44.32043370911327 0.2381241827134123
3 3.25 44 45 42.73225488259135 0.225834756133074
3 3.25 45 46 41.1976619442633 0.2143772928699784
3 3.25 46 47 39.7177334963184 0.2040932641522051
3 3.25 47 48 38.29069366691013 0.1950135002866181
3 3.25 48 49 36.9154646893345 0.1871063437268649
3 3.25 49 50 35.59061620762535 0.1799794106823742
3.25 3.5 0 1 738.6486143202512 0.459388715120326
3.25 3.5 1 2 -5281.652431948331 19.04384899732828
3.25 3.5 2 3 -4675.164453252589 15.57291506393503
3.25 3.5 3 4 -3107.000478080372 11.87640864407669
3.25 3.5 4 5 -2031.043473624649 9.313743224295086
3.25 3.5 5 6 -1338.323672438253 7.51482445212816
3.25 3.5 6 7 -888.4754551176807 6.20480591549929
3.25 3.5 7 8 -590.4455776336488 5.217971932515415
3.25 3.5 8 9 -388.834233081159 4.453360043098586
3.25 3.5 9 10 -249.8511334783473 3.846887789686225
3.25 3.5 10 11 -152.4742398644792 3.356500198835126
3.25 3.5 11 12 -83.48408651185082 2.953435966578433
3.25 3.5 12 13 -34.20016104663819 2.617584935002764
3.25 3.5 13 14 1.228569954600971 2.334366212744037
3.25 3.5 14 15 26.70157638701721 2.093071638532876
3.25 3.5 15 16 44.9460471115741 1.885637181421028
3.25 3.5 16 17 57.88606791861889 1.705891037559284
3.25 3.5 17 18 66.89980810195095 1.549036456467844
3.25 3.5 18 19 72.98768029078622 1.411294024303167
3.25 3.5 19 20 76.88446233083221 1.289649189471671
3.25 3.5 20 21 79.1354117744354 1.181670803811157
3.25 3.5 21 22 80.14879361188207 1.085378551675634
3.25 3.5 22 23 80.23267887286829 0.9991446482074652
3.25 3.5 23 24 79.62107943479361 0.921619958306056
3.25 3.5 24 25 78.4927425505698 0.8516777808814895
3.25 3.5 25 26 76.98482157082003 0.78837058863595
3.25 3.5 26 27 75.20292380601148 0.7308963898049952
3.25 3.5 27 28 73.22856622010806 0.6785723196069896
3.25 3.5 28 29 71.12475612602339 0.6308137228518437
3.25 3.5 29 30 68.9402018196314 0.5871174485181416
3.25 3.5 30 31 66.71251281532579 0.5470484058518903
3.25 3.5 31 32 64.47064844729272 0.5102286670254537
3.25 3.5 32 33 62.23680284916929 0.4763285751883665
3.25 3.5 33 34 60.02786416606546 0.4450594428520332
3.25 3.5 34 35 57.85654992066384 0.4161675209885188
3.25 3.5 35 36 55.73229448076191 0.3894289899104246
3.25 3.5 36 37 53.6619456266738 0.3646457771751302
3.25 3.5 37 38 51.65031333379329 0.3416420485815627
3.25 3.5 38 39 49.70060353452331 0.3202612502721072
3.25 3.5 39 40 47.81476193289544 0.3003636043893016
3.25 3.5 40 41 45.99374724126505 0.2818239797477265
3.25 3.5 41 42 44.23774869468991 0.2645300742411236
3.25 3.5 42 43 42.54635952138545 0.248380857441167
3.25 3.5 43 44 40.91871543424176 0.2332852314333982
3.25 3.5 44 45 39.35360524437962 0.2191608751628101
3.25 3.5 45 46 37.84875301646369 0.2060260876876641
3.25 3.5 46 47 36.40399261925205 0.1941718041695215
3.25 3.5 47 48 35.01672645277409 0.1836187011583087
3.25 3.5 48 49 33.6850867703011 0.1743341120294003
3.25 3.5 49 50 32.40695944906669 0.165957215579269
3.5 3.75 0 1 74.45721598871654 1.785975844336787
3.5 3.75 1 2 -5076.199478329353 25.56620348144425
3.5 3.75 2 3 -3996.365997109496 17.38966735878117
3.5 3.75 3 4 -2545.756033449554 12.45563464787326
3.5 3.75 4 5 -1609.476608230988 9.423104519823731
3.5 3.75 5 6 -1026.317022354299 7.414753615047227
3.5 3.75 6 7 -656.7454958311955 6.004315152152365
3.5 3.75 7 8 -417.0167680775394 4.968813802087175
3.5 3.75 8 9 -258.0763167359748 4.182077824279514
3.5 3.75 9 10 -150.7173063993537 3.568140402016748
3.5 3.75 10 11 -77.10921926455308 3.078008501740012
3.5 3.75 11 12 -25.91372986209171 2.67975305153434
3.5 3.75 12 13 9.623174254408696 2.35192294860737
3.5 3.75 13 14 34.17959358607493 2.077348138952708
3.5 3.75 14 15 51.2685224724197 1.845586673870395
3.5 3.75 15 16 62.91024678654287 1.647891669322733
3.5 3.75 16 17 70.62022589132368 1.477825575570138
3.5 3.75 17 18 75.4721649727253 1.330431406003813
3.5 3.75 18 19 78.23686342976725 1.201835966912425
3.5 3.75 19 20 79.47400772647131 1.088973213988736
3.5 3.75 20 21 79.59398408880503 0.9893875491104113
3.5 3.75 21 22 78.90020630630573 0.901091482702128
3.5 3.75 22 23 77.61854539260548 0.8224609966501208
3.5 3.75 23 24 75.91807605395559 0.7521575151305443
3.5 3.75 24 25 73.92588651408209 0.6890689560484712
3.5 3.75 25 26 71.73777151443193 0.6322646657880147
3.5 3.75 26 27 69.42603318537596 0.5809605902280622
3.5 3.75 27 28 67.04522575007923 0.5344920864198401
3.5 3.75 28 29 64.63642235486765 0.4922925010180262
3.5 3.75 29 30 62.23040886426378 0.4538761476615953
3.5 3.75 30 31 59.85009136475776 0.4188246714662433
3.5 3.75 31 32 57.51232252921761 0.3867760458160077
3.5 3.75 32 33 55.2292950709234 0.3574156314151495
3.5 3.75 33 34 53.00961036935556 0.3304688642111693
3.5 3.75 34 35 50.85910172496801 0.3056952387616554
3.5 3.75 35 36 48.78147112040122 0.2828833296631304
3.5 3.75 36 37 46.77878342024204 0.2618466495273052
3.5 3.75 37 38 44.85185104426401 0.2424201857508918
3.5 3.75 38 39 43.00053407675961 0.2244574909224166
3.5 3.75 39 40 41.22397478576852 0.2078282277997856
3.5 3.75 40 41 39.52078113382522 0.1924160883843088
3.5 3.75 41 42 37.88917037912506 0.1781170240428655
3.5 3.75 42 43 36.32708143614934 0.1648377338084127
3.5 3.75 43 44 34.83226269108249 0.1524943694162905
3.5 3.75 44 45 33.40234045942051 0.1410114218798076
3.5 3.75 45 46 32.03419816662873 0.1304362422224073
3.5 3.75 46 47 30.72659165411936 0.1211637812270688
3.5 3.75 47 48 29.47638189932584 0.1132634899492537
3.5 3.75 48 49 28.2811410018694 0.1067331910194513
3.5 3.75 49 50 27.13829659875587 0.1011493194237745
3.75 4 0 1 -425.2712416050732 2.032517468722824
3.75 4 1 2 -4343.117524702553 29.85211370708063
3.75 4 2 3 -3030.715183274659 14.37615324966173
3.75 4 3 4 -1830.575951524746 8.626597776086982
3.75 4 4 5 -1106.222643931736 5.753859044685309
3.75 4 5 6 -673.0180670490436 4.085904098994454
3.75 4 6 7 -406.8999139142882 3.023419568708841
3.75 4 7 8 -239.0156233601806 2.302540221955601
3.75 4 8 9 -130.6643236551736 1.790202276184387
3.75 4 9 10 -59.49767275317595 1.413439234278816
3.75 4 10 11 -12.28879688123243 1.130395485064899
3.75 4 11 12 19.22815355742637 0.9101153565721012
3.75 4 12 13 40.33549067146225 0.7373184894174575
3.75 4 13 14 54.18250978883952 0.6069068162710354
3.75 4 14 15 62.97968550064252 0.4936624330592889
3.75 4 15 16 68.3580648423623 0.4056685211528713
3.75 4 16 17 71.29258194250502 0.3346264659440593
3.75 4 17 18 72.50225333216207 0.2774505906741169
3.75 4 18 19 72.49512242682164 0.2318877705267298
3.75 4 19 20 71.63393781466243 0.2127059298598662
3.75 4 20 21 70.17992261895932 0.1975641622367408
3.75 4 21 22 68.32244394397753 0.1838076635417621
3.75 4 22 23 66.1994357792488 0.1712720756888408
3.75 4 23 24 63.91165297439949 0.1598171113631538
3.75 4 24 25 61.5327444784738 0.1493224087636258
3.75 4 25 26 59.11645238256125 0.1396841962454496
3.75 4 26 27 56.70180905226673 0.1308125912471119
3.75 4 27 28 54.31692316349586 0.128321302788149
3.75 4 28 29 51.98176024715187 0.1309235473538379
3.75 4 29 30 49.7101995568251 0.1336769549428851
3.75 4 30 31 47.5115653749971 0.1363599175995928
3.75 4 31 32 45.39177343828291 0.1388409250429331
3.75 4 32 33 43.35419335912152 0.1410477787938823
3.75 4 33 34 41.40030003633697 0.1429464051064395
3.75 4 34 35 39.53016730093965 0.1445267330371535
3.75 4 35 36 37.74284293241791 0.1457934389187484
3.75 4 36 37 36.03663401423293 0.1467599366725214
3.75 4 37 38 34.40932422486438 0.1474445026077139
3.75 4 38 39 32.85833924223832 0.147867794118308
3.75 4 39 40 31.38087244553967 0.148051278504706
3.75 4 40 41 29.9739801949657 0.1480162553589875
3.75 4 41 42 28.6346536774177 0.1477832665048996
3.75 4 42 43 27.35987271939129 0.1473717582256848
3.75 4 43 44 26.14664570478907 0.1467999076186483
3.75 4 44 45 24.99203874973335 0.1460845539180674
3.75 4 45 46 23.89269672154254 0.1453125200996231
3.75 4 46 47 22.84673838715969 0.1447444863675021
3.75 4 47 48 21.85101008193882 0.1443935143688904
3.75 4 48 49 20.90297354486371 0.1442307648014131
3.75 4 49 50 20.0000265668351 0.1440434825051977
4 5 0 1 -1202.770459063507 3.804803558609982
4 5 1 2 -4871.996773284523 10.63152679357108
4 5 2 3 -2790.316437191122 6.741906331566057
4 5 3 4 -1458.363995742188 4.763022867542524
4 5 4 5 -753.6163744406408 3.475091095889547
4 5 5 6 -375.5337923109778 2.639409603154621
4 5 6 7 -164.3633254972997 2.111803017482288
4 5 7 8 -43.08093362170098 1.751690270450269
4 5 8 9 27.56674579057494 1.482077997121734
4 5 9 10 68.64892744802444 1.269470092306
4 5 10 11 91.95116158987696 1.101749006435561
4 5 11 12 104.3571131688153 0.9673031042264888
4 5 12 13 109.9927907024608 0.8545805295212389
4 5 13 14 111.3760171170555 0.7582773711384012
4 5 14 15 110.0852578212125 0.6766521836508782
4 5 15 16 107.1397726842102 0.6076351409685546
4 5 16 17 103.2060050730743 0.5483079839666298
4 5 17 18 98.71936731226577 0.4962980963632419
4 5 18 19 93.96409354035188 0.4502919560596298
4 5 19 20 89.12639561978972 0.4095835028447574
4 5 20 21 84.32832780456249 0.3735704867682264
4 5 21 22 79.64886516897718 0.3416043759659248
4 5 22 23 75.1374263278324 0.313060503508404
4 5 23 24 70.82304911370187 0.2874201624239023
4 5 24 25 66.72084027857517 0.2642872106026564
4 5 25 26 62.83651639267947 0.2433586623795764
4 5 26 27 59.16955220159869 0.224387788943988
4 5 27 28 55.71533435776155 0.2071600016059704
4 5 28 29 52.46663105188105 0.191482972718292
4 5 29 30 49.41460213198997 0.1771847471481812
4 5 30 31 46.54950034279537 0.1641139916837274
4 5 31 32 43.86116053577517 0.1521394727313794
4 5 32 33 41.33933932553077 0.1411482251412735
4 5 33 34 38.97394709926694 0.1310429396539165
4 5 34 35 36.75520195558659 0.1217392495555751
4 5 35 36 34.67372721636343 0.1131633530229389
4 5 36 37 32.72060859835533 0.105250131199751
4 5 37 38 30.88742296953281 0.09794173668741434
4 5 38 39 29.16624741689457 0.09118654838740411
4 5 39 40 27.54965492086647 0.08493837915330371
4 5 40 41 26.03070117593689 0.07915584717517947
4 5 41 42 24.60290570994002 0.07380184910718472
4 5 42 43 23.26022955913372 0.06884310159094323
4 5 43 44 21.99705109471251 0.06424973200411399
4 5 44 45 20.80814106454041 0.0599949093633491
4 5 45 46 19.6881424015173 0.05649960935521765
4 5 46 47 18.63318660717347 0.05536154201536717
4 5 47 48 17.63861940703436 0.05688930431656437
4 5 48 49 16.70058221270426 0.06087751582747535
4 5 49 50 15.81509189434065 0.0652016076103764
-5 5 0 50 -548801.250151615 97.83019623295095
