#ylo yhi qTlo qThi PDF0  uncertainty
-5 -4 0 1 -1215.487992298484 3.83236868356344
-5 -4 1 2 -4894.142446825759 10.74244085010477
-5 -4 2 3 -2800.79143278688 6.833230069985446
-5 -4 3 4 -1463.603835539402 4.836923916992323
-5 -4 4 5 -756.0590376907353 3.527560991503049
-5 -4 5 6 -376.4773188472775 2.674545710134374
-5 -4 6 7 -164.5228461378642 2.133090343708791
-5 -4 7 8 -42.84356135633925 1.764251509826477
-5 -4 8 9 27.99640939780693 1.4904875034953
-5 -4 9 10 69.16373067187351 1.276096937543207
-5 -4 10 11 92.49483427233679 1.107329796713708
-5 -4 11 12 104.899325965124 0.9720485648633083
-5 -4 12 13 110.5191820836619 0.8593067966838694
-5 -4 13 14 111.8775403123291 0.7625895113879093
-5 -4 14 15 110.5590192883071 0.6808000701424107
-5 -4 15 16 107.5849662240404 0.6116407359055125
-5 -4 16 17 103.6232416287592 0.5521981124665775
-5 -4 17 18 99.11001711841345 0.5000996196569027
-5 -4 18 19 94.32989617609775 0.4540229400139826
-5 -4 19 20 89.46922966884722 0.4132534610541748
-5 -4 20 21 84.65007571671924 0.3771845853136591
-5 -4 21 22 79.95133590862088 0.3451663565214925
-5 -4 22 23 75.42231394838984 0.3165735500471648
-5 -4 23 24 71.0919138312685 0.2908868701940747
-5 -4 24 25 66.97510336021986 0.2677095266615288
-5 -4 25 26 63.07746317360392 0.2467379947024378
-5 -4 26 27 59.39833958381999 0.227725181292658
-5 -4 27 28 55.93300052917795 0.2104562738683379
-5 -4 28 29 52.674106060828 0.1947388021348257
-5 -4 29 30 49.61271850991817 0.1804007093480418
-5 -4 30 31 46.73900330797503 0.167290585780885
-5 -4 31 32 44.04271751967353 0.1552771422648152
-5 -4 32 33 41.51354869568571 0.1442473765666536
-5 -4 33 34 39.14134603761968 0.1341039565775725
-5 -4 34 35 36.91627350354658 0.1247625006050653
-5 -4 35 36 34.82890652966194 0.1161491928674774
-5 -4 36 37 32.87028847288047 0.1081988956165847
-5 -4 37 38 31.03195870626433 0.100853733535443
-5 -4 38 39 29.3059610950523 0.09406204529430569
-5 -4 39 40 27.68483914658417 0.08777758930096355
-5 -4 40 41 26.16162236865745 0.08195891298282783
-5 -4 41 42 24.72980698338179 0.07656882483646314
-5 -4 42 43 23.38333324790764 0.07157393395424551
-5 -4 43 44 22.11656097133717 0.06694423963007237
-5 -4 44 45 20.92424428760562 0.06265276021590328
-5 -4 45 46 19.80101012102214 0.05912065103921724
-5 -4 46 47 18.7429767478575 0.0579448658023829
-5 -4 47 48 17.74547697551713 0.0593784844100755
-5 -4 48 49 16.80464161624894 0.06329158087242223
-5 -4 49 50 15.91647607733788 0.06753670560090583
-4 -3.75 0 1 -434.9994700769146 2.022601614852361
-4 -3.75 1 2 -4359.823775103764 29.94642022776124
-4 -3.75 2 3 -3035.885749006005 14.43385427038265
-4 -3.75 3 4 -1831.63886810478 8.665716722758535
-4 -3.75 4 5 -1105.621705464171 5.782258187588586
-4 -3.75 5 6 -671.7939484683245 4.107490298090949
-4 -3.75 6 7 -405.5112823067714 3.040365370202302
-4 -3.75 7 8 -237.6573679768671 2.316159824656336
-4 -3.75 8 9 -129.4127375456583 1.801345980843944
-4 -3.75 9 10 -58.37623628438428 1.422684947984501
-4 -3.75 10 11 -11.29759766896518 1.138115936543657
-4 -3.75 11 12 20.0651780305584 0.9193402946948006
-4 -3.75 12 13 41.11576149992561 0.744691987554347
-4 -3.75 13 14 54.8588488664501 0.6059369675193165
-4 -3.75 14 15 63.5588197033054 0.4976390387707518
-4 -3.75 15 16 68.86352287488944 0.4090294989600278
-4 -3.75 16 17 71.73403943506827 0.3374428587933767
-4 -3.75 17 18 72.88818313531232 0.2797750303552095
-4 -3.75 18 19 72.83289024223637 0.2337586871723064
-4 -3.75 19 20 71.9299196329456 0.2128536774718317
-4 -3.75 20 21 70.43962433214961 0.1977193993814384
-4 -3.75 21 22 68.55061416308627 0.1839677134137615
-4 -3.75 22 23 66.40016816038838 0.1714348692165656
-4 -3.75 23 24 64.08847697587845 0.1599810464692988
-4 -3.75 24 25 61.68870475713226 0.1494862446802027
-4 -3.75 25 26 59.25417763347477 0.1398469734690242
-4 -3.75 26 27 56.82357134257779 0.130973570773288
-4 -3.75 27 28 54.42468886484485 0.1280268175638071
-4 -3.75 28 29 52.0772336378428 0.1306262446984102
-4 -3.75 29 30 49.79486007993543 0.1333942524320053
-4 -3.75 30 31 47.58669944109192 0.1361024681456933
-4 -3.75 31 32 45.45850155501893 0.1386147787557671
-4 -3.75 32 33 43.4134932710829 0.1408559377496721
-4 -3.75 33 34 41.45302646577284 0.1427898913379489
-4 -3.75 34 35 39.57706879644319 0.1444053055928824
-4 -3.75 35 36 37.78457626042103 0.1457060698904112
-4 -3.75 36 37 36.07377646231157 0.1467051262814336
-4 -3.75 37 38 34.44238413264637 0.1474204865821444
-4 -3.75 38 39 32.88776502555774 0.1478726799887653
-4 -3.75 39 40 31.40706034165336 0.1480831345970485
-4 -3.75 40 41 29.99728091923937 0.1480731680276303
-4 -3.75 41 42 28.65537815412534 0.1478633764726316
-4 -3.75 42 43 27.3782970242205 0.1474732824309696
-4 -3.75 43 44 26.16301533464581 0.1469211517578476
-4 -3.75 44 45 25.00657231827722 0.1462239185201112
-4 -3.75 45 46 23.90558849943915 0.1454686036318863
-4 -3.75 46 47 22.85816266563353 0.1449162285550054
-4 -3.75 47 48 21.8611220277111 0.1445796060318502
-4 -3.75 48 49 20.911912029284 0.1444294900474449
-4 -3.75 49 50 20.00791539521612 0.1442529069714445
-3.75 -3.5 0 1 64.02945247823328 1.779598671481945
-3.75 -3.5 1 2 -5093.205286574223 25.62630020476825
-3.75 -3.5 2 3 -3999.731425578492 17.43048997938358
-3.75 -3.5 3 4 -2545.547244878379 12.48484809438686
-3.75 -3.5 4 5 -1608.14416621614 9.445152920982938
-3.75 -3.5 5 6 -1024.681382155787 7.432056351477718
-3.75 -3.5 6 7 -655.1343465464513 6.018293264724973
-3.75 -3.5 7 8 -415.5505357742986 4.98035847086184
-3.75 -3.5 8 9 -256.7865740341022 4.191782552996358
-3.75 -3.5 9 10 -149.5997800732162 3.576398595543311
-3.75 -3.5 10 11 -76.14453795309942 3.085497457050623
-3.75 -3.5 11 12 -25.11267175609487 2.685962521325943
-3.75 -3.5 12 13 10.29011220564939 2.356942628319202
-3.75 -3.5 13 14 34.75855558386957 2.082142195063253
-3.75 -3.5 14 15 51.75671579415734 1.849841626650446
-3.75 -3.5 15 16 63.3208789863553 1.651686859560838
-3.75 -3.5 16 17 70.96467814085997 1.481225306514062
-3.75 -3.5 17 18 75.76019773280723 1.333488417694928
-3.75 -3.5 18 19 78.47682415186875 1.204593973797365
-3.75 -3.5 19 20 79.67302350007844 1.091468791512883
-3.75 -3.5 20 21 79.75813377714928 0.9916515587685554
-3.75 -3.5 21 22 79.0346715115121 0.9031501636276623
-3.75 -3.5 22 23 77.72774148296611 0.8243368124989668
-3.75 -3.5 23 24 76.00576515433255 0.7538698187021147
-3.75 -3.5 24 25 73.9952745099161 0.6906345163468675
-3.75 -3.5 25 26 71.79159105810811 0.6336980899236103
-3.75 -3.5 26 27 69.46661454199938 0.5822746642714564
-3.75 -3.5 27 28 67.07455714137973 0.5356980528590081
-3.75 -3.5 28 29 64.65620127370329 0.4934002864003982
-3.75 -3.5 29 30 62.2420856557622 0.4548945506607251
-3.75 -3.5 30 31 59.85490620398448 0.4197615191845177
-3.75 -3.5 31 32 57.51133677423888 0.3876383245802278
-3.75 -3.5 32 33 55.22341783688765 0.358209596765852
-3.75 -3.5 33 34 52.99962104620846 0.3312001338728128
-3.75 -3.5 34 35 50.84566906116723 0.3063688717521714
-3.75 -3.5 35 36 48.76516939857106 0.2835038937537385
-3.75 -3.5 36 37 46.76010617436606 0.2624182790399653
-3.75 -3.5 37 38 44.83122270011049 0.2429466315112192
-3.75 -3.5 38 39 42.97831983600207 0.2249421633187078
-3.75 -3.5 39 40 41.20048902816796 0.2082742340675383
-3.75 -3.5 40 41 39.49629456592025 0.1928262652916062
-3.75 -3.5 41 42 37.86391612432635 0.1784939663024477
-3.75 -3.5 42 43 36.30126022905191 0.1651838190846392
-3.75 -3.5 43 44 34.80604731485928 0.152811780141744
-3.75 -3.5 44 45 33.37587954060038 0.1413021648378998
-3.75 -3.5 45 46 32.00761912240262 0.130701716083778
-3.75 -3.5 46 47 30.70000436620599 0.1214034345438147
-3.75 -3.5 47 48 29.44988019056456 0.1134760149998802
-3.75 -3.5 48 49 28.25480506397457 0.106916779279296
-3.75 -3.5 49 50 27.11219464021073 0.1013035469338129
-3.5 -3.25 0 1 727.8420782107852 0.4562326737535901
-3.5 -3.25 1 2 -5297.779582865685 19.09265047926941
-3.5 -3.25 2 3 -4675.881818317676 15.60093211597145
-3.5 -3.25 3 4 -3104.911064641248 11.89489669877959
-3.5 -3.25 4 5 -2028.572569804885 9.326893106883064
-3.5 -3.25 5 6 -1336.019444191444 7.524633612977876
-3.5 -3.25 6 7 -886.4846847930121 6.212373557297911
-3.5 -3.25 7 8 -588.7790712384272 5.223958770343539
-3.5 -3.25 8 9 -387.4564280256047 4.458182514223354
-3.5 -3.25 9 10 -248.7160395634646 3.850801044045739
-3.5 -3.25 10 11 -151.5638650718975 3.359802424532567
-3.5 -3.25 11 12 -82.75740222608988 2.956184355715576
-3.5 -3.25 12 13 -33.60441310055194 2.619886475534482
-3.5 -3.25 13 14 1.70403782832409 2.336314591848946
-3.5 -3.25 14 15 27.07697204997885 2.094728162685416
-3.5 -3.25 15 16 45.23815791051527 1.88704999267082
-3.5 -3.25 16 17 58.10888040174837 1.707098496720915
-3.5 -3.25 17 18 67.06500566544253 1.550069522493909
-3.5 -3.25 18 19 73.10504119146401 1.412177964326549
-3.5 -3.25 19 20 76.96218030344187 1.290404831465515
-3.5 -3.25 20 21 79.18035709221977 1.182315469874118
-3.5 -3.25 21 22 80.16672787611617 1.085926763671361
-3.5 -3.25 22 23 80.2284332337772 0.9996086687463139
-3.5 -3.25 23 24 79.59870337599756 0.9220102102816847
-3.5 -3.25 24 25 78.45562860193803 0.852003176587837
-3.5 -3.25 25 26 76.93581009462594 0.7886387904560336
-3.5 -3.25 26 27 75.14439114700684 0.7311140186044746
-3.5 -3.25 27 28 73.16249889177692 0.6787451227929175
-3.5 -3.25 28 29 71.05281323940414 0.6309467108522058
-3.5 -3.25 29 30 68.86376759845376 0.5872150065691826
-3.5 -3.25 30 31 66.63274074933844 0.547114385943914
-3.5 -3.25 31 32 64.38849839417401 0.5102664642979075
-3.5 -3.25 32 33 62.15307219476148 0.4763411915153917
-3.5 -3.25 33 34 59.94321398334893 0.4450495401520934
-3.5 -3.25 34 35 57.77152692080131 0.4161374662246972
-3.5 -3.25 35 36 55.64734942958663 0.3893808931421913
-3.5 -3.25 36 37 53.57744879376824 0.3645815238672409
-3.5 -3.25 37 38 51.5665674506678 0.3415633273250179
-3.5 -3.25 38 39 49.61785466650997 0.3201695764591171
-3.5 -3.25 39 40 47.73320860066187 0.3002603406368691
-3.5 -3.25 40 41 45.91354807779734 0.2817103535195562
-3.5 -3.25 41 42 44.15902887428908 0.2644071931398413
-3.5 -3.25 42 43 42.46921616060729 0.2482497225595487
-3.5 -3.25 43 44 40.84322213208213 0.233146748904053
-3.5 -3.25 44 45 39.27981590101797 0.2190158663066742
-3.5 -3.25 45 46 37.77670517963305 0.2058749658663505
-3.5 -3.25 46 47 36.33370998605706 0.1940136442226808
-3.5 -3.25 47 48 34.94822129785068 0.1834522403430121
-3.5 -3.25 48 49 33.61836179793325 0.1741579575221687
-3.5 -3.25 49 50 32.34200964164091 0.1657710318345662
-3.25 -3 0 1 1440.75559050147 1.326996022025988
-3.25 -3 1 2 -5121.265178398252 8.62556108906735
-3.25 -3 2 3 -5086.23863520582 9.686409878549716
-3.25 -3 3 4 -3500.184671877816 8.002569120136481
-3.25 -3 4 5 -2348.252002860942 6.545569336374163
-3.25 -3 5 6 -1585.483124353171 5.431920595208751
-3.25 -3 6 7 -1080.220570154123 4.581044132687596
-3.25 -3 7 8 -739.8539102217755 3.919101426057074
-3.25 -3 8 9 -506.0203531633363 3.393959676927385
-3.25 -3 9 10 -342.4062437849557 2.969383930176143
-3.25 -3 10 11 -226.0893157108378 2.620755312839025
-3.25 -3 11 12 -142.2617371648093 2.330574604588103
-3.25 -3 12 13 -81.27177567964122 2.085915208501721
-3.25 -3 13 14 -36.56869508629643 1.877499052350908
-3.25 -3 14 15 -3.666596907747135 1.698298482583793
-3.25 -3 15 16 20.57281482346229 1.542947090849344
-3.25 -3 16 17 38.38218475284327 1.407284055617976
-3.25 -3 17 18 51.37382951283746 1.288038686606554
-3.25 -3 18 19 60.72771560507715 1.182607935726488
-3.25 -3 19 20 67.3176745723049 1.088896747827157
-3.25 -3 20 21 71.79764756104237 1.005201668233601
-3.25 -3 21 22 74.66157462852254 0.930124739652023
-3.25 -3 22 23 76.28560105512383 0.8625089457460168
-3.25 -3 23 24 76.95822605209526 0.8013892091654927
-3.25 -3 24 25 76.90210630319382 0.7459547707249355
-3.25 -3 25 26 76.29000362758734 0.6955200023311545
-3.25 -3 26 27 75.25657113359148 0.6495015409484141
-3.25 -3 27 28 73.90714707317767 0.6074002137295778
-3.25 -3 28 29 72.32437377765655 0.5687866291819746
-3.25 -3 29 30 70.57321978029131 0.5332896014345951
-3.25 -3 30 31 68.70481872643313 0.5005867823687959
-3.25 -3 31 32 66.75942392206423 0.4703970284425921
-3.25 -3 32 33 64.76869658750644 0.4424741414493077
-3.25 -3 33 34 62.75748836988816 0.4166017047146542
-3.25 -3 34 35 60.74523731753555 0.3925887989819866
-3.25 -3 35 36 58.74706650456409 0.3702664293029264
-3.25 -3 36 37 56.77465252572503 0.3494845296293633
-3.25 -3 37 38 54.83691490987241 0.3301094400350062
-3.25 -3 38 39 52.94056542092974 0.3120217722936273
-3.25 -3 39 40 51.09054718202708 0.2951145962450618
-3.25 -3 40 41 49.29038685779503 0.2792918926464434
-3.25 -3 41 42 47.54247778532905 0.2644672281214742
-3.25 -3 42 43 45.84830819359613 0.2505626163216438
-3.25 -3 43 44 44.208645518758 0.2375075354916829
-3.25 -3 44 45 42.62368549922897 0.2252380782667109
-3.25 -3 45 46 41.09227558602208 0.2137994196715322
-3.25 -3 46 47 39.61548347290091 0.2035319648167899
-3.25 -3 47 48 38.19152572596832 0.1944663935202454
-3.25 -3 48 49 36.81931841280162 0.1865711038739119
-3.25 -3 49 50 35.49742691491085 0.1794547840333209
-3 -2.75 0 1 2120.143086266534 2.153720426490421
-3 -2.75 1 2 -4754.494799860346 3.685923037182875
-3 -2.75 2 3 -5312.033280235013 5.681427365741946
-3 -2.75 3 4 -3764.460904748701 4.955865368774743
-3 -2.75 4 5 -2577.694952491912 4.1612214800752
-3 -2.75 5 6 -1772.85381092256 3.511656016338579
-3 -2.75 6 7 -1231.046536995796 2.998107788663614
-3 -2.75 7 8 -861.205766166021 2.589749358243721
-3 -2.75 8 9 -604.089935227857 2.260685967136708
-3 -2.75 9 10 -422.1088384022041 1.99155108496322
-3 -2.75 10 11 -291.2097985206233 1.767756158681748
-3 -2.75 11 12 -195.7881347426412 1.580560714573347
-3 -2.75 12 13 -125.4674913344975 1.421389476534727
-3 -2.75 13 14 -73.20683588277893 1.284945492096168
-3 -2.75 14 15 -34.13853587264339 1.166971592318661
-3 -2.75 15 16 -4.833985643685764 1.064182469221594
-3 -2.75 16 17 17.16194540605488 0.9740078938807994
-3 -2.75 17 18 33.63354154474337 0.8944116791956398
-3 -2.75 18 19 45.89484654775981 0.8237621070956683
-3 -2.75 19 20 54.92511553662223 0.7607378114868564
-3 -2.75 20 21 61.46185587459354 0.7042584472341836
-3 -2.75 21 22 66.06575564397019 0.6534329390417988
-3 -2.75 22 23 69.16665784382087 0.6075203735062077
-3 -2.75 23 24 71.09655080530979 0.5659001057302623
-3 -2.75 24 25 72.11353332657552 0.5280486633593466
-3 -2.75 25 26 72.4194202709931 0.4935217264151204
-3 -2.75 26 27 72.17281050572569 0.4619399357492165
-3 -2.75 27 28 71.49887925772873 0.4329776211677149
-3 -2.75 28 29 70.4967804776129 0.4063537761556186
-3 -2.75 29 30 69.24528782316185 0.3818247770942985
-3 -2.75 30 31 67.80712556912931 0.3591784684973288
-3 -2.75 31 32 66.23231667495656 0.3382293261760962
-3 -2.75 32 33 64.56078758228887 0.3188144772958196
-3 -2.75 33 34 62.82440673278404 0.3007904067478727
-3 -2.75 34 35 61.04858863912312 0.284030216032182
-3 -2.75 35 36 59.25356248299715 0.2684213304715302
-3 -2.75 36 37 57.45538007680108 0.2538635720948267
-3 -2.75 37 38 55.66672020884448 0.2402675319944789
-3 -2.75 38 39 53.89753304916769 0.2275531900418434
-3 -2.75 39 40 52.15555827524454 0.2156487390819014
-3 -2.75 40 41 50.44674313288323 0.2044895797864931
-3 -2.75 41 42 48.77558068364749 0.1940174575996846
-3 -2.75 42 43 47.14538430953831 0.1841797197340191
-3 -2.75 43 44 45.55851100900273 0.1749286726853518
-3 -2.75 44 45 44.01654343114649 0.1662210251458993
-3 -2.75 45 46 42.51947891193197 0.1581723850331835
-3 -2.75 46 47 41.06957138642082 0.1513360976448365
-3 -2.75 47 48 39.66590400371311 0.145791353088628
-3 -2.75 48 49 38.30820823039184 0.1415119868921785
-3 -2.75 49 50 36.99576789760425 0.1379306829744585
-2.75 -2.5 0 1 2740.019406435956 2.551295112605061
-2.75 -2.5 1 2 -4315.41148253129 1.107145464230635
-2.75 -2.5 2 3 -5424.932906467533 2.469778091181499
-2.75 -2.5 3 4 -3939.015341996654 2.486210016189037
-2.75 -2.5 4 5 -2740.511135515896 2.226677024201213
-2.75 -2.5 5 6 -1911.299682031578 1.957251432399346
-2.75 -2.5 6 7 -1345.835775458681 1.721398523776433
-2.75 -2.5 7 8 -955.8449434657173 1.521869763768683
-2.75 -2.5 8 9 -682.2293909440555 1.354338583667057
-2.75 -2.5 9 10 -486.8950415571444 1.212812086496236
-2.75 -2.5 10 11 -345.1659559611571 1.092099861658652
-2.75 -2.5 11 12 -240.9632365830917 0.9886535128855958
-2.75 -2.5 12 13 -163.4686609880607 0.899207802459182
-2.75 -2.5 13 14 -105.3135468306982 0.8212987037195864
-2.75 -2.5 14 15 -61.37212197936583 0.7529780019982076
-2.75 -2.5 15 16 -28.01476474331116 0.6926940222289683
-2.75 -2.5 16 17 -2.629260610006668 0.6392004248471724
-2.75 -2.5 17 18 16.69211744717836 0.5914873672459505
-2.75 -2.5 18 19 31.36105396310154 0.5487296111290957
-2.75 -2.5 19 20 42.43456462200754 0.5102472395606211
-2.75 -2.5 20 21 50.71250712154256 0.4754757191590588
-2.75 -2.5 21 22 56.80589440312542 0.4439429023406639
-2.75 -2.5 22 23 61.18544530739246 0.415251214577909
-2.75 -2.5 23 24 64.21654850998254 0.3890637413928691
-2.75 -2.5 24 25 66.18474958281638 0.3650932726271385
-2.75 -2.5 25 26 67.31453834690717 0.3430936068031648
-2.75 -2.5 26 27 67.78334069166954 0.3228525972605159
-2.75 -2.5 27 28 67.73203799908936 0.3041865506699045
-2.75 -2.5 28 29 67.2729453457024 0.2869356843291943
-2.75 -2.5 29 30 66.49591132956363 0.2709604175928929
-2.75 -2.5 30 31 65.47301672766372 0.2561383261685413
-2.75 -2.5 31 32 64.26221892555265 0.2423616257038697
-2.75 -2.5 32 33 62.91019680258603 0.2295350815570964
-2.75 -2.5 33 34 61.45458471372149 0.2175742631339561
-2.75 -2.5 34 35 59.92573644727725 0.2064040788354073
-2.75 -2.5 35 36 58.34812519757725 0.1959575414568199
-2.75 -2.5 36 37 56.74145992727057 0.1861747214515446
-2.75 -2.5 37 38 55.12157952829233 0.1770018576605802
-2.75 -2.5 38 39 53.50117192715493 0.1683905973777805
-2.75 -2.5 39 40 51.89035456802128 0.1602973452875289
-2.75 -2.5 40 41 50.29714471674839 0.152682702826992
-2.75 -2.5 41 42 48.72784161790798 0.1455109848882731
-2.75 -2.5 42 43 47.1873380312029 0.1387498000428357
-2.75 -2.5 43 44 45.67937485195392 0.1323696875314274
-2.75 -2.5 44 45 44.20674972082008 0.1263437985388885
-2.75 -2.5 45 46 42.77048397423195 0.1208691721049104
-2.75 -2.5 46 47 41.37386159205442 0.1167583404138389
-2.75 -2.5 47 48 40.01675136742756 0.1141250699642484
-2.75 -2.5 48 49 38.69961859783348 0.1129132855057226
-2.75 -2.5 49 50 37.42239790228024 0.1123157393764471
-2.5 -2.25 0 1 3299.484823143849 1.825825177004387
-2.5 -2.25 1 2 -3872.490528400065 0.9638823993687261
-2.5 -2.25 2 3 -5479.175132294044 1.691471030057439
-2.5 -2.25 3 4 -4058.312940022297 1.557573208922374
-2.5 -2.25 4 5 -2858.337864349433 1.381252639514826
-2.5 -2.25 5 6 -2014.527363371815 1.25044221824366
-2.5 -2.25 6 7 -1433.307801382303 1.124628861012293
-2.5 -2.25 7 8 -1029.276519542427 1.011852172560513
-2.5 -2.25 8 9 -743.8324794476707 0.9136237202492435
-2.5 -2.25 9 10 -538.7187729728648 0.8281485397844246
-2.5 -2.25 10 11 -388.9303123084819 0.7531738917838788
-2.5 -2.25 11 12 -278.0915267714174 0.6877611665430573
-2.5 -2.25 12 13 -195.1098438389795 0.630249465410593
-2.5 -2.25 13 14 -132.3961798659655 0.5794349883091469
-2.5 -2.25 14 15 -84.64818780655742 0.5343189211762693
-2.5 -2.25 15 16 -48.09576826605962 0.4940751097583275
-2.5 -2.25 16 17 -20.01499580062296 0.4580192320303137
-2.5 -2.25 17 18 1.590944355562215 0.4255823602643564
-2.5 -2.25 18 19 18.2051018370023 0.3962892401743635
-2.5 -2.25 19 20 30.94196134720892 0.3697407740993565
-2.5 -2.25 20 21 40.64791662279958 0.3455999970350348
-2.5 -2.25 21 22 47.97187421807075 0.3235808670595029
-2.5 -2.25 22 23 53.41557815541023 0.3034392908341236
-2.5 -2.25 23 24 57.36995305427286 0.2849659150491836
-2.5 -2.25 24 25 60.14166871707221 0.2679803106515474
-2.5 -2.25 25 26 61.97277388183181 0.2523262586867026
-2.5 -2.25 26 27 63.05535663067701 0.2378679082714401
-2.5 -2.25 27 28 63.54259492847598 0.2244866299804461
-2.5 -2.25 28 29 63.55715906649618 0.212078425130843
-2.5 -2.25 29 30 63.1976521817362 0.2005517809792342
-2.5 -2.25 30 31 62.54358392989974 0.1898258873331632
-2.5 -2.25 31 32 61.65923801178246 0.1798291461150909
-2.5 -2.25 32 33 60.59669889707118 0.1704979193063054
-2.5 -2.25 33 34 59.3982346875635 0.1617754736587283
-2.5 -2.25 34 35 58.09818349608526 0.1536110863560528
-2.5 -2.25 35 36 56.72445450245522 0.1459592846992662
-2.5 -2.25 36 37 55.29972810334999 0.1387791968054522
-2.5 -2.25 37 38 53.84241979073283 0.1320339951132829
-2.5 -2.25 38 39 52.36745747357918 0.1256904179174194
-2.5 -2.25 39 40 50.88691074271549 0.1197183564882921
-2.5 -2.25 40 41 49.41050218648337 0.1140904970964173
-2.5 -2.25 41 42 47.94602413347658 0.1087820111419123
-2.5 -2.25 42 43 46.49967945226959 0.1037702837318304
-2.5 -2.25 43 44 45.07636099530481 0.0990346781204946
-2.5 -2.25 44 45 43.67988133402278 0.09455632797975248
-2.5 -2.25 45 46 42.31212210006348 0.09063698225883871
-2.5 -2.25 46 47 40.97722836358119 0.08845519728691172
-2.5 -2.25 47 48 39.67573478205912 0.08814697700138108
-2.5 -2.25 48 49 38.40872894725311 0.08956413360867803
-2.5 -2.25 49 50 37.17669883073498 0.09294906969223053
-2.25 -2 0 1 3805.411023698822 1.056706283498809
-2.25 -2 1 2 -3462.709188372574 0.8751407967047452
-2.25 -2 2 3 -5526.900666291685 1.658893271524688
-2.25 -2 3 4 -4165.872253217573 1.532758360352557
-2.25 -2 4 5 -2962.709379191547 1.350825789056787
-2.25 -2 5 6 -2103.864976144028 1.190368174016908
-2.25 -2 6 7 -1507.248273275375 1.056052979941502
-2.25 -2 7 8 -1089.964809553183 0.9432047178153544
-2.25 -2 8 9 -793.6675349828142 0.848782613115772
-2.25 -2 9 10 -579.7895064990548 0.7667038232787379
-2.25 -2 10 11 -422.92576011149 0.6968966335767989
-2.25 -2 11 12 -306.3657269460653 0.6359607282633385
-2.25 -2 12 13 -218.7300332549885 0.5825921634660626
-2.25 -2 13 14 -152.2077878453395 0.5355408994181686
-2.25 -2 14 15 -101.3243481956717 0.4938119148046377
-2.25 -2 15 16 -62.17584205606727 0.4566042388034509
-2.25 -2 16 17 -31.93405648457019 0.4232664641548316
-2.25 -2 17 18 -8.520378037941555 0.3932638438698308
-2.25 -2 18 19 9.61284614905594 0.366153626468193
-2.25 -2 19 20 23.63148499708677 0.3415663377998318
-2.25 -2 20 21 34.42308598391412 0.319191408487457
-2.25 -2 21 22 42.669734593871 0.2987660284887111
-2.25 -2 22 23 48.90009202931037 0.2800664141172968
-2.25 -2 23 24 53.52704850637224 0.2629009087003744
-2.25 -2 24 25 56.87529727862193 0.2471044839913674
-2.25 -2 25 26 59.20175184881032 0.23253432568951
-2.25 -2 26 27 60.71081880567408 0.2190662614724777
-2.25 -2 27 28 61.56593037522464 0.2065918524036315
-2.25 -2 28 29 61.89832871052204 0.1950160085877824
-2.25 -2 29 30 61.81381076187472 0.184255022242884
-2.25 -2 30 31 61.39794593900211 0.1742349365447549
-2.25 -2 31 32 60.72014030504164 0.1648901850698991
-2.25 -2 32 33 59.83682263293946 0.1561624508719568
-2.25 -2 33 34 58.79395697965469 0.1479997056794028
-2.25 -2 34 35 57.62903514175753 0.1403553968320245
-2.25 -2 35 36 56.37266483056294 0.1331877559989513
-2.25 -2 36 37 55.04984166636478 0.1264592088405741
-2.25 -2 37 38 53.6809725289603 0.1201358698894811
-2.25 -2 38 39 52.28270229417058 0.1141871078165872
-2.25 -2 39 40 50.86858429454566 0.1085851701644962
-2.25 -2 40 41 49.44962610187758 0.1033048580196839
-2.25 -2 41 42 48.03473518696052 0.09832324421710141
-2.25 -2 42 43 46.63108406538572 0.09361942725079449
-2.25 -2 43 44 45.24441029144992 0.08917431597528315
-2.25 -2 44 45 43.87926358835409 0.08497044155464696
-2.25 -2 45 46 42.53813407571553 0.08164869818675716
-2.25 -2 46 47 41.22579954991795 0.0816023566925182
-2.25 -2 47 48 39.94325313140581 0.08489364805440418
-2.25 -2 48 49 38.69201630660774 0.09090097559885647
-2.25 -2 49 50 37.47295795497183 0.09725347055186125
-2 -1.75 0 1 4282.016871855016 1.073473103827925
-2 -1.75 1 2 -3053.669429339644 2.577278375978114
-2 -1.75 2 3 -5535.336137846762 2.795771702878458
-2 -1.75 3 4 -4241.498654802512 2.329640156781111
-2 -1.75 4 5 -3047.500977070445 1.932816488185141
-2 -1.75 5 6 -2183.365024810413 1.629603253760687
-2 -1.75 6 7 -1577.932931859986 1.396693224089648
-2 -1.75 7 8 -1151.590507174573 1.213959651362362
-2 -1.75 8 9 -847.0244399915618 1.06721370049972
-2 -1.75 9 10 -625.9290838809779 0.9477441041183088
-2 -1.75 10 11 -462.85713148069 0.8478805939720316
-2 -1.75 11 12 -341.0190118022501 0.763800120387742
-2 -1.75 12 13 -248.8986579886241 0.6920053220509513
-2 -1.75 13 14 -178.5624005728446 0.6300599618547312
-2 -1.75 14 15 -124.4274459902683 0.5761304121579812
-2 -1.75 15 16 -82.49810588434389 0.5288105152284536
-2 -1.75 16 17 -49.86956304214959 0.4870038222386859
-2 -1.75 17 18 -24.39978585304448 0.4498426501256983
-2 -1.75 18 19 -4.488756460317973 0.4166312703215481
-2 -1.75 19 20 11.07264448429396 0.3868052545782101
-2 -1.75 20 21 23.20775584815203 0.3599018609467339
-2 -1.75 21 22 32.62836696083968 0.3355381083761086
-2 -1.75 22 23 39.88787428343403 0.3133943042765976
-2 -1.75 23 24 45.4198409739887 0.2932015012579707
-2 -1.75 24 25 49.56630292250918 0.2747318289485851
-2 -1.75 25 26 52.59877718095152 0.2577909589231728
-2 -1.75 26 27 54.73401305549794 0.242212171136098
-2 -1.75 27 28 56.14591252048149 0.2278516386198087
-2 -1.75 28 29 56.97463004231406 0.2145846463186754
-2 -1.75 29 30 57.33357503208686 0.2023025362645727
-2 -1.75 30 31 57.31484054030648 0.1909102195340623
-2 -1.75 31 32 56.99344098282296 0.1803241372302821
-2 -1.75 32 33 56.43064141483626 0.1704705773579365
-2 -1.75 33 34 55.67658873432009 0.1612842782728257
-2 -1.75 34 35 54.77240274472467 0.1527072618748025
-2 -1.75 35 36 53.75184658360496 0.1446878556420243
-2 -1.75 36 37 52.64266755357335 0.1371798662934069
-2 -1.75 37 38 51.46767827376982 0.1301418807499737
-2 -1.75 38 39 50.24563210207651 0.1235366703751081
-2 -1.75 39 40 48.99193472841563 0.1173306821332294
-2 -1.75 40 41 47.7192248171678 0.1114936014955833
-2 -1.75 41 42 46.43784928493557 0.1059979764160894
-2 -1.75 42 43 45.15625369446684 0.1008188921194304
-2 -1.75 43 44 43.88130381710818 0.09593368862342568
-2 -1.75 44 45 42.6185512457819 0.09132171554571133
-2 -1.75 45 46 41.37135517294823 0.0873258685547314
-2 -1.75 46 47 40.14532949295747 0.08529728268916141
-2 -1.75 47 48 38.9421545951601 0.08541910616278933
-2 -1.75 48 49 37.76398630521493 0.09068297047240798
-2 -1.75 49 50 36.6122587439441 0.09752498967080733
-1.75 -1.5 0 1 4711.557095765982 0.9380004872122554
-1.75 -1.5 1 2 -2670.213458089431 0.7718977284898155
-1.75 -1.5 2 3 -5525.827861942522 1.70882374538779
-1.75 -1.5 3 4 -4281.935765799142 1.653696277234288
-1.75 -1.5 4 5 -3090.574481772072 1.478808824817835
-1.75 -1.5 5 6 -2220.653754159823 1.301999517336412
-1.75 -1.5 6 7 -1608.678395778948 1.1465227234956
-1.75 -1.5 7 8 -1176.632724946311 1.014502960243621
-1.75 -1.5 8 9 -867.3990861190205 0.9029669987824573
-1.75 -1.5 9 10 -642.5485789063941 0.8093536592483563
-1.75 -1.5 10 11 -476.467245417366 0.7288854822095491
-1.75 -1.5 11 12 -352.2064283386799 0.6600700530658933
-1.75 -1.5 12 13 -258.1279410115433 0.6005404989869285
-1.75 -1.5 13 14 -186.2012887411574 0.548656812292185
-1.75 -1.5 14 15 -130.7685475218607 0.5031229049076993
-1.75 -1.5 15 16 -87.77564454576668 0.4629081295037583
-1.75 -1.5 16 17 -54.27215483656869 0.4271862084148007
-1.75 -1.5 17 18 -28.08018446535743 0.3952888535945134
-1.75 -1.5 18 19 -7.571321229933119 0.3666707772283468
-1.75 -1.5 19 20 8.486187167467051 0.3408832556081372
-1.75 -1.5 20 21 21.03383451744799 0.3175540392428006
-1.75 -1.5 21 22 30.79805840416077 0.2963719775548861
-1.75 -1.5 22 23 38.34413774293091 0.2770751451649258
-1.75 -1.5 23 24 44.11532193596111 0.2594415990221822
-1.75 -1.5 24 25 48.46157827765694 0.2432821185796682
-1.75 -1.5 25 26 51.66094496491905 0.228434458671355
-1.75 -1.5 26 27 53.93555310393992 0.2147587601772024
-1.75 -1.5 27 28 55.46376151060258 0.2021338623249681
-1.75 -1.5 28 29 56.38942721690796 0.1904543124411842
-1.75 -1.5 29 30 56.82904456557424 0.1796279301422604
-1.75 -1.5 30 31 56.87728385866228 0.1695738071326567
-1.75 -1.5 31 32 56.61131798160898 0.1602206544779566
-1.75 -1.5 32 33 56.0942238667987 0.1515054329223692
-1.75 -1.5 33 34 55.37767255717574 0.1433722068146246
-1.75 -1.5 34 35 54.50406844397344 0.1357711833297175
-1.75 -1.5 35 36 53.50825926204823 0.1286579030704381
-1.75 -1.5 36 37 52.41890952922972 0.1219925530172009
-1.75 -1.5 37 38 51.2596086508135 0.1157393838093374
-1.75 -1.5 38 39 50.04976868969618 0.1098662100916857
-1.75 -1.5 39 40 48.80535453823057 0.1043439843026634
-1.75 -1.5 40 41 47.53948004840015 0.09914642755118558
-1.75 -1.5 41 42 46.26289625103499 0.09424971314827489
-1.75 -1.5 42 43 44.98439259045875 0.08963219027339941
-1.75 -1.5 43 44 43.71112759057382 0.08527414520954082
-1.75 -1.5 44 45 42.44890212385371 0.08115759285007906
-1.75 -1.5 45 46 41.20125548560105 0.07797078705877142
-1.75 -1.5 46 47 39.97404486597287 0.0782857431053061
-1.75 -1.5 47 48 38.76907200100163 0.08218221793443377
-1.75 -1.5 48 49 37.58862346469797 0.08900741748954864
-1.75 -1.5 49 50 36.43425206751866 0.09621412916805953
-1.5 -1.25 0 1 5116.87316293757 3.302601449055279
-1.5 -1.25 1 2 -2289.753583835396 4.166021384674053
-1.5 -1.25 2 3 -5501.31992816264 1.682267204795314
-1.5 -1.25 3 4 -4317.721677441564 1.606917141688984
-1.5 -1.25 4 5 -3137.699913699453 1.431655770610455
-1.5 -1.25 5 6 -2266.926879329252 1.263308427164198
-1.5 -1.25 6 7 -1650.797702800633 1.117675937627432
-1.5 -1.25 7 8 -1213.944943492153 0.9942154302976173
-1.5 -1.25 8 9 -900.1177433413854 0.8904831832233295
-1.5 -1.25 9 10 -671.1490605515155 0.8009288202936369
-1.5 -1.25 10 11 -501.4690750999284 0.7251635612831784
-1.5 -1.25 11 12 -374.1063141689933 0.6594352537385636
-1.5 -1.25 12 13 -277.3643682177581 0.6022257570326068
-1.5 -1.25 13 14 -203.1526954770511 0.5520801935789434
-1.5 -1.25 14 15 -145.757372396555 0.5078424695450234
-1.5 -1.25 15 16 -101.0750849929627 0.4685869566347943
-1.5 -1.25 16 17 -66.11330152016239 0.4335661863894452
-1.5 -1.25 17 18 -38.6586127335861 0.4021712695022422
-1.5 -1.25 18 19 -17.0528417011376 0.3739019655194252
-1.5 -1.25 19 20 -0.03934915333570643 0.3483439508874574
-1.5 -1.25 20 21 13.3441671854182 0.3251514295702504
-1.5 -1.25 21 22 23.84156709694582 0.3040337310693829
-1.5 -1.25 22 23 32.03274825403798 0.2847448853147299
-1.5 -1.25 23 24 38.37325895241327 0.2670754502052323
-1.5 -1.25 24 25 43.22344373566261 0.2508460508206401
-1.5 -1.25 25 26 46.87012323930583 0.2375197228037642
-1.5 -1.25 26 27 49.54288421716387 0.2259599641736948
-1.5 -1.25 27 28 51.42643428671477 0.2151622596811536
-1.5 -1.25 28 29 52.67005322791522 0.2050618786913113
-1.5 -1.25 29 30 53.39488101671168 0.1956007405694505
-1.5 -1.25 30 31 53.6995794944728 0.1867266441641864
-1.5 -1.25 31 32 53.66476088387878 0.1783925884009954
-1.5 -1.25 32 33 53.35647389342319 0.1705561779084384
-1.5 -1.25 33 34 52.82896429600493 0.1631791005196588
-1.5 -1.25 34 35 52.1268730872593 0.1562266699230309
-1.5 -1.25 35 36 51.28699585724132 0.1496674258113085
-1.5 -1.25 36 37 50.33969772553684 0.1434727809217859
-1.5 -1.25 37 38 49.31005641873071 0.1376167137513566
-1.5 -1.25 38 39 48.2187895968114 0.1320754961598266
-1.5 -1.25 39 40 47.08301006916241 0.126827454719194
-1.5 -1.25 40 41 45.91684320633578 0.1218527606580799
-1.5 -1.25 41 42 44.73193328247839 0.1171332422225035
-1.5 -1.25 42 43 43.53786019247855 0.1126522216640414
-1.5 -1.25 43 44 42.3424833654845 0.1083943679927043
-1.5 -1.25 44 45 41.15222640737403 0.1043455679988675
-1.5 -1.25 45 46 39.97116240018849 0.1008276159369899
-1.5 -1.25 46 47 38.80567692044826 0.09907785121040896
-1.5 -1.25 47 48 37.65799316851218 0.09925866711493582
-1.5 -1.25 48 49 36.5307931015127 0.1012631370527702
-1.5 -1.25 49 50 35.4259752142024 0.1038794749470879
-1.25 -1 0 1 5447.913768510567 1.579695772905938
-1.25 -1 1 2 -2001.480526187051 0.6532033377189417
-1.25 -1 2 3 -5500.270030041467 1.820650530858456
-1.25 -1 3 4 -4357.617067584764 1.775624630061145
-1.25 -1 4 5 -3180.719211878198 1.583396638106601
-1.25 -1 5 6 -2305.309942537245 1.395466020409352
-1.25 -1 6 7 -1683.377758905358 1.233445036054331
-1.25 -1 7 8 -1241.173832517054 1.096904535777516
-1.25 -1 8 9 -922.7869023489238 0.9825363961213752
-1.25 -1 9 10 -690.0340421852443 0.8844830975751384
-1.25 -1 10 11 -517.2347669649489 0.8014535845303562
-1.25 -1 11 12 -387.3076105242221 0.7295897308266825
-1.25 -1 12 13 -288.4518993826941 0.6670850143737584
-1.25 -1 13 14 -212.491884153997 0.6123151891192835
-1.25 -1 14 15 -153.6447503960612 0.5639997402051616
-1.25 -1 15 16 -107.7520240837471 0.5211192091217584
-1.25 -1 16 17 -71.77709281307193 0.4828536870252615
-1.25 -1 17 18 -43.47125448549968 0.4485372072135044
-1.25 -1 18 19 -21.14796895799373 0.4176237673310629
-1.25 -1 19 20 -3.527697151944267 0.3896618049546223
-1.25 -1 20 21 10.37044376444419 0.3642748361440354
-1.25 -1 21 22 21.30546487597462 0.3411466203477609
-1.25 -1 22 23 29.86967899311571 0.320009678859399
-1.25 -1 23 24 36.52885495797682 0.3006363236780056
-1.25 -1 24 25 41.65178842759906 0.2828315850168846
-1.25 -1 25 26 45.53231721993575 0.2664275857908208
-1.25 -1 26 27 48.40587753622435 0.2512790334994727
-1.25 -1 27 28 50.46207105440521 0.2372595778557706
-1.25 -1 28 29 51.85428651773066 0.2242588489729136
-1.25 -1 29 30 52.70712501981563 0.212180031008805
-1.25 -1 30 31 53.12217283409495 0.2009378634272606
-1.25 -1 31 32 53.18252036872218 0.1904569846336164
-1.25 -1 32 33 52.95632216967999 0.1806705497327756
-1.25 -1 33 34 52.49961813042518 0.1715190741497308
-1.25 -1 34 35 51.85858158715672 0.1629494587210772
-1.25 -1 35 36 51.07131997068137 0.1549141652886174
-1.25 -1 36 37 50.16932398152414 0.1473705160129307
-1.25 -1 37 38 49.17863916597838 0.1402800954134928
-1.25 -1 38 39 48.12081703046579 0.1336082380683394
-1.25 -1 39 40 47.01369017755252 0.1273235879714545
-1.25 -1 40 41 45.87200644563774 0.121397718614834
-1.25 -1 41 42 44.7079493326836 0.1158048028499392
-1.25 -1 42 43 43.53156660573757 0.1105213273988516
-1.25 -1 43 44 42.35112427565741 0.1055258432511926
-1.25 -1 44 45 41.17339977652301 0.1007987471901699
-1.25 -1 45 46 40.00275283200114 0.09669707032095406
-1.25 -1 46 47 38.84588253575401 0.09462205072206646
-1.25 -1 47 48 37.70522518835946 0.09477550197132799
-1.25 -1 48 49 36.58366805173804 0.09749370200453954
-1.25 -1 49 50 35.48329353157254 0.1051995231083559
-1 -0.75 0 1 5728.607444091695 1.930035024621121
-1 -0.75 1 2 -1738.225756025147 1.808362836998634
-1 -0.75 2 3 -5473.870392018664 1.591079895649114
-1 -0.75 3 4 -4367.268417848576 1.52951602462952
-1 -0.75 4 5 -3196.35328272147 1.365514796931069
-1 -0.75 5 6 -2320.55482856182 1.210201600129791
-1 -0.75 6 7 -1696.840437300782 1.077087853900067
-1 -0.75 7 8 -1252.709068592328 0.9644457349002764
-1 -0.75 8 9 -932.574580898252 0.8695474706075409
-1 -0.75 9 10 -698.3207666971684 0.7870758081102202
-1 -0.75 10 11 -524.2546117017505 0.7168689051179864
-1 -0.75 11 12 -393.2689631479116 0.6554952529186078
-1 -0.75 12 13 -293.5301398247641 0.60168551391402
-1 -0.75 13 14 -216.8331900483777 0.5541898075172569
-1 -0.75 14 15 -157.3702623704723 0.5120134268200743
-1 -0.75 15 16 -110.9619852093274 0.4743563602455617
-1 -0.75 16 17 -74.55450605807755 0.4405686341876613
-1 -0.75 17 18 -45.88496395518428 0.4101171495644508
-1 -0.75 18 19 -23.25520050830596 0.3825608148076306
-1 -0.75 19 20 -5.376133278258749 0.357531700865158
-1 -0.75 20 21 8.740975399218769 0.334720602717233
-1 -0.75 21 22 19.86161781980059 0.3138658686695894
-1 -0.75 22 23 28.58346903559004 0.2947446659189089
-1 -0.75 23 24 35.37674652483713 0.2771660934199732
-1 -0.75 24 25 40.61394661087877 0.2609657037727192
-1 -0.75 25 26 44.59199362640868 0.2460011089468234
-1 -0.75 26 27 47.54890451858842 0.2321484310686739
-1 -0.75 27 28 49.67644398454331 0.2192994138807006
-1 -0.75 28 29 51.12981779892277 0.2073590568221224
-1 -0.75 29 30 52.03515674062089 0.1962436649102012
-1 -0.75 30 31 52.49533750010801 0.1858792309200348
-1 -0.75 31 32 52.59454117473069 0.1762000879773947
-1 -0.75 32 33 52.40184588023021 0.1671477780752609
-1 -0.75 33 34 51.97407492832122 0.1586701010243354
-1 -0.75 34 35 51.35806728085919 0.1507203071401411
-1 -0.75 35 36 50.59249678946117 0.1432564134983516
-1 -0.75 36 37 49.70933685762731 0.1362406178323849
-1 -0.75 37 38 48.73504494990385 0.1296387978379453
-1 -0.75 38 39 47.69152453229873 0.1234200792019712
-1 -0.75 39 40 46.59690928872118 0.117556464162259
-1 -0.75 40 41 45.46620489244879 0.1120225071833779
-1 -0.75 41 42 44.31181585579873 0.1067950359708811
-1 -0.75 42 43 43.14397956479235 0.1018529060983752
-1 -0.75 43 44 41.97112483546016 0.09717678724206041
-1 -0.75 44 45 40.80016897754837 0.09274897577274825
-1 -0.75 45 46 39.63557280723899 0.08931701400897099
-1 -0.75 46 47 38.48417531527846 0.08967363834893939
-1 -0.75 47 48 37.34848229182401 0.09391324225365347
-1 -0.75 48 49 36.23145728927145 0.1013325909434571
-1 -0.75 49 50 35.13524466855901 0.1091702242134073
-0.75 -0.5 0 1 5946.213065099743 2.682642652875961
-0.75 -0.5 1 2 -1538.254492294009 2.095132096633994
-0.75 -0.5 2 3 -5457.71534741196 1.598423547349113
-0.75 -0.5 3 4 -4379.925600737291 1.542880074250565
-0.75 -0.5 4 5 -3214.138118319645 1.378504864655988
-0.75 -0.5 5 6 -2338.092881323651 1.221066515881117
-0.75 -0.5 6 7 -1712.79617041127 1.085533786622734
-0.75 -0.5 7 8 -1266.845354725853 0.9707459702154682
-0.75 -0.5 8 9 -944.9853640661977 0.8734728465374604
-0.75 -0.5 9 10 -709.1885648024581 0.7910254707802731
-0.75 -0.5 10 11 -533.7779467450837 0.7191411322041529
-0.75 -0.5 11 12 -401.63332268459 0.6570259986490262
-0.75 -0.5 12 13 -300.8991286794828 0.6026647674354242
-0.75 -0.5 13 14 -223.34787330174 0.5547598895891442
-0.75 -0.5 14 15 -163.150894262855 0.5130583458242914
-0.75 -0.5 15 16 -116.1105772729031 0.477854604565762
-0.75 -0.5 16 17 -79.15746879692938 0.4459588048858178
-0.75 -0.5 17 18 -50.01552705689915 0.4169758481831984
-0.75 -0.5 18 19 -26.97552021577621 0.3905643943858683
-0.75 -0.5 19 20 -8.739081847421176 0.3664298271592701
-0.75 -0.5 20 21 5.690309490556729 0.3443176247514174
-0.75 -0.5 21 22 17.0846799516321 0.324007460743036
-0.75 -0.5 22 23 26.04719967757455 0.3053081051376595
-0.75 -0.5 23 24 33.05271825233194 0.2880530823816086
-0.75 -0.5 24 25 38.47764649745272 0.2720970056778617
-0.75 -0.5 25 26 42.62222551267575 0.2573124920935151
-0.75 -0.5 26 27 45.72729007253486 0.2435875699518599
-0.75 -0.5 27 28 47.98700522807189 0.2308234995074142
-0.75 -0.5 28 29 49.55862692112873 0.2189329368415986
-0.75 -0.5 29 30 50.57004159252278 0.2078383847743052
-0.75 -0.5 30 31 51.12563327702048 0.1974708809774391
-0.75 -0.5 31 32 51.31088050023106 0.1877688856547585
-0.75 -0.5 32 33 51.19598090193051 0.1786773333227663
-0.75 -0.5 33 34 50.83872616331143 0.1701468234045647
-0.75 -0.5 34 35 50.28679487253822 0.1621329269904427
-0.75 -0.5 35 36 49.57959058589097 0.1545955905053319
-0.75 -0.5 36 37 48.74972233687669 0.147498621660259
-0.75 -0.5 37 38 47.82420251908786 0.1408092453839923
-0.75 -0.5 38 39 46.8254201415582 0.1344977181207154
-0.75 -0.5 39 40 45.77193463611485 0.1285369923238246
-0.75 -0.5 40 41 44.67912578559373 0.1229024249529047
-0.75 -0.5 41 42 43.55972751451731 0.1175715202784968
-0.75 -0.5 42 43 42.42426785435953 0.1125237070293496
-0.75 -0.5 43 44 41.28143257109508 0.1077401407188026
-0.75 -0.5 44 45 40.13836657661938 0.1032035295030646
-0.75 -0.5 45 46 38.99971948936434 0.09929622837805356
-0.75 -0.5 46 47 37.87253272116186 0.0975018733752322
-0.75 -0.5 47 48 36.75945912168035 0.09801771366966337
-0.75 -0.5 48 49 35.66360530847842 0.1016303897011121
-0.75 -0.5 49 50 34.58724254160563 0.1096627568067469
-0.5 -0.25 0 1 6089.549873141397 2.616921308931625
-0.5 -0.25 1 2 -1412.511106767512 1.492032524629274
-0.5 -0.25 2 3 -5451.991697963024 1.575274374027756
-0.5 -0.25 3 4 -4391.610933683618 1.537539005186859
-0.5 -0.25 4 5 -3228.055307410707 1.380868705834491
-0.5 -0.25 5 6 -2351.037495712325 1.270308462010712
-0.5 -0.25 6 7 -1724.126843349758 1.155654223116909
-0.5 -0.25 7 8 -1276.571586993279 1.048828441516514
-0.5 -0.25 8 9 -953.2853902652355 0.9540481848641796
-0.5 -0.25 9 10 -716.2623582219389 0.8688286117829316
-0.5 -0.25 10 11 -539.8161173648264 0.7949466725834886
-0.5 -0.25 11 12 -406.7995744846103 0.7294075796445872
-0.5 -0.25 12 13 -305.3319537139957 0.6713881324993991
-0.5 -0.25 13 14 -227.1628827503678 0.6198211325205236
-0.5 -0.25 14 15 -166.4442153197256 0.5737970354987313
-0.5 -0.25 15 16 -118.9621153165576 0.5325494354746264
-0.5 -0.25 16 17 -81.63375365172374 0.4954347063998635
-0.5 -0.25 17 18 -52.17209633526227 0.46191197304612
-0.5 -0.25 18 19 -28.85887759951265 0.4315254512070381
-0.5 -0.25 19 20 -10.38829284932581 0.4038895793159651
-0.5 -0.25 20 21 4.242320663633564 0.3786767651627844
-0.5 -0.25 21 22 15.81007605430409 0.355607383761541
-0.5 -0.25 22 23 24.92237148560957 0.3344416414133382
-0.5 -0.25 23 24 32.05758274073776 0.3149729570312985
-0.5 -0.25 24 25 37.5950714481686 0.2970225674156411
-0.5 -0.25 25 26 41.8375560934744 0.2804351161747025
-0.5 -0.25 26 27 45.02795791470226 0.2650750326948725
-0.5 -0.25 27 28 47.3622044938686 0.2508235470815062
-0.5 -0.25 28 29 48.99904496496322 0.2375762189149439
-0.5 -0.25 29 30 50.06763428308227 0.225240880889899
-0.5 -0.25 30 31 50.67343698699744 0.2137359214992371
-0.5 -0.25 31 32 50.90285430800179 0.2029888433837978
-0.5 -0.25 32 33 50.82687377028287 0.192935048600255
-0.5 -0.25 33 34 50.50396483345264 0.1835168100504306
-0.5 -0.25 34 35 49.98238899361064 0.1746823976439301
-0.5 -0.25 35 36 49.30205222472682 0.1663853334698297
-0.5 -0.25 36 37 48.49599752232729 0.1585837526389762
-0.5 -0.25 37 38 47.59161288124068 0.151239855380312
-0.5 -0.25 38 39 46.61161304607515 0.1443194338669327
-0.5 -0.25 39 40 45.57484047990016 0.1377914630039126
-0.5 -0.25 40 41 44.49692134711381 0.1316277453869462
-0.5 -0.25 41 42 43.39080443556907 0.1258026022056555
-0.5 -0.25 42 43 42.26720547658209 0.1202926029199598
-0.5 -0.25 43 44 41.13497448331407 0.1150763296056614
-0.5 -0.25 44 45 40.00140032204632 0.1101341691942589
-0.5 -0.25 45 46 38.87124989485886 0.1058278887418606
-0.5 -0.25 46 47 37.75169384843275 0.1035745806317979
-0.5 -0.25 47 48 36.64547366961409 0.103578832628828
-0.5 -0.25 48 49 35.55578216134629 0.1057151574891415
-0.5 -0.25 49 50 34.4849678927408 0.1109620505427253
-0.25 0 0 1 6161.766795304109 2.746405915249654
-0.25 0 1 2 -1348.575383283136 1.999903534795349
-0.25 0 2 3 -5448.030999796381 1.597361656243002
-0.25 0 3 4 -4395.816401168118 1.54931380432421
-0.25 0 4 5 -3233.040162018131 1.387121327236559
-0.25 0 5 6 -2355.41475736309 1.230257876569225
-0.25 0 6 7 -1727.707316120311 1.094717230129646
-0.25 0 7 8 -1279.429288913029 0.9796430202863822
-0.25 0 8 9 -955.5407909267005 0.8827229585600951
-0.25 0 9 10 -718.0289778283018 0.8016365623363267
-0.25 0 10 11 -541.1883580799927 0.7368063753829397
-0.25 0 11 12 -407.8550391602034 0.6785797358715271
-0.25 0 12 13 -306.1326176935468 0.6265803130446714
-0.25 0 13 14 -227.7583677797622 0.5800350085060356
-0.25 0 14 15 -166.8743284312673 0.5382478829276282
-0.25 0 15 16 -119.2589000196581 0.5006109974357202
-0.25 0 16 17 -81.82310343941595 0.466600482511753
-0.25 0 17 18 -52.27501304306179 0.4357674511763975
-0.25 0 18 19 -28.89245252290652 0.4077278069782818
-0.25 0 19 20 -10.36647455867819 0.3821525834024467
-0.25 0 20 21 4.308122079385384 0.3587593921720688
-0.25 0 21 22 15.91051048551481 0.337305096574848
-0.25 0 22 23 25.04976748706792 0.3175796400886168
-0.25 0 23 24 32.20564183964802 0.299400890070297
-0.25 0 24 25 37.75862172232428 0.2826103456438401
-0.25 0 25 26 42.01235253516415 0.2670695681167719
-0.25 0 26 27 45.21051997613313 0.2526572083383565
-0.25 0 27 28 47.54968336351328 0.2392665273336369
-0.25 0 28 29 49.18911475457162 0.2268033216912329
-0.25 0 29 30 50.25840253973854 0.2151841828988522
-0.25 0 30 31 50.86337089553092 0.2043350312427087
-0.25 0 31 32 51.09071968481805 0.1941898769105536
-0.25 0 32 33 51.01168452101933 0.1846897696214576
-0.25 0 33 34 50.68494099991585 0.1757819042230543
-0.25 0 34 35 50.15892186980193 0.1674188573294606
-0.25 0 35 36 49.47367530778075 0.159557932280453
-0.25 0 36 37 48.66236228801972 0.1521605971371128
-0.25 0 37 38 47.75246856168371 0.1451919987267191
-0.25 0 38 39 46.76678972821202 0.1386205422395839
-0.25 0 39 40 45.72423497059197 0.132417527646303
-0.25 0 40 41 44.6404853408481 0.1265568311101833
-0.25 0 41 42 43.52853460614881 0.1210146286662831
-0.25 0 42 43 42.39913517716718 0.1157691531132485
-0.25 0 43 44 41.26116679080951 0.1108004816839709
-0.25 0 44 45 40.12194221052789 0.1060903481297423
-0.25 0 45 46 38.98624191959021 0.1020184524232171
-0.25 0 46 47 37.86126281113053 0.1000631907728759
-0.25 0 47 48 36.74975224883011 0.1004279676567444
-0.25 0 48 49 35.6549115432681 0.1029646004619267
-0.25 0 49 50 34.57909566651188 0.110970627821515
0 0.25 0 1 6161.520243329569 2.746412235470811
0 0.25 1 2 -1349.058979726014 1.999926056320345
0 0.25 2 3 -5448.390056874097 1.597320141410407
0 0.25 3 4 -4395.971680644087 1.549217779502163
0 0.25 4 5 -3233.063201422184 1.38702766737778
0 0.25 5 6 -2355.372993735536 1.2301955884213
0 0.25 6 7 -1727.639187327111 1.094688113263781
0 0.25 7 8 -1279.354220596148 0.9796393344872323
0 0.25 8 9 -955.4675704314241 0.8827338101175876
0 0.25 9 10 -717.960990373776 0.8016581498717854
0 0.25 10 11 -541.1265997293922 0.7368310338826792
0 0.25 11 12 -407.7990797019243 0.6786053256539437
0 0.25 12 13 -306.0817014939748 0.6266052145800722
0 0.25 13 14 -227.7116823286374 0.5800584000132005
0 0.25 14 15 -166.8311536026151 0.5382694094860213
0 0.25 15 16 -119.2186551742545 0.5006305662332725
0 0.25 16 17 -81.78534656366855 0.4666181408556881
0 0.25 17 18 -52.23942026125883 0.4357833158299464
0 0.25 18 19 -28.85879224669338 0.4077420245279088
0 0.25 19 20 -10.33458293546096 0.382165308438202
0 0.25 20 21 4.338361778957506 0.3587707755771392
0 0.25 21 22 15.93918393011836 0.3373152799663011
0 0.25 22 23 25.07694112822014 0.3175887533596158
0 0.25 23 24 32.2313712286076 0.2994090505358484
0 0.25 24 25 37.78295706268091 0.2826176586940181
0 0.25 25 26 42.03534216926869 0.2670761275314952
0 0.25 26 27 45.23221238743474 0.2526630976026442
0 0.25 27 28 47.5701281547216 0.2392718204623883
0 0.25 28 29 49.2083629515015 0.2268080843306769
0 0.25 29 30 50.27650647420501 0.2151884729754472
0 0.25 30 31 50.88038384888705 0.2043389002617219
0 0.25 31 32 51.10669541779987 0.1941933702982624
0 0.25 32 33 51.02667676936858 0.1846929276226337
0 0.25 33 34 50.69900299007907 0.1757847626560836
0 0.25 34 35 50.1721058831576 0.1674214475980406
0 0.25 35 36 49.48603230820243 0.1595602825634485
0 0.25 36 37 48.67394162027063 0.1521627322429051
0 0.25 37 38 47.76331771657101 0.1451939405671362
0 0.25 38 39 46.77695417187221 0.1386223107089607
0 0.25 39 40 45.73375803025976 0.1324191399272955
0 0.25 40 41 44.64940813999829 0.1265583027963781
0 0.25 41 42 43.53689603954996 0.1210159735508544
0 0.25 42 43 42.40697192100214 0.1157703835005166
0 0.25 43 44 41.26851333853421 0.1108016085319739
0 0.25 44 45 40.12883093098327 0.1060913813103322
0 0.25 45 46 38.99270310281099 0.1020194123665216
0 0.25 46 47 37.86732481894552 0.1000641389580926
0 0.25 47 48 36.75544153709731 0.1004289630857533
0 0.25 48 49 35.6602527915386 0.1029656882388598
0 0.25 49 50 34.58411184764842 0.1109717585305655
0.25 0.5 0 1 6088.840481396789 2.616926908313211
0.25 0.5 1 2 -1413.896040837933 1.492036912079725
0.25 0.5 2 3 -5453.010185428936 1.575169625552286
0.25 0.5 3 4 -4392.045151646072 1.537374567085165
0.25 0.5 4 5 -3228.117360142483 1.380729580510518
0.25 0.5 5 6 -2350.920602600616 1.270232043148861
0.25 0.5 6 7 -1723.938608894484 1.15563140336647
0.25 0.5 7 8 -1276.365330726907 1.048842877914322
0.25 0.5 8 9 -953.0833536503533 0.9533603755871457
0.25 0.5 9 10 -716.0773325683181 0.8696158158197511
0.25 0.5 10 11 -539.6464903629826 0.794995795064529
0.25 0.5 11 12 -406.6452755470327 0.7294565560749143
0.25 0.5 12 13 -305.1908171263981 0.6714348319143288
0.25 0.5 13 14 -227.0326719849629 0.6198645343671398
0.25 0.5 14 15 -166.3230025155294 0.5738367632306429
0.25 0.5 15 16 -118.8483874653584 0.5325854695765485
0.25 0.5 16 17 -81.52639359543377 0.4954672137943512
0.25 0.5 17 18 -52.07031511255741 0.461941208568899
0.25 0.5 18 19 -28.76213607413661 0.4315517023322905
0.25 0.5 19 20 -10.2962298545151 0.4039131359142829
0.25 0.5 20 21 4.329947261720008 0.3786979038954912
0.25 0.5 21 22 15.89343435285809 0.3556263608576422
0.25 0.5 22 23 25.00158800525332 0.3344586899813116
0.25 0.5 23 24 32.13276461462885 0.3149882868271683
0.25 0.5 24 25 37.66632068889362 0.2970363658248335
0.25 0.5 25 26 41.90497803320818 0.2804475501205663
0.25 0.5 26 27 45.09166553674038 0.2650862502888617
0.25 0.5 27 28 47.4223199924586 0.2508336798737589
0.25 0.5 28 29 49.05569953524957 0.2375853832928437
0.25 0.5 29 30 50.1209668635787 0.2252491800556931
0.25 0.5 30 31 50.72359245973348 0.2137434469664742
0.25 0.5 31 32 50.9499814981458 0.2029956762382706
0.25 0.5 32 33 50.8711234625107 0.1929412608002411
0.25 0.5 33 34 50.54548793888489 0.1835224653902681
0.25 0.5 34 35 50.02133493811414 0.1746875529150039
0.25 0.5 35 36 49.33856758966652 0.1663900389339188
0.25 0.5 36 37 48.5302249398988 0.1585880532188105
0.25 0.5 37 38 47.62369017475487 0.1512437909552578
0.25 0.5 38 39 46.64167258875801 0.1443230398766348
0.25 0.5 39 40 45.60300874972501 0.1377947713695826
0.25 0.5 40 41 44.52331864696629 0.1316307842383119
0.25 0.5 41 42 43.41554475187201 0.1258053968281522
0.25 0.5 42 43 42.29039645280346 0.1202951758535402
0.25 0.5 43 44 41.15671748215067 0.1150787013454445
0.25 0.5 44 45 40.0217905606242 0.1101363576923059
0.25 0.5 45 46 38.89037657300599 0.1058299407929535
0.25 0.5 46 47 37.76964051110997 0.1035766512465757
0.25 0.5 47 48 36.66231831600231 0.1035810760079583
0.25 0.5 48 49 35.57159759269123 0.1057176975319166
0.25 0.5 49 50 34.4998219080876 0.1109648337040386
0.5 0.75 0 1 5944.986827452371 2.682648704319681
0.5 0.75 1 2 -1540.612907929354 2.095145352806206
0.5 0.75 2 3 -5459.38654166421 1.598358871306563
0.5 0.75 3 4 -4380.5765814618 1.542765129996907
0.5 0.75 4 5 -3214.171366282064 1.37840440269227
0.5 0.75 5 6 -2337.848154384756 1.22100629679115
0.5 0.75 6 7 -1712.452427862851 1.085510199593069
0.5 0.75 7 8 -1266.48639655849 0.9707498193986104
0.5 0.75 8 9 -944.6443023144006 0.8741513023059014
0.5 0.75 9 10 -708.8796522845137 0.7903638569993913
0.5 0.75 10 11 -533.4994148908327 0.7191703922263402
0.5 0.75 11 12 -401.3823404823042 0.6570559801518393
0.5 0.75 12 13 -300.6711395763068 0.6026938559336099
0.5 0.75 13 14 -223.138585983357 0.5547872468977543
0.5 0.75 14 15 -162.9567618092326 0.5130835684375509
0.5 0.75 15 16 -115.9288794907595 0.477877514536489
0.5 0.75 16 17 -78.98622440873555 0.4459795055159512
0.5 0.75 17 18 -49.85334846346973 0.4169945131749801
0.5 0.75 18 19 -26.82146434199308 0.3905812238911823
0.5 0.75 19 20 -8.592519841992271 0.3664450228483985
0.5 0.75 20 21 5.829796531957982 0.3443313767472327
0.5 0.75 21 22 17.21737954658715 0.3240199414718272
0.5 0.75 22 23 26.173324258864 0.3053194674231166
0.5 0.75 23 24 33.17244359898132 0.2880634597500425
0.5 0.75 24 25 38.59113654200132 0.2721065137138933
0.5 0.75 25 26 42.72964719045535 0.2573212302063936
0.5 0.75 26 27 45.82882116432847 0.2435956238199144
0.5 0.75 27 28 48.08283747511143 0.2308309426815664
0.5 0.75 28 29 49.64896610472124 0.2189398326742779
0.5 0.75 29 30 50.65510579673662 0.2078447879712461
0.5 0.75 30 31 51.20565018679395 0.1974768389867596
0.5 0.75 31 32 51.38608431049897 0.1877744398056782
0.5 0.75 32 33 51.26660920763481 0.178682519715542
0.5 0.75 33 34 50.90501705823323 0.1701516738768042
0.5 0.75 34 35 50.34898438080228 0.1621374695927027
0.5 0.75 35 36 49.63791048268433 0.1545998500780255
0.5 0.75 36 37 48.80439837004621 0.1475026205533534
0.5 0.75 37 38 47.87545301290248 0.1408130034447436
0.5 0.75 38 39 46.87345495220961 0.134501253221034
0.5 0.75 39 40 45.81695441606291 0.1285403208353914
0.5 0.75 40 41 44.72132151413786 0.1229055612380651
0.5 0.75 41 42 43.59928025104176 0.1175744778640582
0.5 0.75 42 43 42.46134867379607 0.1125264981954599
0.5 0.75 43 44 41.31620264754196 0.1077427762786573
0.5 0.75 44 45 40.17097737977912 0.1032060198522496
0.5 0.75 45 46 39.03031299577145 0.09929862847566573
0.5 0.75 46 47 37.90124191826845 0.09750440371426465
0.5 0.75 47 48 36.78640823350884 0.09802060141194069
0.5 0.75 48 49 35.68891031987451 0.1016337905981682
0.5 0.75 49 50 34.61101149989841 0.1096665394136264
0.75 1 0 1 5726.795374625966 1.92995448638005
0.75 1 1 2 -1741.682372493707 1.807870687999421
0.75 1 2 3 -5476.269560725675 1.59049357288548
0.75 1 3 4 -4368.152154445654 1.529332591309664
0.75 1 4 5 -3196.340930503065 1.365716301796084
0.75 1 5 6 -2320.150536097789 1.210627178707225
0.75 1 6 7 -1696.3037406333 1.07759462050278
0.75 1 7 8 -1252.159364347136 0.9649502057090237
0.75 1 8 9 -932.0595575446773 0.8699947094210693
0.75 1 9 10 -697.8545690263618 0.7874765558325553
0.75 1 10 11 -523.8388284007424 0.717201861285339
0.75 1 11 12 -392.8970241827296 0.6557714432733289
0.75 1 12 13 -293.1948703981946 0.6019121977632
0.75 1 13 14 -216.5278925793536 0.5543745459768032
0.75 1 14 15 -157.0893733397279 0.5121632552865475
0.75 1 15 16 -110.7011773057231 0.4744774761859
0.75 1 16 17 -74.31055485982301 0.4406663308107196
0.75 1 17 18 -45.65553649055119 0.4101958607983884
0.75 1 18 19 -23.03863980858864 0.3826242063962977
0.75 1 19 20 -5.171270202377855 0.3575827746916007
0.75 1 20 21 8.93497338058819 0.3347617996342251
0.75 1 21 22 20.0453614681719 0.3138991622519891
0.75 1 22 23 28.75743071014938 0.2947716449154356
0.75 1 23 24 35.54131820994212 0.2771880323179005
0.75 1 24 25 40.76947853526246 0.260983621808995
0.75 1 25 26 44.73881858566028 0.2460158195123681
0.75 1 26 27 47.68735203131541 0.2321605818971707
0.75 1 27 28 49.80684747208352 0.2193095200410774
0.75 1 28 29 51.25251717346634 0.2073675274452302
0.75 1 29 30 52.15049812879738 0.1962508244734444
0.75 1 30 31 52.60367132075748 0.1858853370157483
0.75 1 31 32 52.69621940419324 0.1762053445114336
0.75 1 32 33 52.49721905419915 0.167152346865494
0.75 1 33 34 52.06348922497926 0.1586741103329924
0.75 1 34 35 51.44186188835471 0.1507238587277688
0.75 1 35 36 50.67100165967349 0.1432595881480727
0.75 1 36 37 49.78287088504976 0.1362434797665728
0.75 1 37 38 48.80391457196646 0.1296413982251651
0.75 1 38 39 47.75602272334743 0.1234224589882461
0.75 1 39 40 46.65731490331746 0.1175586559780902
0.75 1 40 41 45.52278231364016 0.1120245372753494
0.75 1 41 42 44.36481489676447 0.1067969256248296
0.75 1 42 43 43.19363557819179 0.1018546723750209
0.75 1 43 44 42.01765898974691 0.09717844436384539
0.75 1 44 45 40.84378865961384 0.09275053493235527
0.75 1 45 46 39.67647199071121 0.08931853801015023
0.75 1 46 47 38.52253542709735 0.08967537775363429
0.75 1 47 48 37.38447250590738 0.093915437593769
0.75 1 48 49 36.26523533268303 0.1013354190148684
0.75 1 49 50 35.16695728413777 0.1091736687798627
1 1.25 0 1 5445.490600465664 1.579990986913239
1 1.25 1 2 -2006.098217275028 0.6561359950634189
1 1.25 2 3 -5503.468639849767 1.821117821160819
1 1.25 3 4 -4358.787841733929 1.775237460950134
1 1.25 4 5 -3180.687394050695 1.582654359253409
1 1.25 5 6 -2304.746196494344 1.394711800116934
1 1.25 6 7 -1682.629999941774 1.23280607046907
1 1.25 7 8 -1240.40506311276 1.096404912163659
1 1.25 8 9 -922.0643061818855 0.9821413949966107
1 1.25 9 10 -689.3790660124919 0.8842022397290841
1 1.25 10 11 -516.6511050495023 0.8012385674771005
1 1.25 11 12 -386.7872126508641 0.7294311545177593
1 1.25 12 13 -287.9853664092357 0.6669699287550274
1 1.25 13 14 -212.0701045997887 0.6122337791251277
1 1.25 14 15 -153.259924724985 0.5639444658945425
1 1.25 15 16 -107.3979003644063 0.5210841898368226
1 1.25 16 17 -71.44885323869426 0.4828342836796196
1 1.25 17 18 -43.16527368460379 0.4485297368672361
1 1.25 18 19 -20.86155083900189 0.4176253005283577
1 1.25 19 20 -3.258837381035164 0.3896700150893455
1 1.25 20 21 10.62325308867912 0.364287883006349
1 1.25 21 22 21.54338666531544 0.3411630569723764
1 1.25 22 23 30.09364356118147 0.3200283758486588
1 1.25 23 24 36.73964038771476 0.3006564077104782
1 1.25 24 25 41.85007602297708 0.2828523877095365
1 1.25 25 26 45.71872832217844 0.2664486026121144
1 1.25 26 27 48.58099685260106 0.2512998895766823
1 1.25 27 28 50.62646052958428 0.2372800006281761
1 1.25 28 29 52.00849278973453 0.2242786457781121
1 1.25 29 30 52.85168269451003 0.2121990712830444
1 1.25 30 31 53.25760517113213 0.2009560646656928
1 1.25 31 32 53.30933849125097 0.1904743002403484
1 1.25 32 33 53.07502354675933 0.1806869607596593
1 1.25 33 34 52.61068481961377 0.1715345819062562
1 1.25 34 35 51.96247853918283 0.1629640790468284
1 1.25 35 36 51.16849356866652 0.1549279245741814
1 1.25 36 37 50.26020090135756 0.1473834475418639
1 1.25 37 38 49.26362558196831 0.1402922370928689
1 1.25 38 39 48.20029816265355 0.1336196302066504
1 1.25 39 40 47.08803014835269 0.127334272210675
1 1.25 40 41 45.94154840755107 0.121407736376497
1 1.25 41 42 44.77301582364686 0.1158141950138729
1 1.25 42 43 43.59246008600115 0.1105301337503953
1 1.25 43 44 42.40812780906401 0.105534101626877
1 1.25 44 45 41.226777815893 0.1008064937148521
1 1.25 45 46 40.05275183321936 0.0967044324924301
1 1.25 46 47 38.89273249467709 0.09462948725255686
1 1.25 47 48 37.74913991058503 0.09478346415824898
1 1.25 48 49 36.62484638672476 0.09750249273912134
1 1.25 49 50 35.52192006835381 0.1052087390681799
1.25 1.5 0 1 5113.985372370821 3.302697143328019
1.25 1.5 1 2 -2295.164411907187 4.166489300509194
1.25 1.5 2 3 -5504.916215033068 1.68369183456934
1.25 1.5 3 4 -4318.906396671977 1.607631875212169
1.25 1.5 4 5 -3137.538261493737 1.431522355379739
1.25 1.5 5 6 -2266.213153799005 1.262606858922067
1.25 1.5 6 7 -1649.916759797776 1.116721535717855
1.25 1.5 7 8 -1213.066165165809 0.9932246840621106
1.25 1.5 8 9 -899.3042034927494 0.8889648746498443
1.25 1.5 9 10 -670.4200381833366 0.8007167796092981
1.25 1.5 10 11 -500.821898551254 0.7244785909033022
1.25 1.5 11 12 -373.5302571552934 0.6588703073434136
1.25 1.5 12 13 -276.847688334826 0.6017670987180505
1.25 1.5 13 14 -202.684693133172 0.551712211438581
1.25 1.5 14 15 -145.3292155787453 0.5075501458002517
1.25 1.5 15 16 -100.6798794921751 0.4683568763425295
1.25 1.5 16 17 -65.74585122786311 0.4333868248671393
1.25 1.5 17 18 -38.31508571089148 0.4020329470938482
1.25 1.5 18 19 -16.73044163718441 0.3737966649049821
1.25 1.5 19 20 0.2639672163729756 0.3482650923049592
1.25 1.5 20 21 13.62991550459901 0.3250936476981916
1.25 1.5 21 22 24.11090617046034 0.3039926717067152
1.25 1.5 22 23 32.28660421490156 0.2847170281501907
1.25 1.5 23 24 38.61241221490025 0.2670579585435112
1.25 1.5 24 25 43.44858757861994 0.2508366449078916
1.25 1.5 25 26 47.08190153382748 0.2375165973739987
1.25 1.5 26 27 49.74191431841587 0.2259615883875734
1.25 1.5 27 28 51.61331971108086 0.2151674051003576
1.25 1.5 28 29 52.84538955512755 0.2050695845446101
1.25 1.5 29 30 53.55925750468577 0.1956102583252733
1.25 1.5 30 31 53.85357815755049 0.1867373929069738
1.25 1.5 31 32 53.80895423608661 0.1784041199085366
1.25 1.5 32 33 53.49142214868999 0.1705681484709973
1.25 1.5 33 34 52.95521252898931 0.1631912487313892
1.25 1.5 34 35 52.24494865241564 0.1562387992706688
1.25 1.5 35 36 51.39740622597321 0.149679390245967
1.25 1.5 36 37 50.44292880602239 0.1434844742555551
1.25 1.5 37 38 49.40657136495827 0.1376280604759882
1.25 1.5 38 39 48.30902807743962 0.1320864447147781
1.25 1.5 39 40 47.16738794664496 0.1268379722825714
1.25 1.5 40 41 45.99575256801899 0.1218628279418188
1.25 1.5 41 42 44.8057427626361 0.1171428512438064
1.25 1.5 42 43 43.60691552956246 0.1126613721203304
1.25 1.5 43 44 42.40710813918759 0.108403065840592
1.25 1.5 44 45 41.21272291081601 0.1043538233014239
1.25 1.5 45 46 40.02781238442023 0.1008355466518607
1.25 1.5 46 47 38.8587431575221 0.09908595369741112
1.25 1.5 47 48 37.70771994910496 0.09926744261964704
1.25 1.5 48 49 36.5774075770064 0.1012729795911605
1.25 1.5 49 50 35.46968819748255 0.1038903805542584
1.5 1.75 0 1 4708.082121883613 0.9387833752394106
1.5 1.75 1 2 -2676.661471486093 0.7777407232389709
1.5 1.75 2 3 -5529.995526392227 1.711944835828809
1.5 1.75 3 4 -4283.177747109305 1.655025430855564
1.5 1.75 4 5 -3090.232671642932 1.4783198324189
1.5 1.75 5 6 -2219.694440743208 1.300483054624845
1.5 1.75 6 7 -1607.555314973255 1.14465467249608
1.5 1.75 7 8 -1175.538544946384 1.01254631358082
1.5 1.75 8 9 -866.402548955075 0.901444447557851
1.5 1.75 9 10 -641.6635335489163 0.8079288661321088
1.5 1.75 10 11 -475.6906226642645 0.7277161731928964
1.5 1.75 11 12 -351.521834817187 0.6591166479438132
1.5 1.75 12 13 -257.5197617943795 0.5997717356597351
1.5 1.75 13 14 -185.6555962423304 0.548041842998506
1.5 1.75 14 15 -130.2739018153798 0.5026340900813715
1.5 1.75 15 16 -87.32307659390131 0.4625218325781921
1.5 1.75 16 17 -53.85482900784859 0.4268827160084803
1.5 1.75 17 18 -27.69297524668332 0.3950519589238915
1.5 1.75 18 19 -7.210409531418691 0.3664872707565028
1.5 1.75 19 20 8.823657177570567 0.3407424295563319
1.5 1.75 20 21 21.35002849182797 0.3174472454162754
1.5 1.75 21 22 31.09465952286484 0.2962922491555874
1.5 1.75 22 23 38.62249922183423 0.2770168811034823
1.5 1.75 23 24 44.37657561354376 0.2594003032229841
1.5 1.75 24 25 48.70670966344085 0.2432541873119877
1.5 1.75 25 26 51.89084349454049 0.2284170071322635
1.5 1.75 26 27 54.15104457119685 0.2147494822211977
1.5 1.75 27 28 55.66562803542161 0.202130916842004
1.5 1.75 28 29 56.57841874507744 0.1904562321166283
1.5 1.75 29 30 57.00588480625481 0.1796335474267584
1.5 1.75 30 31 57.04267273107837 0.1695821946056459
1.5 1.75 31 32 56.76593200268746 0.1602310779285413
1.5 1.75 32 33 56.23871545252115 0.1515173121320779
1.5 1.75 33 34 55.51266886905199 0.143385084952375
1.5 1.75 34 35 54.63017017906435 0.135784702606324
1.5 1.75 35 36 53.62603961629594 0.1286717841747042
1.5 1.75 36 37 52.52891345470607 0.1220065799576723
1.5 1.75 37 38 51.36235245390873 0.115753390228803
1.5 1.75 38 39 50.14573997147482 0.1098800698403767
1.5 1.75 39 40 48.89501244976356 0.1043576028278579
1.5 1.75 40 41 47.62325582141597 0.09915973524345574
1.5 1.75 41 42 46.34119395611248 0.09426266027555054
1.5 1.75 42 43 45.05759007728545 0.08964474247857028
1.5 1.75 43 44 43.77957756244405 0.0852862807314943
1.5 1.75 44 45 42.51293331009094 0.08116929895224674
1.5 1.75 45 46 41.2611735979321 0.07798214339627832
1.5 1.75 46 47 40.03013455185652 0.07829713322587106
1.5 1.75 47 48 38.8215973995562 0.08219401473413959
1.5 1.75 48 49 37.63782980037277 0.08901989237590188
1.5 1.75 49 50 36.48036659348068 0.09622724973383462
1.75 2 0 1 4278.274417075301 1.073831588582832
1.75 2 1 2 -3060.596477450884 2.577862663725668
1.75 2 2 3 -5539.802863309555 2.795908716359218
1.75 2 3 4 -4242.844856959702 2.329232874712673
1.75 2 4 5 -3047.163815666227 1.932200335995584
1.75 2 5 6 -2182.359918601158 1.629036459107474
1.75 2 6 7 -1576.736580885638 1.396254813560023
1.75 2 7 8 -1150.410127497148 1.213814590956918
1.75 2 8 9 -845.9393521866673 1.066826282042359
1.75 2 9 10 -624.9576645337697 0.9475835964801773
1.75 2 10 11 -461.9999701406314 0.8477823168931048
1.75 2 11 12 -340.2607090165991 0.7637376443766651
1.75 2 12 13 -248.2238017844722 0.6919691016655375
1.75 2 13 14 -177.9567735536166 0.6300433347522778
1.75 2 14 15 -123.8791022160642 0.5761285393290858
1.75 2 15 16 -81.99750220062265 0.5288197396697852
1.75 2 16 17 -49.40929472783 0.4870212971788371
1.75 2 17 18 -23.9741954922597 0.4498661217020982
1.75 2 18 19 -4.093541392714997 0.4166589433493857
1.75 2 19 20 11.44077417739391 0.3868357018155573
1.75 2 20 21 23.55135351851777 0.3599339561272641
1.75 2 21 22 32.94946161410655 0.3355709726957111
1.75 2 22 23 40.18812773949264 0.3134272624302516
1.75 2 23 24 45.70066073495445 0.2932340438489239
1.75 2 24 25 49.82892098414072 0.2747635811445117
1.75 2 25 26 52.84430354171286 0.2578216536324038
1.75 2 26 27 54.96347096110617 0.242241626952246
1.75 2 27 28 56.36026087435164 0.2278797412248269
1.75 2 28 29 57.17477704602061 0.2146113332874753
1.75 2 29 30 57.52038601779054 0.2023277849485896
1.75 2 30 31 57.48914210498526 0.1909340369840022
1.75 2 31 32 57.1560228917246 0.1803465522444263
1.75 2 32 33 56.58225726748719 0.1704916342868456
1.75 2 33 34 55.81795604428351 0.1613040320268222
1.75 2 34 35 54.90420284590522 0.1527257740730089
1.75 2 35 36 53.8747246023546 0.144705191875909
1.75 2 36 37 52.75723257944389 0.1371960935869045
1.75 2 37 38 51.57450378242356 0.1301570662500091
1.75 2 38 39 50.34525663902559 0.1235508798462205
1.75 2 39 40 49.08486283477362 0.1173439794081952
1.75 2 40 41 47.80592816198725 0.1115060475172832
1.75 2 41 42 46.51876796478712 0.1060096293421658
1.75 2 42 43 45.2317976563254 0.1008298066838167
1.75 2 43 44 43.95185436759053 0.09594391638937573
1.75 2 44 45 42.68446260901695 0.09133130457365959
1.75 2 45 46 41.43295569850301 0.08733498225513377
1.75 2 46 47 40.20292419687138 0.08530650300288775
1.75 2 47 48 38.9960257030589 0.08542900151882504
1.75 2 48 49 37.81439519173756 0.09069358982234592
1.75 2 49 50 36.65944708833032 0.09753618759672446
2 2.25 0 1 3801.221101395897 1.056680415505795
2 2.25 1 2 -3470.380947425655 0.8747952770981197
2 2.25 2 3 -5531.675028258875 1.658492641506244
2 2.25 3 4 -4167.096385289336 1.532405697191412
2 2.25 4 5 -2962.086732435956 1.350732051390958
2 2.25 5 6 -2102.564670375932 1.190515063346849
2 2.25 6 7 -1505.79889390856 1.056333885509445
2 2.25 7 8 -1088.583389226102 0.9435492559387194
2 2.25 8 9 -792.4259301707052 0.8485689017765827
2 2.25 9 10 -578.701247068338 0.7675549662893743
2 2.25 10 11 -421.9808379256219 0.6971608286027303
2 2.25 11 12 -305.5426299474814 0.6361877384282684
2 2.25 12 13 -218.0080669090062 0.5827849235261947
2 2.25 13 14 -151.5686603228278 0.5357036786806929
2 2.25 14 15 -100.752980033214 0.4939491659023809
2 2.25 15 16 -61.66027267347658 0.456720087472528
2 2.25 16 17 -31.46500700969386 0.4233645222602993
2 2.25 17 18 -8.090731243047912 0.3933471768552178
2 2.25 18 19 10.00853412343167 0.3662247895658461
2 2.25 19 20 23.99739818967942 0.3416274381529823
2 2.25 20 21 34.76247883139854 0.3192441723783582
2 2.25 21 22 42.98518547803121 0.2988118655733792
2 2.25 22 23 49.19369239482285 0.2801064736166338
2 2.25 23 24 53.80054067542278 0.2629361274319799
2 2.25 24 25 57.1301728893842 0.2471356266922135
2 2.25 25 26 59.43932089465704 0.2325620177774347
2 2.25 26 27 60.93225722064835 0.2190910160657538
2 2.25 27 28 61.77231228131961 0.2066140917566711
2 2.25 28 29 62.0906479109866 0.1950360817419887
2 2.25 29 30 61.99299484993412 0.184273219015965
2 2.25 30 31 61.56486544942368 0.1742514986510845
2 2.25 31 32 60.87561462526031 0.1649053151478223
2 2.25 32 33 59.98162386814778 0.1561763198558523
2 2.25 33 34 58.92881258283751 0.1480124584340392
2 2.25 34 35 57.75462984666297 0.1403671568283557
2 2.25 35 36 56.4896422335097 0.1331986288666554
2 2.25 36 37 55.15880566876933 0.1264692858235038
2 2.25 37 38 53.78248876319304 0.1201452298903426
2 2.25 38 39 52.37729959333518 0.1141958195674759
2 2.25 39 40 50.9567562318216 0.1085932937243411
2 2.25 40 41 49.53183259879307 0.103312446145201
2 2.25 41 42 48.11140417766853 0.09833034358560867
2 2.25 42 43 46.70261319825963 0.09362607915247047
2 2.25 43 44 45.31116864682994 0.08918055706916678
2 2.25 44 45 43.94159339080443 0.0849763048051521
2 2.25 45 46 42.59635200455742 0.08165429872328246
2 2.25 46 47 41.28019938487662 0.08160810988040226
2 2.25 47 48 39.99410632016603 0.08489994628242332
2 2.25 48 49 38.73957394393085 0.09090810258359677
2 2.25 49 50 37.51745195593386 0.09726140055189265
2.25 2.5 0 1 3295.4843679923 1.825829310988317
2.25 2.5 1 2 -3879.659885472354 0.9638603703994335
2.25 2.5 2 3 -5483.389519234241 1.691295478917756
2.25 2.5 3 4 -4059.181103914199 1.557304915165344
2.25 2.5 4 5 -2857.606748630241 1.381073197073827
2.25 2.5 5 6 -2013.2811420326 1.250392296583871
2.25 2.5 6 7 -1431.990238205458 1.124661289609951
2.25 2.5 7 8 -1028.052343457781 1.011941168172701
2.25 2.5 8 9 -742.7473674092817 0.9137155705381086
2.25 2.5 9 10 -537.7715118293595 0.828217963690897
2.25 2.5 10 11 -388.1100039544608 0.7532546817519293
2.25 2.5 11 12 -277.3755570067922 0.6878337330069273
2.25 2.5 12 13 -194.4791447116534 0.6303138550164817
2.25 2.5 13 14 -131.8346422652485 0.5794919767919773
2.25 2.5 14 15 -84.14293456707628 0.5343694810454762
2.25 2.5 15 16 -47.63682972288871 0.4941201823544045
2.25 2.5 16 17 -19.5947953489906 0.4580596448504184
2.25 2.5 17 18 1.978114207861836 0.4256188094555672
2.25 2.5 18 19 18.56353980515269 0.3963222987877868
2.25 2.5 19 20 31.27493208566375 0.3697709098335948
2.25 2.5 20 21 40.95794130863055 0.3456275908755992
2.25 2.5 21 22 48.26094810336861 0.3236062305039217
2.25 2.5 22 23 53.68532890821518 0.3034626802133935
2.25 2.5 23 24 57.62175318677873 0.2849875430965595
2.25 2.5 24 25 60.37671356690987 0.2680003561034734
2.25 2.5 25 26 62.19213442970658 0.2523448731749031
2.25 2.5 26 27 63.26001437120328 0.2378852220012021
2.25 2.5 27 28 63.73346423249632 0.2245027562161998
2.25 2.5 28 29 63.73510103832984 0.2120934631387076
2.25 2.5 29 30 63.36348289450723 0.2005658188774794
2.25 2.5 30 31 62.69807907094565 0.1898390038883732
2.25 2.5 31 32 61.80313534506257 0.1798414120918744
2.25 2.5 32 33 60.73069948699725 0.17050939887322
2.25 2.5 33 34 59.52300350567549 0.1617862251397895
2.25 2.5 34 35 58.21434980054875 0.1536211630442569
2.25 2.5 35 36 56.83261222033082 0.1459687353743274
2.25 2.5 36 37 55.40043634528126 0.1387880661603987
2.25 2.5 37 38 53.93620355012149 0.1320423243198342
2.25 2.5 38 39 52.45480852496786 0.1256982448657192
2.25 2.5 39 40 50.96828872456882 0.1197257160892979
2.25 2.5 40 41 49.48633584197529 0.1140974214901677
2.25 2.5 41 42 48.01671267330889 0.1087885300580001
2.25 2.5 42 43 46.56559400690466 0.1037764245230543
2.25 2.5 43 44 45.13784612137647 0.09904046615147943
2.25 2.5 44 45 43.73725654629271 0.09456178658913583
2.25 2.5 45 46 42.36568312176411 0.09064222699429955
2.25 2.5 46 47 41.02724934034046 0.08846068033057529
2.25 2.5 47 48 39.72246903820385 0.0881531571808393
2.25 2.5 48 49 38.45241074193672 0.08957138373218995
2.25 2.5 49 50 37.21754444822665 0.09295727672929577
2.5 2.75 0 1 2736.272761171389 2.551308066552292
2.5 2.75 1 2 -4322.074978527824 1.107281744151693
2.5 2.75 2 3 -5428.758459916011 2.469697093655252
2.5 2.75 3 4 -3939.70238995628 2.485991177780113
2.5 2.75 4 5 -2739.737980535057 2.226476867968324
2.5 2.75 5 6 -1910.080992124414 1.957132498601861
2.5 2.75 6 7 -1344.575398057647 1.721347135031634
2.5 2.75 7 8 -954.6874144085436 1.522008681341553
2.5 2.75 8 9 -681.2126308011198 1.354212760696292
2.5 2.75 9 10 -486.0131454204434 1.212826138780794
2.5 2.75 10 11 -344.4070383971227 1.092129975334003
2.5 2.75 11 12 -240.3047140435597 0.9886844099190492
2.5 2.75 12 13 -162.8918114657974 0.8992379674731585
2.5 2.75 13 14 -104.8027053437136 0.8213275055017492
2.5 2.75 14 15 -60.91482086638075 0.7530052263360372
2.5 2.75 15 16 -27.60136342678334 0.6927196403165548
2.5 2.75 16 17 -2.252426089523624 0.6392244841455064
2.5 2.75 17 18 17.0379224211606 0.5915099422887653
2.5 2.75 18 19 31.68001375623999 0.5487507828519192
2.5 2.75 19 20 42.72986827222303 0.5102670874543286
2.5 2.75 20 21 50.98662444665592 0.4754943187888106
2.5 2.75 21 22 57.06078243179252 0.4439603251594573
2.5 2.75 22 23 61.42269869736674 0.4152675282573383
2.5 2.75 23 24 64.43750675396529 0.3890790104594813
2.5 2.75 24 25 66.39057187640651 0.3651075587569328
2.5 2.75 25 26 67.50625484790999 0.3431069691950741
2.5 2.75 26 27 67.96188691220038 0.3228650926210551
2.5 2.75 27 28 67.8982773984909 0.3041982334748307
2.5 2.75 28 29 67.42768384308238 0.2869466066272
2.5 2.75 29 30 66.63990641584911 0.2709706290595252
2.5 2.75 30 31 65.6069830697632 0.2561478740043007
2.5 2.75 31 32 64.3868317738997 0.2423705546477327
2.5 2.75 32 33 63.02609409128979 0.2295434338557215
2.5 2.75 33 34 61.56236844267255 0.2175820785024303
2.5 2.75 34 35 60.02597372137791 0.2064113947323547
2.5 2.75 35 36 58.44134915304033 0.1959643927548482
2.5 2.75 36 37 56.82817067626559 0.1861811407242111
2.5 2.75 37 38 55.20224518753383 0.1770078753840279
2.5 2.75 38 39 53.57622975330543 0.168396241805808
2.5 2.75 39 40 51.96021220210855 0.1603026426346067
2.5 2.75 40 41 50.36218151730296 0.1526876774780416
2.5 2.75 41 42 48.78841006481329 0.145515659292916
2.5 2.75 42 43 47.24376517295943 0.1387541951246531
2.5 2.75 43 44 45.73196377389561 0.1323738224641138
2.5 2.75 44 45 44.25578101190092 0.1263476911778522
2.5 2.75 45 46 42.81621691827939 0.1208729079167307
2.5 2.75 46 47 41.41653621418627 0.1167622554258232
2.5 2.75 47 48 40.0565891518531 0.1141295186238898
2.5 2.75 48 49 38.73682409677664 0.1129185810453253
2.5 2.75 49 50 37.45715973624922 0.1123219324059153
2.75 3 0 1 2116.838899142376 2.153736072430798
2.75 3 1 2 -4760.298243574982 3.685988236516632
2.75 3 2 3 -5315.236190558525 5.681414898919142
2.75 3 3 4 -3764.897091536768 4.955757558558972
2.75 3 4 5 -2576.904906250941 4.161097686943775
2.75 3 5 6 -1771.727950849326 3.511564022873095
2.75 3 6 7 -1229.920634548901 2.99804964039244
2.75 3 7 8 -860.1918132567171 2.589715721695103
2.75 3 8 9 -603.1968361257614 2.260762002539587
2.75 3 9 10 -421.339442302736 1.991010458588958
2.75 3 10 11 -290.5937109966012 1.768212066876813
2.75 3 11 12 -195.2332398658518 1.580562726050926
2.75 3 12 13 -124.984409021941 1.421393755414849
2.75 3 13 14 -72.78131581136131 1.284951268089389
2.75 3 14 15 -33.75937558327951 1.166978369700463
2.75 3 15 16 -4.492593071138344 1.064189906871246
2.75 3 16 17 17.47206920647159 0.9740157437688586
2.75 3 17 18 33.9172842465639 0.8944197542704038
2.75 3 18 19 46.15589006890877 0.8237702636395758
2.75 3 19 20 55.16625817053477 0.76074593859169
2.75 3 20 21 61.68525851457969 0.7042664598013524
2.75 3 21 22 66.27312468418575 0.6534407726864245
2.75 3 22 23 69.35937794492429 0.6075279807597801
2.75 3 23 24 71.27577936754847 0.5659074526785793
2.75 3 24 25 72.28026649805611 0.5280557273186991
2.75 3 25 26 72.57453826286337 0.4935284933910222
2.75 3 26 27 72.31710816032898 0.4619463989463771
2.75 3 27 28 71.63308630449609 0.4329837792365217
2.75 3 28 29 70.62157472030054 0.4063596320426598
2.75 3 29 30 69.36130358218583 0.3818303369440826
2.75 3 30 31 67.91495902369451 0.3591837409278948
2.75 3 31 32 66.33252923869242 0.3382343213639652
2.75 3 32 33 64.6539080864157 0.3188192066761283
2.75 3 33 34 62.91093292879896 0.3007948823538892
2.75 3 34 35 61.12898834991495 0.2840344502803162
2.75 3 35 36 59.32827460782312 0.268425335895086
2.75 3 36 37 57.52481556714571 0.2538673610176763
2.75 3 37 38 55.73126307871343 0.2402711166047313
2.75 3 38 39 53.95754144583543 0.2275565819647817
2.75 3 39 40 52.21136561376235 0.2156519495930637
2.75 3 40 41 50.4986592863477 0.2044926196238346
2.75 3 41 42 48.82389321399538 0.1940203369585447
2.75 3 42 43 47.19035972110166 0.1841824482443005
2.75 3 43 44 45.60039600760118 0.1749312594080246
2.75 3 44 45 44.05556617204417 0.1662234786147629
2.75 3 45 46 42.55585002581347 0.1581747588444674
2.75 3 46 47 41.10348564645059 0.151338613325677
2.75 3 47 48 39.69754098325546 0.1457942532261652
2.75 3 48 49 38.33773363009746 0.1415155001988367
2.75 3 49 50 37.02333437461942 0.1379348684424202
3 3.25 0 1 1437.999962278459 1.327004455631819
3 3.25 1 2 -5126.032419939954 8.625581972191137
3 3.25 2 3 -5088.739918108689 9.686402423083253
3 3.25 3 4 -3500.379351230322 8.002505927275962
3 3.25 4 5 -2347.484444575679 6.545495841766051
3 3.25 5 6 -1584.491736185215 5.431866566490796
3 3.25 6 7 -1079.26567434945 4.581010914667123
3 3.25 7 8 -739.0135926322205 3.9190831877673
3 3.25 8 9 -505.3077886451661 3.39393942405805
3 3.25 9 10 -341.8009719641952 2.969381430042191
3 3.25 10 11 -225.5720680301968 2.620770407287612
3 3.25 11 12 -141.8256288092091 2.330576976261504
3 3.25 12 13 -80.89559247917236 2.085918655581442
3 3.25 13 14 -36.24000776147341 1.877503128575735
3 3.25 14 15 -3.375767464404817 1.698302915521212
3 3.25 15 16 20.83310875383859 1.542951705611853
3 3.25 16 17 38.61744275231217 1.40728873495049
3 3.25 17 18 51.58816388620392 1.288043349581914
3 3.25 18 19 60.92420778322889 1.182612525736462
3 3.25 19 20 67.49865353348127 1.088901225323852
3 3.25 20 21 71.96490043847086 1.00520600607752
3 3.25 21 22 74.81650217209824 0.9301289199383539
3 3.25 22 23 76.42933011356081 0.8625129574465936
3 3.25 23 24 77.09168956091457 0.8013930464410703
3 3.25 24 25 77.0260992712756 0.7459584316937105
3 3.25 25 26 76.40522173903628 0.6955234879804765
3 3.25 26 27 75.36363697491242 0.6495048544390283
3 3.25 27 28 74.00662769859605 0.6074033597834235
3 3.25 28 29 72.41679231383245 0.5687896135934726
3 3.25 29 30 70.65906300692944 0.5332924307423224
3 3.25 30 31 68.78454199541193 0.5005894635390172
3 3.25 31 32 66.83345436411321 0.4703995687005058
3 3.25 32 33 64.83743525106661 0.4424765480496303
3 3.25 33 34 62.82131172435237 0.4166039848764863
3 3.25 34 35 60.80449840150334 0.3925909597681899
3 3.25 35 36 58.80209589725547 0.3702684775223175
3 3.25 36 37 56.82575924677045 0.3494864718431223
3 3.25 37 38 54.88438730776727 0.330111282537536
3 3.25 38 39 52.9846720780713 0.3120235210012799
3 3.25 39 40 51.13153784686443 0.2951162567930328
3 3.25 40 41 49.32849340201898 0.2792934703015275
3 3.25 41 42 47.57791517834494 0.2644687278920735
3 3.25 42 43 45.88127548451885 0.2505640428575199
3 3.25 43 44 44.23932681398668 0.2375088931257231
3 3.25 44 45 42.65225092567783 0.2252393710815777
3 3.25 45 46 41.11888209412939 0.2138006772616133
3 3.25 46 47 39.6402760611679 0.2035333126492332
3 3.25 47 48 38.21463799440448 0.1944679722263001
3 3.25 48 49 36.84087355774723 0.1865730520916153
3 3.25 49 50 35.51753835172805 0.1794571476589207
3.25 3.5 0 1 725.600643571919 0.4561993411310589
3.25 3.5 1 2 -5301.583839768977 19.09265796562917
3.25 3.5 2 3 -4677.743885054204 15.60093151163677
3.25 3.5 3 4 -3104.895329890214 11.89485873773826
3.25 3.5 4 5 -2027.832788028863 9.326843129565361
3.25 3.5 5 6 -1335.153406544092 7.524593340195308
3.25 3.5 6 7 -885.6856040930634 6.212345680542933
3.25 3.5 7 8 -588.0957375886519 5.223940361046773
3.25 3.5 8 9 -386.8903296871463 4.45817457449602
3.25 3.5 9 10 -248.2540097213071 3.850827331977342
3.25 3.5 10 11 -151.1686247610942 3.359775999750912
3.25 3.5 11 12 -82.4179051172116 2.956161180098909
3.25 3.5 12 13 -33.32567869409218 2.619884102544964
3.25 3.5 13 14 1.944062408919763 2.336313118511829
3.25 3.5 14 15 27.2865714956024 2.09472737854301
3.25 3.5 15 16 45.42357221057875 1.887049744265948
3.25 3.5 16 17 58.27476851216215 1.707098666452447
3.25 3.5 17 18 67.21483519439221 1.550070017545842
3.25 3.5 18 19 73.24139854921191 1.412178710401685
3.25 3.5 19 20 77.08700910672326 1.290405768756678
3.25 3.5 20 21 79.29513691290003 1.182316550161303
3.25 3.5 21 22 80.27260571139163 1.085927948181773
3.25 3.5 22 23 80.32631869317152 0.9996099263213714
3.25 3.5 23 24 79.68933667604182 0.9220115160391047
3.25 3.5 24 25 78.53962855513754 0.8520045107340747
3.25 3.5 25 26 77.01370760801717 0.7886401373418135
3.25 3.5 26 27 75.21665236843199 0.7311153659484767
3.25 3.5 27 28 73.22954105601519 0.6787464610971593
3.25 3.5 28 29 71.1150154331724 0.6309480327831344
3.25 3.5 29 30 68.92147803627762 0.5872163066352093
3.25 3.5 30 31 66.68628168847448 0.5471156600991967
3.25 3.5 31 32 64.43816947944009 0.5102677096404726
3.25 3.5 32 33 62.19915277857808 0.4763424060820469
3.25 3.5 33 34 59.98596479292215 0.4450507227213329
3.25 3.5 34 35 57.81119132114824 0.4161386161792385
3.25 3.5 35 36 55.68415444392417 0.3893820102700893
3.25 3.5 36 37 53.61160598620424 0.3645826083562901
3.25 3.5 37 38 51.59827373319504 0.3415643795966887
3.25 3.5 38 39 49.64729306768203 0.320170597159433
3.25 3.5 39 40 47.76054901467106 0.3002613305568582
3.25 3.5 40 41 45.93894800260847 0.2817113135493401
3.25 3.5 41 42 44.18263414024793 0.264408124248968
3.25 3.5 42 43 42.49116164786358 0.2482506257631626
3.25 3.5 43 44 40.86363247329848 0.2331476252004387
3.25 3.5 44 45 39.29880616515626 0.2190167167779823
3.25 3.5 45 46 37.7943814470289 0.2058758097007928
3.25 3.5 46 47 36.35017016774091 0.1940145695903094
3.25 3.5 47 48 34.96355555504279 0.1834533494526183
3.25 3.5 48 49 33.63265322098582 0.1741593545444834
3.25 3.5 49 50 32.35533467226664 0.1657727566621904
3.5 3.75 0 1 62.23215705216779 1.77956839047863
3.5 3.75 1 2 -5096.185550736457 25.6263005732394
3.5 3.75 2 3 -4001.06156859667 17.43049012972826
3.5 3.75 3 4 -2545.373151315603 12.48482247720007
3.5 3.75 4 5 -1607.446514003253 9.445116374511285
3.5 3.75 5 6 -1023.934809835094 7.4320257067051
3.5 3.75 6 7 -654.4755468451169 6.018271286987246
3.5 3.75 7 8 -415.0048142830858 4.980344409334399
3.5 3.75 8 9 -256.3465894445187 4.191769576152148
3.5 3.75 9 10 -149.2500512711058 3.576400463185027
3.5 3.75 10 11 -75.87280136453546 3.084930836133602
3.5 3.75 11 12 -24.86379314477108 2.686145138010784
3.5 3.75 12 13 10.50985411847091 2.35736191808655
3.5 3.75 13 14 34.92563745797077 2.082139735818717
3.5 3.75 14 15 51.89982154329118 1.849839736462913
3.5 3.75 15 16 63.44524925483654 1.651685426423863
3.5 3.75 16 17 71.07420352794907 1.481224244562802
3.5 3.75 17 18 75.8577613481857 1.333487659273931
3.5 3.75 18 19 78.56456700550291 1.204593464695298
3.5 3.75 19 20 79.7525452514069 1.091468487931065
3.5 3.75 20 21 79.83064195354603 0.9916514250658445
3.5 3.75 21 22 79.10109092030689 0.9031501706312863
3.5 3.75 22 23 77.78879355149695 0.8243369362622444
3.5 3.75 23 24 76.06202492689368 0.753870039423773
3.5 3.75 24 25 74.04721126591835 0.6906348175891492
3.5 3.75 25 26 71.83959705456977 0.6336984580251444
3.5 3.75 26 27 69.51102522956825 0.5822750878060831
3.5 3.75 27 28 67.11566531294113 0.5356985222605121
3.5 3.75 28 29 64.69426693288437 0.4934007936611626
3.5 3.75 29 30 62.2773428915437 0.454895089032162
3.5 3.75 30 31 59.88756798977431 0.4197620830467499
3.5 3.75 31 32 57.54159834188624 0.3876389091556771
3.5 3.75 32 33 55.25145908102573 0.3582101981134506
3.5 3.75 33 34 53.02560827626914 0.3312007486627175
3.5 3.75 34 35 50.86975631859463 0.3063694972459698
3.5 3.75 35 36 48.78749948770462 0.2835045276409652
3.5 3.75 36 37 46.7808115056182 0.2624189194682549
3.5 3.75 37 38 44.85042601066772 0.2429472769351619
3.5 3.75 38 39 42.99613483032832 0.2249428125211271
3.5 3.75 39 40 41.21702096417002 0.2082748860613649
3.5 3.75 40 41 39.51164080276838 0.1928269193503758
3.5 3.75 41 42 37.87816664111642 0.1784946219049411
3.5 3.75 42 43 36.31449811909518 0.1651844758025406
3.5 3.75 43 44 34.81834925685573 0.1528124378504992
3.5 3.75 44 45 33.38731624971459 0.1413028233830676
3.5 3.75 45 46 32.01825573249189 0.1307023915987614
3.5 3.75 46 47 30.70990092691486 0.1214042055966492
3.5 3.75 47 48 29.45909196207555 0.1134769759263023
3.5 3.75 48 49 28.26338293876091 0.1069180276091208
3.5 3.75 49 50 27.12018540460284 0.1013051216010571
3.75 4 0 1 -436.3892764264845 2.022561215898398
3.75 4 1 2 -4362.064572332973 29.94641606735147
3.75 4 2 3 -3036.770236139517 14.43385424754598
3.75 4 3 4 -1831.36924074929 8.665699483124707
3.75 4 4 5 -1105.00405286409 5.78222856430142
3.75 4 5 6 -671.1863165643449 4.107462977855593
3.75 4 6 7 -405.0000152022017 3.040344428566959
3.75 4 7 8 -237.2485329939511 2.316145014097658
3.75 4 8 9 -129.0904434428626 1.801335533780791
3.75 4 9 10 -58.12024016534201 1.422302049564297
3.75 4 10 11 -11.08438725380972 1.137383960466542
3.75 4 11 12 20.29636456278865 0.9236514934852881
3.75 4 12 13 41.20583703253271 0.7414163088889598
3.75 4 13 14 54.85926275388874 0.5970619364726373
3.75 4 14 15 63.71502812718029 0.5085790503655195
3.75 4 15 16 68.94082554472584 0.4090234332225124
3.75 4 16 17 71.80097379678824 0.3374371015230571
3.75 4 17 18 72.94692687017783 0.279769572255212
3.75 4 18 19 72.88504717414742 0.2337535418637642
3.75 4 19 20 71.97667750294562 0.2128492250912043
3.75 4 20 21 70.48187048157246 0.1977156276749908
3.75 4 21 22 68.58901962991439 0.1839645334996809
3.75 4 22 23 66.43524837938338 0.1714322059620081
3.75 4 23 24 64.12063532710016 0.1599788353215706
3.75 4 24 25 61.71826364625062 0.1494844298225233
3.75 4 25 26 59.28140057536515 0.1398455061846006
3.75 4 26 27 56.8486785928356 0.1309724083734643
3.75 4 27 28 54.44786845347042 0.1280259589267232
3.75 4 28 29 52.09864914366111 0.1306256613400849
3.75 4 29 30 49.8146561088918 0.1333938818294337
3.75 4 30 31 47.60500549523289 0.1361022601034825
3.75 4 31 32 45.47543478061803 0.1386146939374556
3.75 4 32 33 43.42916043067541 0.1408559455549083
3.75 4 33 34 41.46752537585658 0.1427899681888197
3.75 4 34 35 39.59048939925323 0.1444054332033363
3.75 4 35 36 37.79700144635426 0.1457062342718411
3.75 4 36 37 36.08528272251772 0.1467053165716045
3.75 4 37 38 34.45304209618374 0.1474206943994882
3.75 4 38 39 32.89763991719792 0.1478728988804742
3.75 4 39 40 31.41621238404788 0.1480833595904675
3.75 4 40 41 30.00576569570222 0.1480733953278368
3.75 4 41 42 28.66324694123151 0.1478636031395755
3.75 4 42 43 27.3855971008979 0.1474735062699398
3.75 4 43 44 26.1697902713074 0.1469213710948751
3.75 4 44 45 25.01286224890674 0.1462241321481105
3.75 4 45 46 23.91143036085206 0.1454688172655474
3.75 4 46 47 22.86359045687701 0.1449164712352365
3.75 4 47 48 21.86616701754841 0.1445799081651987
3.75 4 48 49 20.91660299088712 0.1444298794910574
3.75 4 49 50 20.01227875773807 0.1442533892744972
4 5 0 1 -1217.21934810821 3.835714732683571
4 5 1 2 -4896.830562494333 10.74344333655416
4 5 2 3 -2801.645190357124 6.830787098275125
4 5 3 4 -1463.024348605344 4.84417667076691
4 5 4 5 -755.1607818565435 3.534664763938603
4 5 5 6 -375.7005747173312 2.675685283931798
4 5 6 7 -163.9246725758076 2.132758093800412
4 5 7 8 -42.39206155581974 1.764228557450513
4 5 8 9 28.33976715200652 1.490595833787129
4 5 9 10 69.42795571198747 1.275919514940925
4 5 10 11 92.70003574970247 1.10676261777932
4 5 11 12 105.0619253840177 0.9717104670392026
4 5 12 13 110.6488216813102 0.8587620725962468
4 5 13 14 111.9827162062038 0.7620551960345986
4 5 14 15 110.6457073867767 0.6803138721876951
4 5 15 16 107.6575277882251 0.6112110531664576
4 5 16 17 103.6848784670903 0.5518272642014435
4 5 17 18 99.16308693793349 0.4997863413474134
4 5 18 19 94.37614319303577 0.453763026389192
4 5 19 20 89.50995247960401 0.4130409937149045
4 5 20 21 84.68624958262245 0.3770132140050984
4 5 21 22 79.98370164391048 0.3450300372057954
4 5 22 23 75.45144214322971 0.3164667958952642
4 5 23 24 71.11825097086509 0.2908047925034654
4 5 24 25 66.99900484675496 0.2676478337417262
4 5 25 26 63.0992169864526 0.24669298435162
4 5 26 27 59.41818327795372 0.2276937168315014
4 5 27 28 55.95113348446205 0.2104357368404219
4 5 28 29 52.69069833294552 0.1947270286215487
4 5 29 30 49.62791724586079 0.1803959218162015
4 5 30 31 46.75293741625811 0.1672913286537905
4 5 31 32 44.05550109544436 0.155282226265564
4 5 32 33 41.52528355897479 0.1442558318599091
4 5 33 34 39.15212364202021 0.1341149943553851
4 5 34 35 36.92617639668262 0.124775481126987
4 5 35 36 34.83800949497326 0.1161635991824802
4 5 36 37 32.87865944181301 0.1082143116430356
4 5 37 38 31.0396595043173 0.1008698255831289
4 5 38 39 29.31304806542511 0.09407854712394263
4 5 39 40 27.69136368279555 0.08779428918137974
4 5 40 41 26.16763137687503 0.08197564353576522
4 5 41 42 24.73534329027095 0.0765854543862609
4 5 42 43 23.38843596444568 0.07159035965241409
4 5 43 44 22.12126582044129 0.06696038145268401
4 5 44 45 20.92858390088617 0.06266855658705374
4 5 45 46 19.80501423865515 0.05913610467696866
4 5 46 47 18.74667265544891 0.05796000941906925
4 5 47 48 17.74888953714766 0.05939328181360415
4 5 48 49 16.80779356021867 0.06330588978314802
4 5 49 50 15.91938814810257 0.06755052734173486
-5 5 0 50 -548675.8771823689 98.09534959631254
