#ylo yhi qTlo qThi PDF0  uncertainty
-5 -4 0 1 -1213.499755568344 4.105943461312398
-5 -4 1 2 -4883.020201014216 10.79424990682679
-5 -4 2 3 -2793.11280410396 6.629148774628098
-5 -4 3 4 -1456.161348202313 4.600569657971629
-5 -4 4 5 -749.4761684520424 3.301274046938017
-5 -4 5 6 -371.1130651556782 2.483883688854519
-5 -4 6 7 -160.2727805950833 1.981984421311997
-5 -4 7 8 -39.49968844897785 1.644235109958466
-5 -4 8 9 30.63138237794374 1.391998030049774
-5 -4 9 10 71.24714039483956 1.192308758749757
-5 -4 10 11 94.14803632734765 1.035060224751468
-5 -4 11 12 106.2165312188296 0.9098040165916497
-5 -4 12 13 111.5695412855326 0.8043196803746111
-5 -4 13 14 112.7154624562725 0.7132737616638259
-5 -4 14 15 111.2262716094799 0.6362909468543019
-5 -4 15 16 108.1140014682686 0.5713589574696162
-5 -4 16 17 104.0395030113161 0.5155904998127464
-5 -4 17 18 99.43365026882367 0.4666254893102759
-5 -4 18 19 94.57701329070659 0.4232379105854079
-5 -4 19 20 89.65282997238643 0.3848326193198504
-5 -4 20 21 84.78072405446801 0.3508874403241553
-5 -4 21 22 80.03767560841203 0.3207957224275709
-5 -4 22 23 75.47146158173439 0.2939544913352867
-5 -4 23 24 71.10976523834881 0.2698626371885126
-5 -4 24 25 66.96657140476992 0.2481430842675383
-5 -4 25 26 63.04666314862064 0.2285122124256452
-5 -4 26 27 59.34873486708665 0.2107404779055412
-5 -4 27 28 55.8675181156492 0.1946270964770983
-5 -4 28 29 52.59522907931708 0.1799903763364682
-5 -4 29 30 49.52256090859284 0.1666666944898927
-5 -4 30 31 46.63937052977741 0.1545116074502526
-5 -4 31 32 43.93515605533615 0.1433999034168043
-5 -4 32 33 41.3993867459067 0.1332240527294027
-5 -4 33 34 39.02172703411664 0.1238916919843107
-5 -4 34 35 36.79218387436745 0.1153229250822236
-5 -4 35 36 34.70119880602664 0.1074479472160293
-5 -4 36 37 32.73970060861259 0.1002051764484919
-5 -4 37 38 30.89913030204482 0.09353987267141203
-5 -4 38 39 29.17144708019911 0.08740313140013553
-5 -4 39 40 27.54912136153632 0.08175113111496823
-5 -4 40 41 26.02511940515723 0.07654453871524919
-5 -4 41 42 24.59288257245844 0.07174800866639473
-5 -4 42 43 23.24630343232066 0.06759938194748738
-5 -4 43 44 21.97970025649391 0.06376225887235139
-5 -4 44 45 20.78779093082898 0.06013383523277244
-5 -4 45 46 19.66517186585718 0.05719520928080594
-5 -4 46 47 18.60793699798331 0.05670593932343218
-5 -4 47 48 17.61139533679963 0.05862887333958252
-5 -4 48 49 16.67165578156758 0.06242749873837748
-5 -4 49 50 15.7847113537498 0.06656599081715485
-4 -3.75 0 1 -431.4262101143849 2.008668601331328
-4 -3.75 1 2 -4358.318334133639 31.44538473727811
-4 -3.75 2 3 -3036.336918910475 15.36038900964827
-4 -3.75 3 4 -1831.175054931794 9.301415167443533
-4 -3.75 4 5 -1104.946450630697 6.248789963618708
-4 -3.75 5 6 -671.249358619282 4.465287568349823
-4 -3.75 6 7 -405.1324554690686 3.323322806864744
-4 -3.75 7 8 -237.4125267756986 2.544992059644518
-4 -3.75 8 9 -129.2647695755959 1.989565033345789
-4 -3.75 9 10 -58.29478440612843 1.579113789042034
-4 -3.75 10 11 -11.25675517044897 1.269118162751694
-4 -3.75 11 12 20.13469700026235 1.03240358066363
-4 -3.75 12 13 41.03290550279814 0.8392744030370722
-4 -3.75 13 14 54.71298266901965 0.687110361649784
-4 -3.75 14 15 63.53685010208017 0.566053986237144
-4 -3.75 15 16 68.78022773539124 0.4672697901455428
-4 -3.75 16 17 71.641169553559 0.3863005920389794
-4 -3.75 17 18 72.78776277073456 0.3200762598620129
-4 -3.75 18 19 72.72649849883226 0.2660779032026039
-4 -3.75 19 20 71.81880847427863 0.2224515718266713
-4 -3.75 20 21 70.32480081643155 0.1969831234974591
-4 -3.75 21 22 68.43289876251532 0.1832843498992528
-4 -3.75 22 23 66.28023682636223 0.1707995919573093
-4 -3.75 23 24 63.9668919814527 0.1593895902762097
-4 -3.75 24 25 61.56593767118838 0.1489348253625949
-4 -3.75 25 26 59.13062669783628 0.1393322211466146
-4 -3.75 26 27 56.69957480844718 0.1304924741035766
-4 -3.75 27 28 54.30053537283956 0.1223378773492887
-4 -3.75 28 29 51.95317040315263 0.1197288032116053
-4 -3.75 29 30 49.67109942820662 0.122714927668085
-4 -3.75 30 31 47.46342408757846 0.1258988481820447
-4 -3.75 31 32 45.33586891427416 0.1290353251352977
-4 -3.75 32 33 43.29163901099687 0.1319771599230112
-4 -3.75 33 34 41.33206746423876 0.1346420214549913
-4 -3.75 34 35 39.45710562200996 0.1369894046542855
-4 -3.75 35 36 37.66569526906311 0.13900523098541
-4 -3.75 36 37 35.95605158163178 0.1406917543460697
-4 -3.75 37 38 34.32587838965021 0.142061010380064
-4 -3.75 38 39 32.77253186207886 0.1431305904247435
-4 -3.75 39 40 31.29314475231492 0.1439209323177305
-4 -3.75 40 41 29.88472044068818 0.1444535972416471
-4 -3.75 41 42 28.54420372801034 0.1447501904044584
-4 -3.75 42 43 27.26853375302528 0.1448317007386408
-4 -3.75 43 44 26.05468314577247 0.144718114961644
-4 -3.75 44 45 24.89968654911767 0.1444282091663477
-4 -3.75 45 46 23.8001602175407 0.1440509573086328
-4 -3.75 46 47 22.75420200010683 0.1438483757488329
-4 -3.75 47 48 21.75863550343013 0.1438329736526718
-4 -3.75 48 49 20.81090315450455 0.1439757031547771
-4 -3.75 49 50 19.90838782711192 0.1440654289988873
-3.75 -3.5 0 1 75.33849376267079 1.763500008642446
-3.75 -3.5 1 2 -5078.29794285183 25.944246683843
-3.75 -3.5 2 3 -4000.090084300908 17.85534486767397
-3.75 -3.5 3 4 -2547.018604539456 12.84854606158118
-3.75 -3.5 4 5 -1609.321418570769 9.74792194326165
-3.75 -3.5 5 6 -1025.621927687301 7.68617463061126
-3.75 -3.5 6 7 -655.8905456957903 6.234397997792599
-3.75 -3.5 7 8 -416.1582643662177 5.166480050826551
-3.75 -3.5 8 9 -257.2788257781842 4.353870674055802
-3.75 -3.5 9 10 -150.0065678628389 3.718894110497393
-3.75 -3.5 10 11 -76.49209765395517 3.211292475625539
-3.75 -3.5 11 12 -25.33069372279374 2.799391855834179
-3.75 -3.5 12 13 10.1568758507849 2.458499110900208
-3.75 -3.5 13 14 34.61195647965371 2.173791451745176
-3.75 -3.5 14 15 51.64357801261485 1.933053483741444
-3.75 -3.5 15 16 63.23456987851637 1.727561768498006
-3.75 -3.5 16 17 70.89984155376669 1.550674651059701
-3.75 -3.5 17 18 75.71250344701718 1.397274335143572
-3.75 -3.5 18 19 78.44276630872196 1.263359392438155
-3.75 -3.5 19 20 79.64975949858683 1.145760394209532
-3.75 -3.5 20 21 79.74335577867436 1.041937556454521
-3.75 -3.5 21 22 79.02650390241928 0.9498342092355807
-3.75 -3.5 22 23 77.72465890343727 0.8677690080257969
-3.75 -3.5 23 24 76.0065268035616 0.7943555071065124
-3.75 -3.5 24 25 73.99887134907306 0.7284413670212371
-3.75 -3.5 25 26 71.79720325089721 0.6690618562407589
-3.75 -3.5 26 27 69.4735770452732 0.6154038980745643
-3.75 -3.5 27 28 67.08233180132902 0.5667779922429855
-3.75 -3.5 28 29 64.66435413075385 0.5225960832814356
-3.75 -3.5 29 30 62.25026843336207 0.4823539664625052
-3.75 -3.5 30 31 59.86284116891093 0.4456171897065364
-3.75 -3.5 31 32 57.51880432185513 0.412009672784343
-3.75 -3.5 32 33 55.23024628604298 0.3812044566444649
-3.75 -3.5 33 34 53.00567823123069 0.3529161353116642
-3.75 -3.5 34 35 50.85085538972444 0.3268946269581602
-3.75 -3.5 35 36 48.7694121086908 0.3029200176182256
-3.75 -3.5 36 37 46.76335457524198 0.2807982703470332
-3.75 -3.5 37 38 44.83344422195805 0.2603576361343716
-3.75 -3.5 38 39 42.97949674680615 0.2414456378845682
-3.75 -3.5 39 40 41.20061570166484 0.2239265243307419
-3.75 -3.5 40 41 39.49537520676836 0.2076791115671278
-3.75 -3.5 41 42 37.86196287120806 0.1925949459437663
-3.75 -3.5 42 43 36.29829157461097 0.178576734594486
-3.75 -3.5 43 44 34.80208678638949 0.1655369999255389
-3.75 -3.5 44 45 33.37095460181912 0.1533969217759158
-3.75 -3.5 45 46 32.00175964282728 0.1421904523266374
-3.75 -3.5 46 47 30.69324527827557 0.1322673610558233
-3.75 -3.5 47 48 29.44225733111868 0.1236807483183616
-3.75 -3.5 48 49 28.24635524658002 0.1164211578192657
-3.75 -3.5 49 50 27.10295697622793 0.110098515833057
-3.5 -3.25 0 1 744.0848474346255 0.456923397996306
-3.5 -3.25 1 2 -5263.906617035971 18.16702273771657
-3.5 -3.25 2 3 -4670.360679904761 15.1708147082258
-3.5 -3.25 3 4 -3104.740024711943 11.64450221858961
-3.5 -3.25 4 5 -2029.452740926848 9.164979691400944
-3.5 -3.25 5 6 -1337.12116640864 7.413449398189448
-3.5 -3.25 6 7 -887.5443695607983 6.133110275688765
-3.5 -3.25 7 8 -589.7134458020155 5.16608879211742
-3.5 -3.25 8 9 -388.2546048677912 4.415371631428592
-3.5 -3.25 9 10 -249.394542615312 3.818854418721645
-3.5 -3.25 10 11 -152.0791845392641 3.335870795594608
-3.5 -3.25 11 12 -83.13940196218982 2.938601242307195
-3.5 -3.25 12 13 -33.93165695756966 2.607063083374303
-3.5 -3.25 13 14 1.453890075126765 2.327270095419325
-3.5 -3.25 14 15 26.89176004727233 2.08868998721542
-3.5 -3.25 15 16 45.10747451782129 1.883426317440165
-3.5 -3.25 16 17 58.02389103229314 1.705429070354188
-3.5 -3.25 17 18 67.0182409803748 1.549991692882982
-3.5 -3.25 18 19 73.0901972047252 1.413402690361164
-3.5 -3.25 19 20 76.97393891548177 1.292699409701739
-3.5 -3.25 20 21 79.21423048588758 1.185490879416027
-3.5 -3.25 21 22 80.21892607297161 1.089828250292146
-3.5 -3.25 22 23 80.2957524993783 1.004108641162921
-3.5 -3.25 23 24 79.67843270633597 0.9270028136117676
-3.5 -3.25 24 25 78.5454715753566 0.8574000993900043
-3.5 -3.25 25 26 77.03381962834692 0.7943659913694797
-3.5 -3.25 26 27 75.2489150195907 0.7371091466747784
-3.5 -3.25 27 28 73.27213421449829 0.6849554666696683
-3.5 -3.25 28 29 71.16636835368803 0.6373275552586699
-3.5 -3.25 29 30 68.98023013209297 0.5937283056478885
-3.5 -3.25 30 31 66.75125078462986 0.5537276848028985
-3.5 -3.25 31 32 64.50832588267247 0.516952016838504
-3.5 -3.25 32 33 62.27359790590918 0.4830752345281655
-3.5 -3.25 33 34 60.06391339797975 0.4518116927274416
-3.5 -3.25 34 35 57.89195658601548 0.4229102301731142
-3.5 -3.25 35 36 55.76713537343599 0.3961492355952883
-3.5 -3.25 36 37 53.69627666730764 0.3713325268027506
-3.5 -3.25 37 38 51.68417412422764 0.3482858921763544
-3.5 -3.25 38 39 49.73402105004257 0.3268541739713203
-3.5 -3.25 39 40 47.84775349924755 0.30689879845448
-3.5 -3.25 40 41 46.0263229230448 0.2882956750051511
-3.5 -3.25 41 42 44.26991319865621 0.2709334023906354
-3.5 -3.25 42 43 42.57811370438787 0.2547117313572179
-3.5 -3.25 43 44 40.95005748862741 0.2395402422177642
-3.5 -3.25 44 45 39.38453162180264 0.2253372034012351
-3.5 -3.25 45 46 37.87925953319539 0.2121180499643026
-3.5 -3.25 46 47 36.43407510483429 0.2001602950999013
-3.5 -3.25 47 48 35.04638098958669 0.1894801482271391
-3.5 -3.25 48 49 33.71430956850342 0.180042658877978
-3.5 -3.25 49 50 32.43574818611326 0.1714979473985986
-3.25 -3 0 1 1454.305272799006 1.622630635975159
-3.25 -3 1 2 -5081.45856568928 7.706215600289223
-3.25 -3 2 3 -5077.59584390709 9.081269443266041
-3.25 -3 3 4 -3498.750531557135 7.576180668868854
-3.25 -3 4 5 -2348.573948841078 6.22709826823987
-3.25 -3 5 6 -1586.302149538771 5.184118687167104
-3.25 -3 6 7 -1081.110206737773 4.382421701320467
-3.25 -3 7 8 -740.6664519802089 3.756290654625995
-3.25 -3 8 9 -506.7182391607546 3.258066520944072
-3.25 -3 9 10 -342.960566837917 2.854477976509594
-3.25 -3 10 11 -226.5067265540674 2.5226594637969
-3.25 -3 11 12 -142.5884258190324 2.24572487233721
-3.25 -3 12 13 -81.50503662444794 2.012060835507397
-3.25 -3 13 14 -36.72178378120861 1.812781760447743
-3.25 -3 14 15 -3.751425229037977 1.641260331652458
-3.25 -3 15 16 20.5458027492557 1.492426419607124
-3.25 -3 16 17 38.40395109162102 1.362342695519579
-3.25 -3 17 18 51.43660912887492 1.247909903217671
-3.25 -3 18 19 60.82486261025713 1.146658457056466
-3.25 -3 19 20 67.44351226331776 1.056598581698419
-3.25 -3 20 21 71.94733127212521 0.9761108573838921
-3.25 -3 21 22 74.8309705990481 0.9038651217279688
-3.25 -3 22 23 76.47118144460205 0.8387595814791341
-3.25 -3 23 24 77.1569789420073 0.7798745381208521
-3.25 -3 24 25 77.11145903844476 0.7264368222816131
-3.25 -3 25 26 76.50775775448767 0.6777921730932505
-3.25 -3 26 27 75.48084727951357 0.6333835803909901
-3.25 -3 27 28 74.13633827588382 0.5927341500876694
-3.25 -3 28 29 72.55710596033657 0.5554334346710874
-3.25 -3 29 30 70.80831825130673 0.5211264435834337
-3.25 -3 30 31 68.94127975167919 0.4895047436520008
-3.25 -3 31 32 66.99639056710515 0.4602992030522198
-3.25 -3 32 33 65.005438155023 0.4332740379109549
-3.25 -3 33 34 62.99338286580695 0.4082218979688369
-3.25 -3 34 35 60.97975647424477 0.3849597874429378
-3.25 -3 35 36 58.97976296392233 0.3633256610987937
-3.25 -3 36 37 57.00514885069472 0.3431755694926351
-3.25 -3 37 38 55.06489414669213 0.324381253252552
-3.25 -3 38 39 53.1657629787081 0.3068281072080678
-3.25 -3 39 40 51.31274383415268 0.2904134495709658
-3.25 -3 40 41 49.50940269917356 0.275045044805765
-3.25 -3 41 42 47.75816700749661 0.2606398383080701
-3.25 -3 42 43 46.06055455983903 0.2471228681955951
-3.25 -3 43 44 44.4173584394542 0.2344263265161239
-3.25 -3 44 45 42.82879662270417 0.2224887463938788
-3.25 -3 45 46 41.29373701687973 0.2113584271733704
-3.25 -3 46 47 39.81326256168242 0.2013807207971777
-3.25 -3 47 48 38.38560550407135 0.1925874230603984
-3.25 -3 48 49 37.00969430625172 0.1849470782801615
-3.25 -3 49 50 35.68410557405875 0.1780659531618139
-3 -2.75 0 1 2127.807101024439 2.143142794242646
-3 -2.75 1 2 -4720.882258159056 3.404112567193467
-3 -2.75 2 3 -5304.617166584697 5.40064850650902
-3 -2.75 3 4 -3763.38107871754 4.730511070629034
-3 -2.75 4 5 -2578.068755493441 3.980100605337391
-3 -2.75 5 6 -1773.575410753045 3.363361290344845
-3 -2.75 6 7 -1231.76298984844 2.87443759365314
-3 -2.75 7 8 -861.8099725419884 2.484961814889372
-3 -2.75 8 9 -604.5380483181875 2.170654365767177
-3 -2.75 9 10 -422.4301772389661 1.913020340588136
-3 -2.75 10 11 -291.454361519091 1.699769304679141
-3 -2.75 11 12 -195.9099701057971 1.52004245144121
-3 -2.75 12 13 -125.5066272381664 1.367534787720126
-3 -2.75 13 14 -73.17674701479154 1.236729168871479
-3 -2.75 14 15 -34.0508150023818 1.123573286088572
-3 -2.75 15 16 -4.698492513108476 1.024937036286751
-3 -2.75 16 17 17.33686930441786 0.9383696651653347
-3 -2.75 17 18 33.84085458238633 0.8619282805841318
-3 -2.75 18 19 46.12860800813041 0.7940549604179061
-3 -2.75 19 20 55.18031257432142 0.7334873935685865
-3 -2.75 20 21 61.73425624072752 0.6791929942761741
-3 -2.75 21 22 66.35178365735965 0.6303196835931152
-3 -2.75 22 23 69.46329046407629 0.5861586696110906
-3 -2.75 23 24 71.40123073504969 0.5461159789009504
-3 -2.75 24 25 72.42409638703009 0.5096904496137172
-3 -2.75 25 26 72.73403467371338 0.4764565515209878
-3 -2.75 26 27 72.48992601110979 0.4460508500379239
-3 -2.75 27 28 71.81718454535974 0.41816125040216
-3 -2.75 28 29 70.81516733430232 0.392518381692052
-3 -2.75 29 30 69.56282099800961 0.3688886440612407
-3 -2.75 30 31 68.12301734609457 0.3470685580537525
-3 -2.75 31 32 66.54590537645385 0.3268801423415582
-3 -2.75 32 33 64.87151935847925 0.3081671091659852
-3 -2.75 33 34 63.13182009965533 0.2907917145485365
-3 -2.75 34 35 61.35230132310437 0.2746321367211124
-3 -2.75 35 36 59.55326020525138 0.2595802822735465
-3 -2.75 36 37 57.75080697154181 0.2455399417695997
-3 -2.75 37 38 55.9576706216564 0.2324252318601331
-3 -2.75 38 39 54.18384450455065 0.220159273425015
-3 -2.75 39 40 52.43710543527411 0.2086730658344401
-3 -2.75 40 41 50.72343259891747 0.1979045236556294
-3 -2.75 41 42 49.04734651581782 0.1877976501773596
-3 -2.75 42 43 47.41218416140947 0.1783018250098322
-3 -2.75 43 44 45.82032278486056 0.1693711886147692
-3 -2.75 44 45 44.27336239494088 0.160964107898598
-3 -2.75 45 46 42.77131665724826 0.1532023674311734
-3 -2.75 46 47 41.31645022953029 0.1466581085750158
-3 -2.75 47 48 39.90785859229783 0.141413796918011
-3 -2.75 48 49 38.54528228305691 0.1374420654792161
-3 -2.75 49 50 37.22801341511513 0.1341586496941795
-2.75 -2.5 0 1 2743.936613575559 2.418655434150704
-2.75 -2.5 1 2 -4289.775609983064 1.099940547928437
-2.75 -2.5 2 3 -5419.528464520397 2.509110444288189
-2.75 -2.5 3 4 -3938.3943463451 2.492597545466915
-2.75 -2.5 4 5 -2740.849018652277 2.221536474354881
-2.75 -2.5 5 6 -1911.802140559796 1.947632090336467
-2.75 -2.5 6 7 -1346.272823857688 1.710083356544955
-2.75 -2.5 7 8 -956.1613534749381 1.510222265121703
-2.75 -2.5 8 9 -682.4218784907871 1.342769607790694
-2.75 -2.5 9 10 -486.9764099761092 1.201166286909818
-2.75 -2.5 10 11 -345.1630086795176 1.081219742887956
-2.75 -2.5 11 12 -240.8880935519876 0.978288432343666
-2.75 -2.5 12 13 -163.3350073016663 0.8893642918783746
-2.75 -2.5 13 14 -105.1327419708491 0.8119637141673848
-2.75 -2.5 14 15 -61.15352171473501 0.7441287895334115
-2.75 -2.5 15 16 -27.76606105007318 0.6843035410841632
-2.75 -2.5 16 17 -2.356783036586421 0.6312402928499555
-2.75 -2.5 17 18 16.98315087670494 0.5839294837346237
-2.75 -2.5 18 19 31.66633291305368 0.5415470130356347
-2.75 -2.5 19 20 42.75052212801154 0.5034145218818773
-2.75 -2.5 20 21 51.0361871614798 0.4689692051695742
-2.75 -2.5 21 22 57.13484485429399 0.4377406721027869
-2.75 -2.5 22 23 61.51763107592024 0.4093330543016936
-2.75 -2.5 23 24 64.55028072796324 0.3834110515364497
-2.75 -2.5 24 25 66.51862766526608 0.3596889564937056
-2.75 -2.5 25 26 67.64740238487559 0.3379219529401445
-2.75 -2.5 26 27 68.11423219469043 0.3178991626199199
-2.75 -2.5 27 28 68.06016740990344 0.2994380494818041
-2.75 -2.5 28 29 67.59766507194593 0.2823798835661703
-2.75 -2.5 29 30 66.81669328490096 0.2665860413004201
-2.75 -2.5 30 31 65.78943357588298 0.2519349676526148
-2.75 -2.5 31 32 64.57392837181823 0.2383196682090607
-2.75 -2.5 32 33 63.21692840343701 0.2256456260978662
-2.75 -2.5 33 34 61.75612877481177 0.2138290638646153
-2.75 -2.5 34 35 60.22193465697706 0.202795484768525
-2.75 -2.5 35 36 58.63886270657633 0.192478443461783
-2.75 -2.5 36 37 57.02665863936801 0.1828185054536322
-2.75 -2.5 37 38 55.40119240496648 0.1737623617599958
-2.75 -2.5 38 39 53.77517814474965 0.1652620736630578
-2.75 -2.5 39 40 52.15875539376168 0.1572744251206568
-2.75 -2.5 40 41 50.55995999177128 0.1497603657895587
-2.75 -2.5 41 42 48.98510675335214 0.1426845301694984
-2.75 -2.5 42 43 47.43910144065123 0.1360148217230447
-2.75 -2.5 43 44 45.92569575458415 0.1297220504054122
-2.75 -2.5 44 45 44.4476962592683 0.1237796181602997
-2.75 -2.5 45 46 43.00613291444961 0.1183889259460038
-2.75 -2.5 46 47 41.60429420272999 0.1143784507638031
-2.75 -2.5 47 48 40.24205500432456 0.1118641584598286
-2.75 -2.5 48 49 38.91988425116079 0.1107873869801915
-2.75 -2.5 49 50 37.63772031879969 0.1103244107766726
-2.5 -2.25 0 1 3303.1926664779 1.731252058303266
-2.5 -2.25 1 2 -3849.948030576722 0.9553167581184602
-2.5 -2.25 2 3 -5473.63781637616 1.684922673002528
-2.5 -2.25 3 4 -4056.935474239959 1.579420862681888
-2.5 -2.25 4 5 -2857.914104693891 1.453417925466433
-2.5 -2.25 5 6 -2014.369949056306 1.304274404075521
-2.5 -2.25 6 7 -1433.199912548545 1.166291434019078
-2.5 -2.25 7 8 -1029.151231793483 1.045255801780283
-2.5 -2.25 8 9 -743.6715147189179 0.9403913025360874
-2.5 -2.25 9 10 -538.5179410819401 0.8504471431196255
-2.5 -2.25 10 11 -388.7038378685952 0.7719201342345443
-2.5 -2.25 11 12 -277.8410674783497 0.7036801166235334
-2.5 -2.25 12 13 -194.8406020945763 0.6438983669497946
-2.5 -2.25 13 14 -132.1126737519871 0.5912329784308307
-2.5 -2.25 14 15 -84.35422961372979 0.5445876872588513
-2.5 -2.25 15 16 -47.79453120488915 0.5030658905157226
-2.5 -2.25 16 17 -19.70910254523642 0.4659312545837471
-2.5 -2.25 17 18 1.899335555996004 0.4325757369644482
-2.5 -2.25 18 19 18.51422110835074 0.402494184033063
-2.5 -2.25 19 20 31.25036247624985 0.3752643087722509
-2.5 -2.25 20 21 40.95442279673057 0.3505309260564518
-2.5 -2.25 21 22 48.27553278504695 0.3279935096684657
-2.5 -2.25 22 23 53.71562297889511 0.3073963292294123
-2.5 -2.25 23 24 57.66577319867031 0.2885205915190799
-2.5 -2.25 24 25 60.43278239378321 0.2711781424926573
-2.5 -2.25 25 26 62.25880675797941 0.2552063900108345
-2.5 -2.25 26 27 63.33602375944486 0.2404641865427435
-2.5 -2.25 27 28 63.81768568069276 0.2268284704996985
-2.5 -2.25 28 29 63.82652455463131 0.2141915103940571
-2.5 -2.25 29 30 63.4611947534757 0.2024586315712482
-2.5 -2.25 30 31 62.80124838181416 0.1915463309896177
-2.5 -2.25 31 32 61.9110042349954 0.1813807047505487
-2.5 -2.25 32 33 60.84257571499478 0.1718961316215789
-2.5 -2.25 33 34 59.63825468829185 0.1630341648457514
-2.5 -2.25 34 35 58.33239869734922 0.1547425945867529
-2.5 -2.25 35 36 56.95293270886913 0.1469746531203717
-2.5 -2.25 36 37 55.52254984939907 0.1396883357449577
-2.5 -2.25 37 38 54.059675769112 0.132845821593039
-2.5 -2.25 38 39 52.57924637642174 0.1264129739680858
-2.5 -2.25 39 40 51.09333744563423 0.1203589118529809
-2.5 -2.25 40 41 49.61167622564915 0.1146556373336053
-2.5 -2.25 41 42 48.14205842595246 0.1092777139347021
-2.5 -2.25 42 43 46.69068922443503 0.1042019858432272
-2.5 -2.25 43 44 45.26246288597943 0.09940733305607714
-2.5 -2.25 44 45 43.86119264525178 0.09487445683914505
-2.5 -2.25 45 46 42.4887612880745 0.09090291860153384
-2.5 -2.25 46 47 41.14931263070267 0.0886652980051624
-2.5 -2.25 47 48 39.84338153044069 0.08829930093552152
-2.5 -2.25 48 49 38.57205421698555 0.08966012503405542
-2.5 -2.25 49 50 37.33581846160138 0.0928811116412064
-2.25 -2 0 1 3811.338307059559 1.052682829209317
-2.25 -2 1 2 -3437.005567721182 0.8648878074304016
-2.25 -2 2 3 -5517.401373919543 1.651615483422034
-2.25 -2 3 4 -4161.36219197374 1.527356042924589
-2.25 -2 4 5 -2960.082502318459 1.34647992505305
-2.25 -2 5 6 -2102.204227954879 1.186706381004323
-2.25 -2 6 7 -1506.132880924792 1.052882834044876
-2.25 -2 7 8 -1089.178714585564 0.9404345592686453
-2.25 -2 8 9 -793.0871739537401 0.8457687582243697
-2.25 -2 9 10 -579.3441523829611 0.7650310136229763
-2.25 -2 10 11 -422.5757477403181 0.694902353262249
-2.25 -2 11 12 -306.0803795424881 0.6341572422104137
-2.25 -2 12 13 -218.4905000458427 0.5809545858774287
-2.25 -2 13 14 -152.0013212772278 0.53404864486399
-2.25 -2 14 15 -101.1421813749937 0.4924477385500214
-2.25 -2 15 16 -62.01185961456486 0.4553535518541822
-2.25 -2 16 17 -31.78394101591402 0.4221168241813801
-2.25 -2 17 18 -8.381049671355413 0.3922045646980715
-2.25 -2 18 19 9.7436047758315 0.3651754733149124
-2.25 -2 19 20 23.7552837576352 0.3406612853555177
-2.25 -2 20 21 34.54110303435823 0.3183524463614931
-2.25 -2 21 22 42.78283892851812 0.2979870041450409
-2.25 -2 22 23 49.00892978873901 0.2793419041857576
-2.25 -2 23 24 53.63210429184187 0.2622261128553948
-2.25 -2 24 25 56.97693804827725 0.2464751374307413
-2.25 -2 25 26 59.30025855579254 0.2319466259714852
-2.25 -2 26 27 60.80640933552411 0.2185168069269882
-2.25 -2 27 28 61.65877626066504 0.2060775906969467
-2.25 -2 28 29 61.98856736196865 0.1945341925198024
-2.25 -2 29 30 61.9015544481814 0.1838031726612877
-2.25 -2 30 31 61.48328839726815 0.1738108102247168
-2.25 -2 31 32 60.80316161574376 0.1644917472752279
-2.25 -2 32 33 59.91759281557256 0.155787851831748
-2.25 -2 33 34 58.8725386466906 0.1476472598397865
-2.25 -2 34 35 57.7054854517595 0.1400235653360077
-2.25 -2 35 36 56.44703692346371 0.1328751307048543
-2.25 -2 36 37 55.12218571307636 0.1261644993545633
-2.25 -2 37 38 53.75133649364358 0.1198578911295259
-2.25 -2 38 39 52.3511324828047 0.113924769726157
-2.25 -2 39 40 50.93512574570855 0.1083374686123157
-2.25 -2 40 41 49.51432285964148 0.1030708659682051
-2.25 -2 41 42 48.09763048712892 0.0981021055846085
-2.25 -2 42 43 46.69222045855938 0.09341034920419714
-2.25 -2 43 44 45.30382971904717 0.08897656408074862
-2.25 -2 44 45 43.93700742716604 0.08478333432127155
-2.25 -2 45 46 42.59424454544947 0.08147119262417329
-2.25 -2 46 47 41.28031725213802 0.08143212246316497
-2.25 -2 47 48 39.99621946329333 0.08472877664820938
-2.25 -2 48 49 38.74347198107458 0.09074035664659248
-2.25 -2 49 50 37.52294485987449 0.09709681192542331
-2 -1.75 0 1 4289.430921342197 1.0680853759951
-2 -1.75 1 2 -3023.782301596844 2.519462860461393
-2 -1.75 2 3 -5521.009242944816 2.805693138928167
-2 -1.75 3 4 -4232.984538010424 2.350694537273246
-2 -1.75 4 5 -3041.728625201309 1.955194146629297
-2 -1.75 5 6 -2179.241926502017 1.650840890482125
-2 -1.75 6 7 -1574.884164246198 1.41616560963084
-2 -1.75 7 8 -1149.27808801769 1.231774902760321
-2 -1.75 8 9 -845.2348221257112 1.082991744378277
-2 -1.75 9 10 -624.5183243253405 0.9621424251858756
-2 -1.75 10 11 -461.7348608035709 0.8609446024028301
-2 -1.75 11 12 -340.1144281172915 0.7756778124557561
-2 -1.75 12 13 -248.162479045224 0.7028416046677374
-2 -1.75 13 14 -177.9583608896062 0.6399804026924046
-2 -1.75 14 15 -123.9284102902427 0.5852429585042705
-2 -1.75 15 16 -82.08346473690813 0.5372077517974019
-2 -1.75 16 17 -49.52345091421375 0.4947652172590158
-2 -1.75 17 18 -24.10983866374045 0.4570365809124474
-2 -1.75 18 19 -4.245230451691668 0.4233167710211653
-2 -1.75 19 20 11.27750727512921 0.3930334901072948
-2 -1.75 20 21 23.38019092210777 0.3657173570689006
-2 -1.75 21 22 32.77343001693112 0.3409797734975942
-2 -1.75 22 23 40.009697632084 0.3184962771009569
-2 -1.75 23 24 45.52182752223086 0.297993854438228
-2 -1.75 24 25 49.65127443379254 0.279241155218135
-2 -1.75 25 26 52.66908867488439 0.26204086035186
-2 -1.75 26 27 54.79164187194385 0.2462236690889811
-2 -1.75 27 28 56.19252824209616 0.2316435186687985
-2 -1.75 28 29 57.01164982329601 0.2181737498191739
-2 -1.75 29 30 57.36220770173361 0.2057040071597604
-2 -1.75 30 31 57.33612200549305 0.1941377148933434
-2 -1.75 31 32 57.00826283065084 0.1833900070147663
-2 -1.75 32 33 56.43977416541236 0.1733860187128366
-2 -1.75 33 34 55.68070085368288 0.1640594680163247
-2 -1.75 34 35 54.7720762773705 0.1553514718779773
-2 -1.75 35 36 53.74759007128193 0.1472095519322408
-2 -1.75 36 37 52.63492676617091 0.1395867955807912
-2 -1.75 37 38 51.45684516153392 0.1324411465720489
-2 -1.75 38 39 50.23205230064781 0.1257347987266866
-2 -1.75 39 40 48.9759138741847 0.1194336796616128
-2 -1.75 40 41 47.70103388477452 0.1135070068466257
-2 -1.75 41 42 46.4177291153311 0.1079269054501394
-2 -1.75 42 43 45.13441884873276 0.1026680776771428
-2 -1.75 43 44 43.85794587156872 0.09770751612677249
-2 -1.75 44 45 42.5938416139719 0.09302425479566755
-2 -1.75 45 46 41.34544899181924 0.08895299306403119
-2 -1.75 46 47 40.11836523651144 0.08681544317012324
-2 -1.75 47 48 38.91425828394546 0.08679482210214655
-2 -1.75 48 49 37.73527157864987 0.09057425890786505
-2 -1.75 49 50 36.58283061574903 0.09741256314641222
-1.75 -1.5 0 1 4719.132095220455 0.9306701861238628
-1.75 -1.5 1 2 -2637.233948345377 0.7489794211404162
-1.75 -1.5 2 3 -5507.264274054919 1.689983208722868
-1.75 -1.5 3 4 -4270.503255235512 1.637191325905317
-1.75 -1.5 4 5 -3083.038359548629 1.465376089017853
-1.75 -1.5 5 6 -2215.525524247362 1.291457310491647
-1.75 -1.5 6 7 -1605.106863789674 1.138330898739057
-1.75 -1.5 7 8 -1174.103337028957 1.008132583654114
-1.75 -1.5 8 9 -865.5861918425453 0.8979850391688959
-1.75 -1.5 9 10 -641.2394638425403 0.8054044199695776
-1.75 -1.5 10 11 -475.5239439842976 0.7257633354028847
-1.75 -1.5 11 12 -351.5295072537842 0.6575800876692146
-1.75 -1.5 12 13 -257.6486734128557 0.5985478369183439
-1.75 -1.5 13 14 -185.8704141715991 0.5470596122468027
-1.75 -1.5 14 15 -130.5501682731006 0.5018433289727298
-1.75 -1.5 15 16 -87.64321562350619 0.461885956556472
-1.75 -1.5 16 17 -54.20579286699899 0.4263743027003206
-1.75 -1.5 17 18 -28.06482604199959 0.3946499209577076
-1.75 -1.5 18 19 -7.595439891945944 0.3661750163249725
-1.75 -1.5 19 20 8.431489343279509 0.3405066362156693
-1.75 -1.5 20 21 20.95547957897179 0.3172770246764013
-1.75 -1.5 21 22 30.70146772272301 0.2961785651966157
-1.75 -1.5 22 23 38.23358222650609 0.2769521377163527
-1.75 -1.5 23 24 43.99418301056539 0.2593780451649165
-1.75 -1.5 24 25 48.33254436286734 0.2432688793284835
-1.75 -1.5 25 26 51.52616077623782 0.2284638678039082
-1.75 -1.5 26 27 53.79673408884344 0.2148243567282856
-1.75 -1.5 27 28 55.3222822580808 0.2022301771663732
-1.75 -1.5 28 29 56.24639026150737 0.1905766980567052
-1.75 -1.5 29 30 56.68533429476986 0.1797724227159466
-1.75 -1.5 30 31 56.73360901367573 0.1697370142499923
-1.75 -1.5 31 32 56.46824535801909 0.1603996648785972
-1.75 -1.5 32 33 55.95220517886327 0.1516977403939677
-1.75 -1.5 33 34 55.23706595916525 0.1435756489512031
-1.75 -1.5 34 35 54.36515584720593 0.1359838897989041
-1.75 -1.5 35 36 53.37126032931707 0.1288782530210574
-1.75 -1.5 36 37 52.28399302598422 0.1222191393276996
-1.75 -1.5 37 38 51.12690168480555 0.1159709824082372
-1.75 -1.5 38 39 49.91936425714391 0.1101017552710867
-1.75 -1.5 39 40 48.67731770327595 0.1045825468369687
-1.75 -1.5 40 41 47.41385301787449 0.09938719649211114
-1.75 -1.5 41 42 46.13970255105329 0.09449198001692595
-1.75 -1.5 42 43 44.86364051203736 0.08987533604830578
-1.75 -1.5 43 44 43.59281303558419 0.085517628950567
-1.75 -1.5 44 45 42.33301096112245 0.08140094150646796
-1.75 -1.5 45 46 41.08776771800993 0.07821289346420988
-1.75 -1.5 46 47 39.86293148826277 0.07852315291411439
-1.75 -1.5 47 48 38.66030101158375 0.0824115445597822
-1.75 -1.5 48 49 37.4821587168075 0.08922581751743199
-1.75 -1.5 49 50 36.33005639850714 0.09642098294316633
-1.5 -1.25 0 1 5122.559985745623 3.353376391607586
-1.5 -1.25 1 2 -2256.89360536007 4.281282240152428
-1.5 -1.25 2 3 -5479.484169944919 1.668304260373044
-1.5 -1.25 3 4 -4303.259993957208 1.594780048347844
-1.5 -1.25 4 5 -3127.765851591133 1.421431181863826
-1.5 -1.25 5 6 -2259.941987862648 1.254833930755664
-1.5 -1.25 6 7 -1645.78980708308 1.110667212712101
-1.5 -1.25 7 8 -1210.298484616889 0.9883979186117685
-1.5 -1.25 8 9 -897.429888729439 0.885019868439442
-1.5 -1.25 9 10 -669.1536239306465 0.7974225669456185
-1.5 -1.25 10 11 -499.9818084186886 0.7216732476510641
-1.5 -1.25 11 12 -372.9980604843558 0.6564487130128336
-1.5 -1.25 12 13 -276.5428342394439 0.5996541284796228
-1.5 -1.25 13 14 -202.5506518758614 0.5498534641095558
-1.5 -1.25 14 15 -145.3250555006084 0.5059049399864423
-1.5 -1.25 15 16 -100.7751287848721 0.4668938712384895
-1.5 -1.25 16 17 -65.91728965640937 0.4320812316586409
-1.5 -1.25 17 18 -38.5446888853669 0.4008647093415219
-1.5 -1.25 18 19 -17.00402483167863 0.3727492400629109
-1.5 -1.25 19 20 -0.04232704409923826 0.347324613351748
-1.5 -1.25 20 21 13.2999143735035 0.3242483320409102
-1.5 -1.25 21 22 23.76441189463071 0.3032323944814049
-1.5 -1.25 22 23 31.9293963938386 0.2840330074646853
-1.5 -1.25 23 24 38.24911125759604 0.2664425180367815
-1.5 -1.25 24 25 43.08287144674637 0.2502830318556398
-1.5 -1.25 25 26 46.71667944255478 0.2367411953544242
-1.5 -1.25 26 27 49.37946761081048 0.2252946067154054
-1.5 -1.25 27 28 51.25541703974841 0.214597824222742
-1.5 -1.25 28 29 52.49338154254849 0.2045876579937879
-1.5 -1.25 29 30 53.21415476301422 0.1952073376528339
-1.5 -1.25 30 31 53.51611567157522 0.1864057814308663
-1.5 -1.25 31 32 53.47964449216215 0.1781369495192013
-1.5 -1.25 32 33 53.17059893690055 0.1703592752241513
-1.5 -1.25 33 34 52.64306699815569 0.1630351639658806
-1.5 -1.25 34 35 51.94155892738831 0.1561305532869436
-1.5 -1.25 35 36 51.10276167320501 0.1496145267521798
-1.5 -1.25 36 37 50.15694985788031 0.1434589737370541
-1.5 -1.25 37 38 49.12912566244529 0.1376382908022523
-1.5 -1.25 38 39 48.03994356523111 0.1321291185880606
-1.5 -1.25 39 40 46.9064634530705 0.1269101094517789
-1.5 -1.25 40 41 45.74276631236177 0.1219617228314312
-1.5 -1.25 41 42 44.56045915890951 0.1172660437681895
-1.5 -1.25 42 43 43.36909059322574 0.1128066226961404
-1.5 -1.25 43 44 42.176493752765 0.1085683324874593
-1.5 -1.25 44 45 40.98907015809527 0.1045372425816223
-1.5 -1.25 45 46 39.8108769389595 0.1010340485141413
-1.5 -1.25 46 47 38.64828121963572 0.09929118365920783
-1.5 -1.25 47 48 37.50349562636438 0.09946957432126406
-1.5 -1.25 48 49 36.37919106872783 0.1014619147905269
-1.5 -1.25 49 50 35.27725955112362 0.1040610596731017
-1.25 -1 0 1 5450.475211265521 1.598479994583412
-1.25 -1 1 2 -1971.523551981505 0.6413684331073108
-1.25 -1 2 3 -5476.63483964964 1.76544306411872
-1.25 -1 3 4 -4341.042553576932 1.735320525236793
-1.25 -1 4 5 -3169.052388858461 1.552909182609321
-1.25 -1 5 6 -2297.005769286217 1.371636129974561
-1.25 -1 6 7 -1677.392911063374 1.214310016443553
-1.25 -1 7 8 -1236.814401686027 1.081198954145212
-1.25 -1 8 9 -919.5866912639249 0.9694086862647715
-1.25 -1 9 10 -687.6749822054862 0.8733522034733896
-1.25 -1 10 11 -515.4973841930391 0.7918946829713263
-1.25 -1 11 12 -386.0350106143537 0.7212967920270738
-1.25 -1 12 13 -287.5314322322486 0.6598271300747177
-1.25 -1 13 14 -211.8410320203825 0.6059154210859389
-1.25 -1 14 15 -153.2021633263905 0.5583200322673139
-1.25 -1 15 16 -107.4714761715477 0.5160501157337575
-1.25 -1 16 17 -71.62333528212434 0.4783072169257394
-1.25 -1 17 18 -43.41712162135946 0.4444417312423787
-1.25 -1 18 19 -21.17232587739818 0.4139203246721145
-1.25 -1 19 20 -3.613962778211544 0.3863013777739203
-1.25 -1 20 21 10.2353744018601 0.3612163060275059
-1.25 -1 21 22 21.13201695694602 0.3383552148713123
-1.25 -1 22 23 29.66619316975437 0.3174557747285672
-1.25 -1 23 24 36.30203709943112 0.2982945143378389
-1.25 -1 24 25 41.40705276995777 0.2806799457671834
-1.25 -1 25 26 45.27405056583723 0.2644470894242202
-1.25 -1 26 27 48.13764436958195 0.2494530810976746
-1.25 -1 27 28 50.186774014207 0.2355736188056671
-1.25 -1 28 29 51.57429284197485 0.2227000709727891
-1.25 -1 29 30 52.42436683325616 0.2107371055756616
-1.25 -1 30 31 52.83822717495036 0.199600735269107
-1.25 -1 31 32 52.89867340914816 0.1892166957970067
-1.25 -1 32 33 52.67362102175616 0.1795190932743292
-1.25 -1 33 34 52.21891283999895 0.1704492703317264
-1.25 -1 34 35 51.58055932689501 0.1619548502550084
-1.25 -1 35 36 50.79653299830892 0.153988928362016
-1.25 -1 36 37 49.89821258740193 0.1465093845365255
-1.25 -1 37 38 48.91155057571251 0.1394782953189039
-1.25 -1 38 39 47.85802102717764 0.1328614316162027
-1.25 -1 39 40 46.7553920519307 0.1266278248877186
-1.25 -1 40 41 45.61835776074497 0.120749393708503
-1.25 -1 41 42 44.45905689626517 0.1152006198646808
-1.25 -1 42 43 43.28749996384897 0.1099582663352482
-1.25 -1 43 44 42.11192198702128 0.1050011323596571
-1.25 -1 44 45 40.93907467376141 0.1003098383944867
-1.25 -1 45 46 39.77329939771067 0.09624163277269834
-1.25 -1 46 47 38.62127382858716 0.09419752522182853
-1.25 -1 47 48 37.48542262080906 0.09437798861462164
-1.25 -1 48 49 36.36862106577516 0.09730960173945687
-1.25 -1 49 50 35.27294443718347 0.1050008254672347
-1 -0.75 0 1 5727.221655327488 1.908630484422664
-1 -0.75 1 2 -1713.783203038242 1.801832963032796
-1 -0.75 2 3 -5450.528328613549 1.582675964988435
-1 -0.75 3 4 -4350.123961810343 1.522555041609398
-1 -0.75 4 5 -3184.083083487467 1.359664671291046
-1 -0.75 5 6 -2311.762932240738 1.205153041858004
-1 -0.75 6 7 -1690.494103625435 1.072638892138696
-1 -0.75 7 8 -1248.093844123986 0.960469688748287
-1 -0.75 8 9 -929.2009490962037 0.8659558536161331
-1 -0.75 9 10 -695.8509096165462 0.7838169533541749
-1 -0.75 10 11 -522.4525152370302 0.7138918620691739
-1 -0.75 11 12 -391.9664041276865 0.6527663719966039
-1 -0.75 12 13 -292.605661007595 0.5991758923067015
-1 -0.75 13 14 -216.1976614496809 0.5518753057031359
-1 -0.75 14 15 -156.9573447035752 0.5098735608145839
-1 -0.75 15 16 -110.7216654874628 0.4723735461524118
-1 -0.75 16 17 -74.44864440483434 0.4387276439562825
-1 -0.75 17 18 -45.88417641085539 0.4084047013629086
-1 -0.75 18 19 -23.33664333130014 0.3809652550084178
-1 -0.75 19 20 -5.521905202492235 0.3560427515780336
-1 -0.75 20 21 8.545000805101836 0.3333291576079445
-1 -0.75 21 22 19.62665607832923 0.312563825852794
-1 -0.75 22 23 28.31847128564345 0.2935247899499939
-1 -0.75 23 24 35.0888884479341 0.276021900095033
-1 -0.75 24 25 40.30900175275758 0.2598913631954644
-1 -0.75 25 26 44.27462098716308 0.2449913638560959
-1 -0.75 26 27 47.22287191472242 0.2311985269794112
-1 -0.75 27 28 49.34480283715425 0.2184050399735782
-1 -0.75 28 29 50.79504086319082 0.2065162945350571
-1 -0.75 29 30 51.69924733086123 0.1954489437954719
-1 -0.75 30 31 52.15991662374586 0.1851292909432175
-1 -0.75 31 32 52.26091742376218 0.175491945704006
-1 -0.75 32 33 52.07107177547562 0.1664786981879543
-1 -0.75 33 34 51.64699255564375 0.1580375706340269
-1 -0.75 34 35 51.03534541320926 0.1501220138472889
-1 -0.75 35 36 50.27466120381894 0.142690225378956
-1 -0.75 36 37 49.3967951851476 0.1357045663300729
-1 -0.75 37 38 48.4281071132171 0.1291310624335104
-1 -0.75 38 39 47.39041960689616 0.1229389738393303
-1 -0.75 39 40 46.30179945172438 0.1171004246053467
-1 -0.75 40 41 45.17719699224631 0.1115900809065528
-1 -0.75 41 42 44.02897103128947 0.106384872005677
-1 -0.75 42 43 42.86732125730907 0.1014637463533446
-1 -0.75 43 44 41.70064547734216 0.09680745901044938
-1 -0.75 44 45 40.5358355808508 0.09239838433854997
-1 -0.75 45 46 39.37733488782879 0.08898220423698082
-1 -0.75 46 47 38.23196120809993 0.08934471745220529
-1 -0.75 47 48 37.10220988505051 0.09358036045304881
-1 -0.75 48 49 35.99103354325661 0.1009879420964233
-1 -0.75 49 50 34.90057076764168 0.1088128500228957
-0.75 -0.5 0 1 5941.090203718295 2.636820484183823
-0.75 -0.5 1 2 -1519.703204837306 2.03284706977841
-0.75 -0.5 2 3 -5435.216307868444 1.589414727387358
-0.75 -0.5 3 4 -4362.453859869865 1.535220008118499
-0.75 -0.5 4 5 -3201.278592494418 1.372064377585795
-0.75 -0.5 5 6 -2328.698768497987 1.215582149859507
-0.75 -0.5 6 7 -1705.907610622226 1.08079337407418
-0.75 -0.5 7 8 -1261.763378493137 0.9665940507093518
-0.75 -0.5 8 9 -941.2173114550928 0.8697960201143978
-0.75 -0.5 9 10 -706.3879832476941 0.787742275233093
-0.75 -0.5 10 11 -531.6986562576799 0.7161861876390035
-0.75 -0.5 11 12 -400.098684048321 0.6543511720922003
-0.75 -0.5 12 13 -299.7802392229705 0.600231313867002
-0.75 -0.5 13 14 -222.54938220544 0.5525365351903243
-0.75 -0.5 14 15 -162.6013169101398 0.5102419217149906
-0.75 -0.5 15 16 -115.7556577050141 0.4749025600146506
-0.75 -0.5 16 17 -78.95556622562003 0.4431399167291065
-0.75 -0.5 17 18 -49.93436185361361 0.4142844597141838
-0.75 -0.5 18 19 -26.98984551935087 0.3879943373175945
-0.75 -0.5 19 20 -8.828994483770884 0.3639747768636957
-0.75 -0.5 20 21 5.5406101885917 0.3419713166108245
-0.75 -0.5 21 22 16.88781518353312 0.3217638199747292
-0.75 -0.5 22 23 25.81330527291527 0.3031613200653753
-0.75 -0.5 23 24 32.78997198253592 0.2859976428217805
-0.75 -0.5 24 25 38.19267248149959 0.2701277182745813
-0.75 -0.5 25 26 42.32040707908402 0.2554244817803372
-0.75 -0.5 26 27 45.41301375311582 0.2417762725245014
-0.75 -0.5 27 28 47.66385246346249 0.2290846487903648
-0.75 -0.5 28 29 49.22952571938333 0.2172625491840476
-0.75 -0.5 29 30 50.23738727253044 0.2062327420650657
-0.75 -0.5 30 31 50.79138516374269 0.1959265134382664
-0.75 -0.5 31 32 50.97663978599462 0.1862825545193659
-0.75 -0.5 32 33 50.86305365890371 0.1772460144096223
-0.75 -0.5 33 34 50.50817457701061 0.1687676914554646
-0.75 -0.5 34 35 49.95947908222945 0.1608033409280262
-0.75 -0.5 35 36 49.25620298877641 0.153313079389383
-0.75 -0.5 36 37 48.43081582017362 0.1462608724532678
-0.75 -0.5 37 38 47.51021377527655 0.1396140907252487
-0.75 -0.5 38 39 46.51668898315131 0.1333431255156676
-0.75 -0.5 39 40 45.46872004577688 0.1274210542931095
-0.75 -0.5 40 41 44.38161928635378 0.1218233494727382
-0.75 -0.5 41 42 43.26806433868336 0.1165276229097531
-0.75 -0.5 42 43 42.13853629113032 0.1115134025888132
-0.75 -0.5 43 44 41.0016818090682 0.1067619362658977
-0.75 -0.5 44 45 39.86461329198642 0.1022560180204739
-0.75 -0.5 45 46 38.73195666880895 0.098378982770658
-0.75 -0.5 46 47 37.61072671585504 0.09661788747432029
-0.75 -0.5 47 48 36.50356102023864 0.09716951178124193
-0.75 -0.5 48 49 35.41355101608397 0.1013194509908854
-0.75 -0.5 49 50 34.34295840600768 0.1093347154215813
-0.5 -0.25 0 1 6081.599750106005 2.54584902211047
-0.5 -0.25 1 2 -1398.760486650513 1.368409885367313
-0.5 -0.25 2 3 -5430.448009990871 1.566647657461264
-0.5 -0.25 3 4 -4374.108943169427 1.529846554796049
-0.5 -0.25 4 5 -3214.90386080121 1.39425416085016
-0.5 -0.25 5 6 -2341.306158550966 1.28019641810795
-0.5 -0.25 6 7 -1716.925540536821 1.161784840717368
-0.5 -0.25 7 8 -1271.220637083735 1.052567862871547
-0.5 -0.25 8 9 -949.2953039960198 0.9553925897851665
-0.5 -0.25 9 10 -713.2778656745577 0.8707302897410252
-0.5 -0.25 10 11 -537.5893641263865 0.7952594100617432
-0.5 -0.25 11 12 -405.1469178072794 0.7291826316786958
-0.5 -0.25 12 13 -304.1194974468017 0.6707770708062131
-0.5 -0.25 13 14 -226.2910468637556 0.6189310912355365
-0.5 -0.25 14 15 -165.83799687535 0.5727051845927923
-0.5 -0.25 15 16 -118.5643536930945 0.5313122458727547
-0.5 -0.25 16 17 -81.40041594008767 0.4940940497301107
-0.5 -0.25 17 18 -52.06893243823447 0.4604992365094401
-0.5 -0.25 18 19 -28.85901485113527 0.4300643732415966
-0.5 -0.25 19 20 -10.47048348836802 0.4023982409210929
-0.5 -0.25 20 21 4.094992287199602 0.3771690116550291
-0.5 -0.25 21 22 15.61115827520575 0.3540938554560521
-0.5 -0.25 22 23 24.68277315367686 0.3329305302648758
-0.5 -0.25 23 24 31.78612780631045 0.3134705694832929
-0.5 -0.25 24 25 37.2989254655572 0.2955337471307942
-0.5 -0.25 25 26 41.52255703869741 0.2789635650073063
-0.5 -0.25 26 27 44.69887481887793 0.2636235561083661
-0.5 -0.25 27 28 47.02294112428126 0.2493942442467277
-0.5 -0.25 28 29 48.6528013171303 0.2361706293691163
-0.5 -0.25 29 30 49.71703542627165 0.223860100606094
-0.5 -0.25 30 31 50.32063645876701 0.21238069333587
-0.5 -0.25 31 32 50.54961753448765 0.201659629146138
-0.5 -0.25 32 33 50.47464570535101 0.1916320861782891
-0.5 -0.25 33 34 50.15392505732217 0.1822401590883017
-0.5 -0.25 34 35 49.63549678898897 0.1734319765134484
-0.5 -0.25 35 36 48.95908360149207 0.1651609482318816
-0.5 -0.25 36 37 48.1575757399919 0.1573851214379021
-0.5 -0.25 37 38 47.25823370020237 0.1500666275435181
-0.5 -0.25 38 39 46.28366568060864 0.1431712052769303
-0.5 -0.25 39 40 45.25262503979548 0.1366677892672415
-0.5 -0.25 40 41 44.1806633921309 0.1305281518799291
-0.5 -0.25 41 42 43.08066715298861 0.1247265923928491
-0.5 -0.25 42 43 41.96329989257276 0.1192396656182494
-0.5 -0.25 43 44 40.83736804201141 0.1140459442821717
-0.5 -0.25 44 45 39.71012410889153 0.1091258102102029
-0.5 -0.25 45 46 38.58630799287329 0.1048419491865989
-0.5 -0.25 46 47 37.47306082179801 0.1026152176435692
-0.5 -0.25 47 48 36.37310636983887 0.1026504801493841
-0.5 -0.25 48 49 35.28962017678671 0.1048202367556921
-0.5 -0.25 49 50 34.22493940357302 0.1106283844414023
-0.25 0 0 1 6152.262913876032 2.661773273760142
-0.25 0 1 2 -1337.602433863006 1.840922705458483
-0.25 0 2 3 -5427.225744544258 1.589059943774629
-0.25 0 3 4 -4378.501636770869 1.54192517781887
-0.25 0 4 5 -3219.910807912504 1.380716309218825
-0.25 0 5 6 -2345.659249810496 1.224673035329813
-0.25 0 6 7 -1720.475962031528 1.089799568601906
-0.25 0 7 8 -1274.055422381385 0.9752730063719475
-0.25 0 8 9 -951.5381367984924 0.8799232094067304
-0.25 0 9 10 -715.0419011374379 0.806108377259664
-0.25 0 10 11 -538.9674027431292 0.7391993959097204
-0.25 0 11 12 -406.21499908231 0.6801019675172698
-0.25 0 12 13 -304.9380981162951 0.6274490585545103
-0.25 0 13 14 -226.9085131590616 0.5804070954377193
-0.25 0 14 15 -166.2930871753642 0.5382387470382122
-0.25 0 15 16 -118.8882647306909 0.5003070537594563
-0.25 0 16 17 -81.61836443614243 0.4660673699501914
-0.25 0 17 18 -52.20138293011382 0.4350556602729173
-0.25 0 18 19 -28.92263427762214 0.4068766042783172
-0.25 0 19 20 -10.47888692364677 0.3811927998529612
-0.25 0 20 21 4.13065538705996 0.3577154369426593
-0.25 0 21 22 15.68174008702363 0.3361964350281029
-0.25 0 22 23 24.78075782444773 0.3164218917725304
-0.25 0 23 24 31.905335095547 0.2982066554564299
-0.25 0 24 25 37.43427180023787 0.2813898353351458
-0.25 0 25 26 41.66986186849954 0.2658310864443288
-0.25 0 26 27 44.8547029685393 0.2514075286994223
-0.25 0 27 28 47.18447393124643 0.2380111861466152
-0.25 0 28 29 48.81773092529545 0.2255468499898354
-0.25 0 29 30 49.88347779939909 0.2139302905986376
-0.25 0 30 31 50.48705960146174 0.2030867544026717
-0.25 0 31 32 50.71478211345834 0.1929496964363718
-0.25 0 32 33 50.63755582280157 0.1834597070042504
-0.25 0 33 34 50.31378736084844 0.1745636002418534
-0.25 0 34 35 49.79168644606415 0.1662136350996595
-0.25 0 35 36 49.11111594388706 0.1583668506770854
-0.25 0 36 37 48.3050825998132 0.1509844934880399
-0.25 0 37 38 47.4009436374572 0.1440315249649583
-0.25 0 38 39 46.42138744607138 0.1374761949492925
-0.25 0 39 40 45.38523372981439 0.1312896726216081
-0.25 0 40 41 44.30808884914904 0.1254457243911581
-0.25 0 41 42 43.20288424239055 0.1199204341205062
-0.25 0 42 43 42.0803203475233 0.1146919570905165
-0.25 0 43 44 40.94923362303035 0.1097403054368866
-0.25 0 44 45 39.81690086483513 0.1050471584401799
-0.25 0 45 46 38.6880760371613 0.1009933030414105
-0.25 0 46 47 37.5699269502918 0.09906176413697078
-0.25 0 47 48 36.46518382483399 0.09945633828183501
-0.25 0 48 49 35.37703128372698 0.1024745530204101
-0.25 0 49 50 34.30781349363585 0.1106196770642285
0 0.25 0 1 6151.997554100044 2.661779545602341
0 0.25 1 2 -1338.119648267321 1.840946010773727
0 0.25 2 3 -5427.603712833377 1.589019003800439
0 0.25 3 4 -4378.658602941647 1.541831537777929
0 0.25 4 5 -3219.926858289526 1.380625330585005
0 0.25 5 6 -2345.607695122418 1.224612775774384
0 0.25 6 7 -1720.39789889818 1.089771623176387
0 0.25 7 8 -1273.971335664527 0.9752698084437005
0 0.25 8 9 -951.4571272986514 0.8799358024220132
0 0.25 9 10 -714.9673712964941 0.8061275393067895
0 0.25 10 11 -538.9002485216579 0.7392233565629913
0 0.25 11 12 -406.1546354708998 0.680126812671614
0 0.25 12 13 -304.8836188435951 0.6274732313060257
0 0.25 13 14 -226.8589673669496 0.5804298050136798
0 0.25 14 15 -166.2476332794283 0.5382596517479632
0 0.25 15 16 -118.8462180360018 0.5003260643614469
0 0.25 16 17 -81.57919511680393 0.4660845318849389
0 0.25 17 18 -52.16469376756822 0.4350710862310422
0 0.25 18 19 -28.88813289823725 0.4068904357105062
0 0.25 19 20 -10.44635940668127 0.3812051857540588
0 0.25 20 21 4.161366800142332 0.3577265231175404
0 0.25 21 22 15.71075453671642 0.3362063581551951
0 0.25 22 23 24.80816896047224 0.3164307772740148
0 0.25 23 24 31.9312204891296 0.2982146167835242
0 0.25 24 25 37.45869942125398 0.2813969742276355
0 0.25 25 26 41.69289434566531 0.2658374935864277
0 0.25 26 27 44.87640023462677 0.2514132849075791
0 0.25 27 28 47.20489473424163 0.2380163629608242
0 0.25 28 29 48.83693356832816 0.2255515109520432
0 0.25 29 30 49.90152038284157 0.2139344918320921
0 0.25 30 31 50.50399995919543 0.2030905457474389
0 0.25 31 32 50.73067758054219 0.1929531219199945
0 0.25 32 33 50.65246292553604 0.1834628058452004
0 0.25 33 34 50.32776148832727 0.1745664067962933
0 0.25 34 35 49.80478154209248 0.166216180208354
0 0.25 35 36 49.12338423639181 0.1583691614890298
0 0.25 36 37 48.31657438144111 0.1509865941792653
0 0.25 37 38 47.41170709728601 0.1440334369004719
0 0.25 38 39 46.43146855197119 0.1374779372773361
0 0.25 39 40 45.39467615657327 0.1312912621749811
0 0.25 40 41 44.31693394777471 0.1254471764288557
0 0.25 41 42 43.21117104224038 0.1199217619308539
0 0.25 42 43 42.08808558802468 0.1146931727154147
0 0.25 43 44 40.95651180648218 0.1097414195533736
0 0.25 44 45 39.82372432828947 0.1050481806772477
0 0.25 45 46 38.69447500437605 0.1009942534993847
0 0.25 46 47 37.5759297048495 0.09906270348828176
0 0.25 47 48 36.47081672434075 0.09945732474672968
0 0.25 48 49 35.3823188995209 0.1024756262895
0 0.25 49 50 34.31277868469874 0.1106207913508795
0.25 0.5 0 1 6080.833709822654 2.545853548258207
0.25 0.5 1 2 -1400.246828637895 1.368404922439797
0.25 0.5 2 3 -5431.523843884696 1.566539175971333
0.25 0.5 3 4 -4374.548675789563 1.529686541193392
0.25 0.5 4 5 -3214.945178709415 1.394125022042242
0.25 0.5 5 6 -2341.159939051131 1.280128694779967
0.25 0.5 6 7 -1716.707428134988 1.161768447909875
0.25 0.5 7 8 -1270.987184351837 1.052586779589935
0.25 0.5 8 9 -949.069570328229 0.9562344704034701
0.25 0.5 9 10 -713.0732002612226 0.869948071600724
0.25 0.5 10 11 -537.4033844297378 0.7953095073061188
0.25 0.5 11 12 -404.9792556252905 0.7292320928951935
0.25 0.5 12 13 -303.9675370472339 0.6708239380414783
0.25 0.5 13 14 -226.1521364231326 0.6189744589748386
0.25 0.5 14 15 -165.7098428823072 0.5727447524530948
0.25 0.5 15 16 -118.4451293132822 0.5313480447384824
0.25 0.5 16 17 -81.28873887108853 0.4941262799152685
0.25 0.5 17 18 -51.96379210194073 0.4605281752901844
0.25 0.5 18 19 -28.75968834994251 0.4300903228746304
0.25 0.5 19 20 -10.37645824286233 0.4024215010325258
0.25 0.5 20 21 4.184082518685955 0.377189865263907
0.25 0.5 21 22 15.69558286090842 0.3541125625990267
0.25 0.5 22 23 24.76274092362405 0.332947326269907
0.25 0.5 23 24 31.86181254980102 0.3134856650794894
0.25 0.5 24 25 37.37048299299511 0.2955473299776479
0.25 0.5 25 26 41.59013596056002 0.2789758015527816
0.25 0.5 26 27 44.76262282194239 0.2636345939854113
0.25 0.5 27 28 47.083008138438 0.2494042137258476
0.25 0.5 28 29 48.70934062768424 0.2361796460378465
0.25 0.5 29 30 49.77020349867723 0.2238682664512302
0.25 0.5 30 31 50.37059202451235 0.2123880987457972
0.25 0.5 31 32 50.59652030959785 0.201666354025606
0.25 0.5 32 33 50.51865499192672 0.1916382014560741
0.25 0.5 33 34 50.19519838445802 0.1822457275886444
0.25 0.5 34 35 49.67418868373301 0.1734370538930598
0.25 0.5 35 36 48.99534453844427 0.1651655841698237
0.25 0.5 36 37 48.19155128622288 0.1573893597825736
0.25 0.5 37 38 47.29006385452226 0.150070507483259
0.25 0.5 38 39 46.31348439421595 0.1431747617102916
0.25 0.5 39 40 45.28055989893966 0.1366710533814743
0.25 0.5 40 41 44.20683544125842 0.1305311512094581
0.25 0.5 41 42 43.10519083591731 0.1247293518693801
0.25 0.5 42 43 41.9862830903337 0.1192422073454318
0.25 0.5 43 44 40.85891218819552 0.1140482881423909
0.25 0.5 44 45 39.73032436500051 0.1091279739509859
0.25 0.5 45 46 38.60525339518597 0.1048439789746644
0.25 0.5 46 47 37.49083471403327 0.1026172667419852
0.25 0.5 47 48 36.38978648637087 0.1026527009653589
0.25 0.5 48 49 35.30527902154 0.1048227514993896
0.25 0.5 49 50 34.23964445877226 0.1106311259203652
0.5 0.75 0 1 5939.773599616323 2.636825745975331
0.5 0.75 1 2 -1522.22364151697 2.032855350547628
0.5 0.75 2 3 -5436.979710558619 1.589345195832921
0.5 0.75 3 4 -4363.114598431026 1.535105802490698
0.5 0.75 4 5 -3201.279606698036 1.371968282558352
0.5 0.75 5 6 -2328.407821414055 1.21552743269504
0.5 0.75 6 7 -1705.516489148058 1.080774944647932
0.5 0.75 7 8 -1261.361108208205 0.966602329196164
0.5 0.75 8 9 -940.8386572750323 0.8704785027996599
0.5 0.75 9 10 -706.0473234612823 0.787082159640215
0.5 0.75 10 11 -531.3938543675445 0.7162172542508902
0.5 0.75 11 12 -399.8261840653299 0.6543824813840492
0.5 0.75 12 13 -299.5347803525588 0.6002613836720017
0.5 0.75 13 14 -222.3260180203406 0.5525646255094008
0.5 0.75 14 15 -162.3959209281752 0.5102677376529552
0.5 0.75 15 16 -115.5650108138761 0.4749259459879094
0.5 0.75 16 17 -78.7772648015316 0.4431609974173339
0.5 0.75 17 18 -49.76666482366022 0.4143034335921069
0.5 0.75 18 19 -26.83151643975225 0.3880114219929021
0.5 0.75 19 20 -8.679162599928304 0.3639901863737993
0.5 0.75 20 21 5.682562192191199 0.3419852500907409
0.5 0.75 21 22 17.022336836156 0.3217764564902048
0.5 0.75 22 23 25.94074078174265 0.3031728173043049
0.5 0.75 23 24 32.91060393355644 0.2860081379474728
0.5 0.75 24 25 38.30675109952381 0.2701373297353135
0.5 0.75 25 26 42.42816880371834 0.2554333113441489
0.5 0.75 26 27 45.51469218065631 0.2417844074781366
0.5 0.75 27 28 47.7596840229146 0.2290921641436613
0.5 0.75 28 29 49.31975185829219 0.2172695094804118
0.5 0.75 29 30 50.32225444541075 0.2062392029957522
0.5 0.75 30 31 50.87114353998697 0.1959325232460522
0.5 0.75 31 32 51.05154130621258 0.1862881552306374
0.5 0.75 32 33 50.93334985644663 0.1772512427508516
0.5 0.75 33 34 50.57411443329585 0.1687725797563752
0.5 0.75 34 35 50.02130706792565 0.1608079176088764
0.5 0.75 35 36 49.31415737848403 0.1533173699164921
0.5 0.75 36 37 48.4851273114665 0.146264899302072
0.5 0.75 37 38 47.56110441218243 0.1396178740506995
0.5 0.75 38 39 46.56437136910682 0.1333466835742574
0.5 0.75 39 40 45.51339681355142 0.1274244036187348
0.5 0.75 40 41 44.4234827940324 0.1218265047651345
0.5 0.75 41 42 43.30729655486215 0.1165305977278964
0.5 0.75 42 43 42.17530883569219 0.1115162093938728
0.5 0.75 43 44 41.03615612050754 0.1067645861345628
0.5 0.75 44 45 39.89694089070696 0.1022585215177917
0.5 0.75 45 46 38.76227939719178 0.09838139457490763
0.5 0.75 46 47 37.63917735765534 0.09662042709496281
0.5 0.75 47 48 36.53026348387692 0.09717240476206286
0.5 0.75 48 49 35.43862090980443 0.1013228339160272
0.5 0.75 49 50 34.36650336111856 0.1093384732157463
0.75 1 0 1 5725.294598062667 1.908551169494948
0.75 1 1 2 -1717.445055883754 1.801351306468582
0.75 1 2 3 -5453.042732405319 1.582096440268167
0.75 1 3 4 -4351.018218954261 1.522366093886409
0.75 1 4 5 -3184.028796433468 1.359853045440731
0.75 1 5 6 -2311.299748239777 1.20556362516459
0.75 1 6 7 -1689.897532796698 1.073131714200198
0.75 1 7 8 -1247.489670019599 0.9609625151207742
0.75 1 8 9 -928.6378334647784 0.8658283558048012
0.75 1 9 10 -695.3459867489987 0.7847970069710328
0.75 1 10 11 -522.0039519947591 0.7142186888254622
0.75 1 11 12 -391.5676612545703 0.6530377765300073
0.75 1 12 13 -292.2486633709163 0.5993988779245721
0.75 1 13 14 -215.8748803666765 0.5520572198707953
0.75 1 14 15 -156.6624849434932 0.5100212628576332
0.75 1 15 16 -110.4497719873491 0.4724930895399628
0.75 1 16 17 -74.1959627256399 0.4388242042859313
0.75 1 17 18 -45.64793093899266 0.408482617353685
0.75 1 18 19 -23.1148103928474 0.3810281154288826
0.75 1 19 20 -5.313013769075042 0.3560934966850567
0.75 1 20 21 8.742030509888764 0.3333701791847464
0.75 1 21 22 19.81263642726617 0.3125970587274999
0.75 1 22 23 28.49403840897753 0.2935517923350026
0.75 1 23 24 35.25456690466535 0.2760439227524301
0.75 1 24 25 40.46524875041393 0.2599094070196774
0.75 1 25 26 44.42185538343654 0.2450062280831225
0.75 1 26 27 47.36149225667623 0.2312108487185258
0.75 1 27 28 49.47519774427826 0.218415326219375
0.75 1 28 29 50.9175942469335 0.206524948526643
0.75 1 29 30 51.81434027132866 0.19545628576349
0.75 1 30 31 52.26792720360129 0.1851355752797371
0.75 1 31 32 52.3622194206539 0.1754973743004873
0.75 1 32 33 52.16603282301912 0.166483431480828
0.75 1 33 34 51.73597216412037 0.1580417360299317
0.75 1 34 35 51.11869309470865 0.1501257127139158
0.75 1 35 36 50.35271483661739 0.1426935383066881
0.75 1 36 37 49.46987968531607 0.1357075577424078
0.75 1 37 38 48.4965334297961 0.129133783746485
0.75 1 38 39 47.45448403300793 0.1229414661895013
0.75 1 39 40 46.36178322269291 0.1171027211530368
0.75 1 40 41 45.23336613687093 0.1115922082689722
0.75 1 41 42 44.08157643566477 0.1063868519764018
0.75 1 42 43 42.9165989044397 0.1014655965301548
0.75 1 43 44 41.74681682477313 0.09680919381590779
0.75 1 44 45 40.57910804631803 0.09240001567278402
0.75 1 45 46 39.41790225240157 0.08898379455303346
0.75 1 46 47 38.27000462440128 0.0893465147850606
0.75 1 47 48 37.13789811814109 0.09358260268181189
0.75 1 48 49 36.0245238391615 0.1009908039541232
0.75 1 49 50 34.9320093423367 0.1088163153604406
1 1.25 0 1 5447.919807510869 1.598750918574921
1 1.25 1 2 -1976.375306824395 0.644143859028215
1 1.25 2 3 -5479.96127909441 1.76588707134097
1 1.25 3 4 -4342.220661359721 1.734942299214692
1 1.25 4 5 -3168.969390957721 1.552193745784771
1 1.25 5 6 -2296.373214547859 1.370912562816299
1 1.25 6 7 -1676.576509283047 1.21369887287044
1 1.25 7 8 -1235.983950509937 1.080722610047399
1 1.25 8 9 -918.810271441158 0.9685467528626768
1 1.25 9 10 -686.9767380363714 0.8735886548105419
1 1.25 10 11 -514.8774436738245 0.7916907228937248
1 1.25 11 12 -385.4851193579429 0.7211467781013029
1 1.25 12 13 -287.0411236875666 0.6597186643258925
1 1.25 13 14 -211.4002289017817 0.6058391130949522
1 1.25 14 15 -152.8022265117856 0.5582686685264532
1 1.25 15 16 -107.1054397475564 0.5160180690009704
1 1.25 16 17 -71.28578255700813 0.4782900470504523
1 1.25 17 18 -43.10392965640153 0.4444359126130719
1 1.25 18 19 -20.88038816527001 0.4139230530869776
1 1.25 19 20 -3.340938418879887 0.3863104264037877
1 1.25 20 21 10.49126796638757 0.3612299143688998
1 1.25 21 22 21.37216581823759 0.3383719992409845
1 1.25 22 23 29.89170829741886 0.3174746562341124
1 1.25 23 24 36.51384229262203 0.2983146593988819
1 1.25 24 25 41.60594647188498 0.280700717482268
1 1.25 25 26 45.46074797359915 0.2644680079397543
1 1.25 26 27 48.31280514209459 0.2494737906696468
1 1.25 27 28 50.35101974542818 0.2355938618419902
1 1.25 28 29 51.72821746752174 0.2227196662414453
1 1.25 29 30 52.56854231156194 0.2107559313237707
1 1.25 30 31 52.97320613201657 0.1996187154810339
1 1.25 31 32 53.0249899364469 0.1892337889965998
1 1.25 32 33 52.79179044328214 0.1795352840792736
1 1.25 33 34 52.32943099247285 0.1704645625983207
1 1.25 34 35 51.68390169999191 0.1619692616302201
1 1.25 35 36 50.89315394579017 0.154002486569237
1 1.25 36 37 49.98854472623776 0.1465221234993384
1 1.25 37 38 48.99600442415561 0.1394902533760428
1 1.25 38 39 47.93698489659795 0.1328726492489023
1 1.25 39 40 46.82923217915175 0.1266383436380168
1 1.25 40 41 45.68741865563157 0.1207592549747573
1 1.25 41 42 44.52366187010745 0.1152098641304767
1 1.25 42 43 43.34795180564578 0.1099669329529163
1 1.25 43 44 42.16850375297145 0.1050092589306728
1 1.25 44 45 40.99205055906049 0.1003174606069919
1 1.25 45 46 39.82291538742919 0.09624887653317807
1 1.25 46 47 38.66775938333041 0.09420484322024124
1 1.25 47 48 37.52899088913435 0.09438582613400415
1 1.25 48 49 36.40947018306727 0.09731824042149176
1 1.25 49 50 35.31125824814558 0.105009886608045
1.25 1.5 0 1 5119.529081863087 3.353461276795438
1.25 1.5 1 2 -2262.557988185045 4.281697126825541
1.25 1.5 2 3 -5483.219518683936 1.669637090581406
1.25 1.5 3 4 -4304.453628113173 1.595467112011894
1.25 1.5 4 5 -3127.549657600011 1.421323758111553
1.25 1.5 5 6 -2259.15431631595 1.254184672390847
1.25 1.5 6 7 -1644.834785118249 1.109771698126046
1.25 1.5 7 8 -1209.352507915617 0.9877217494559573
1.25 1.5 8 9 -896.5604124585007 0.883878843509354
1.25 1.5 9 10 -668.3756046642311 0.7966390911952701
1.25 1.5 10 11 -499.2951899484215 0.7210209452596712
1.25 1.5 11 12 -372.3899155999807 0.6559100525854513
1.25 1.5 12 13 -276.0002718078158 0.5992164718496579
1.25 1.5 13 14 -202.0619270432235 0.5495021887764896
1.25 1.5 14 15 -144.88042486426 0.5056258657844601
1.25 1.5 15 16 -100.3669220077547 0.4666742715753155
1.25 1.5 16 17 -65.5396593669318 0.4319101389421653
1.25 1.5 17 18 -38.19326219480718 0.4007328916671081
1.25 1.5 18 19 -16.67555951183112 0.3726490385582001
1.25 1.5 19 20 0.2655855417110615 0.347249734653054
1.25 1.5 20 21 13.58908775280656 0.3241936397281728
1.25 1.5 21 22 24.03624669384919 0.3031937169680995
1.25 1.5 22 23 32.18501431054358 0.2840069703641789
1.25 1.5 23 24 38.4894503136245 0.266426400745384
1.25 1.5 24 25 43.30875152284932 0.2502746477160557
1.25 1.5 25 26 46.92884578475582 0.2367388052902727
1.25 1.5 26 27 49.57861849124424 0.2252967476313021
1.25 1.5 27 28 51.44222035187443 0.2146033153589037
1.25 1.5 28 29 52.66848390662653 0.2045955763970537
1.25 1.5 29 30 53.37818575078359 0.1952169647244964
1.25 1.5 30 31 53.66968900501081 0.1864165600856823
1.25 1.5 31 32 53.62335750320767 0.1781484502975801
1.25 1.5 32 33 53.30503115505365 0.1703711693855816
1.25 1.5 33 34 52.76877842962767 0.1630472017901665
1.25 1.5 34 35 52.05908837481934 0.1561425474636955
1.25 1.5 35 36 51.21262529493379 0.1496263386407892
1.25 1.5 36 37 50.25964006789832 0.1434705027314312
1.25 1.5 37 38 49.22511040284678 0.137649465953705
1.25 1.5 38 39 48.12966594555741 0.132139891734084
1.25 1.5 39 40 46.99034172522818 0.1269204502971723
1.25 1.5 40 41 45.82119413623855 0.1219716143500525
1.25 1.5 41 42 44.63380611183243 0.1172754793481473
1.25 1.5 42 43 43.43770287451576 0.1128156032061745
1.25 1.5 43 44 42.24069503832243 0.1085768646475285
1.25 1.5 44 45 41.04916256413344 0.1045453371495298
1.25 1.5 45 46 39.86714180539209 0.1010418221771531
1.25 1.5 46 47 38.70098083563016 0.09929912539042923
1.25 1.5 47 48 37.55287366330541 0.09947817789189993
1.25 1.5 48 49 36.42547399295333 0.1014715689096754
1.25 1.5 49 50 35.32065745331738 0.1040717611738214
1.5 1.75 0 1 4715.519887866157 0.9313658900066748
1.5 1.75 1 2 -2643.922167427276 0.7543812277231481
1.5 1.75 2 3 -5511.558835346889 1.692885701059408
1.5 1.75 3 4 -4271.74824406503 1.638477341615654
1.5 1.75 4 5 -3082.64190370578 1.464963654690729
1.5 1.75 5 6 -2214.495529716679 1.290061489549528
1.5 1.75 6 7 -1603.914372426166 1.136585249818325
1.5 1.75 7 8 -1172.946912028653 1.006553771849811
1.5 1.75 8 9 -864.5374027545072 0.8962769952815823
1.5 1.75 9 10 -640.3105323296786 0.8040506228320053
1.5 1.75 10 11 -474.7114489879964 0.7246508132634861
1.5 1.75 11 12 -350.8158333227366 0.6566714642580439
1.5 1.75 12 13 -257.0171072058008 0.5978142992712339
1.5 1.75 13 14 -185.3060453562621 0.5464723206605434
1.5 1.75 14 15 -130.0407091264858 0.5013762449581747
1.5 1.75 15 16 -87.17898049584915 0.4615167058874372
1.5 1.75 16 17 -53.77934818379822 0.4260841640342287
1.5 1.75 17 18 -27.67055188042627 0.3944234668996177
1.5 1.75 18 19 -7.229111175237676 0.3659996507607516
1.5 1.75 19 20 8.773059972292685 0.3403721346966196
1.5 1.75 20 21 21.27472722755851 0.3171751206316319
1.5 1.75 21 22 31.00029368443734 0.2961025934537025
1.5 1.75 22 23 38.51351562788375 0.2768967359248049
1.5 1.75 23 24 44.25649708602464 0.2593389063332217
1.5 1.75 24 25 48.57833791259702 0.2432425495047496
1.5 1.75 25 26 51.75641372379039 0.2284475809336005
1.5 1.75 26 27 54.01234427616794 0.2148159008412713
1.5 1.75 27 28 55.52408898437466 0.202227785935721
1.5 1.75 28 29 56.43518869311765 0.1905789632177345
1.5 1.75 29 30 56.86188376836753 0.1797782235892999
1.5 1.75 30 31 56.89863739745942 0.1697454608859199
1.5 1.75 31 32 56.62245098692489 0.1604100521437311
1.5 1.75 32 33 56.09625740268893 0.1517095114377225
1.5 1.75 33 34 55.37160499179487 0.1435883652964424
1.5 1.75 34 35 54.49079236148049 0.1359972080405509
1.5 1.75 35 36 53.48857506527185 0.1288919053388979
1.5 1.75 36 37 52.39353656346839 0.1222329183412436
1.5 1.75 37 38 51.22919445398907 0.115984729073086
1.5 1.75 38 39 50.01489680586934 0.1101153486259862
1.5 1.75 39 40 48.76655121413563 0.1045958964444233
1.5 1.75 40 41 47.49722004576228 0.09940023594315225
1.5 1.75 41 42 46.21760794516575 0.09450466197716156
1.5 1.75 42 43 44.93646248590107 0.08988762815543284
1.5 1.75 43 44 43.6609043435032 0.08552951040373021
1.5 1.75 44 45 42.39670015107504 0.08141240074931863
1.5 1.75 45 46 41.14736012060698 0.07822400949921024
1.5 1.75 46 47 39.9187113133722 0.07853430419083286
1.5 1.75 47 48 38.71253184547749 0.08242309880938553
1.5 1.75 48 49 37.53108517751969 0.0892380425735904
1.5 1.75 49 50 36.37590510423652 0.09643384673889631
1.75 2 0 1 4285.557901045561 1.068425646885628
1.75 2 1 2 -3030.935373772033 2.520027564373626
1.75 2 2 3 -5525.590506772842 2.805817001931076
1.75 2 3 4 -4234.327057398526 2.350300088036162
1.75 2 4 5 -3041.335243744009 1.954604526105157
1.75 2 5 6 -2178.167959312977 1.6503020983805
1.75 2 6 7 -1573.622068265614 1.415751443815144
1.75 2 7 8 -1148.040759925232 1.231470178054869
1.75 2 8 9 -844.1004251667496 1.083124886536242
1.75 2 9 10 -623.5080514323095 0.9616610736596989
1.75 2 10 11 -460.845717631802 0.8608549486322064
1.75 2 11 12 -339.3304691187518 0.7756218072401708
1.75 2 12 13 -247.4671949461724 0.702810170951801
1.75 2 13 14 -177.3365820530119 0.6399672340200971
1.75 2 14 15 -123.3673863038255 0.5852434927235088
1.75 2 15 16 -81.57298289999039 0.537218552282401
1.75 2 16 17 -49.05555459718676 0.4947836155378739
1.75 2 17 18 -23.67841869948165 0.4570604684985554
1.75 2 18 19 -3.845616487394864 0.4233444710638136
1.75 2 19 20 11.64890300123602 0.3930636714900126
1.75 2 20 21 23.72616200016489 0.365748970907052
1.75 2 21 22 33.0961984752405 0.3410120029453134
1.75 2 22 23 40.31107981309287 0.3185284956665758
1.75 2 23 24 45.80335419529763 0.2980255911219996
1.75 2 24 25 49.91427558847374 0.279272064765441
1.75 2 25 26 52.91475193735869 0.2620706982154949
1.75 2 26 27 55.0210517562457 0.2462522707197614
1.75 2 27 28 56.40669181763451 0.2316707821442501
1.75 2 28 29 57.21151299276357 0.2181996216341426
1.75 2 29 30 57.54866516295965 0.2057284706959619
1.75 2 30 31 57.51002309953424 0.1941607810921351
1.75 2 31 32 57.17041482094049 0.1834117070138027
1.75 2 32 33 56.59094400553738 0.1734063977327806
1.75 2 33 34 55.82161614820996 0.1640785812664591
1.75 2 34 35 54.90342588939654 0.1553693803721747
1.75 2 35 36 53.87002465379504 0.1472263200737119
1.75 2 36 37 52.74905937543593 0.1396024892494257
1.75 2 37 38 51.5632520325143 0.1324558311491698
1.75 2 38 39 50.33127380728877 0.1257485383194943
1.75 2 39 40 49.06845567490382 0.1194465363080667
1.75 2 40 41 47.78736822649586 0.1135190398263826
1.75 2 41 42 46.49829626786817 0.10793817111893
1.75 2 42 43 45.20962863392532 0.1026786290686046
1.75 2 43 44 43.92817925334074 0.09771740319663547
1.75 2 44 45 42.65945232075674 0.09303352400616219
1.75 2 45 46 41.40676474821888 0.08896180441609161
1.75 2 46 47 40.17569041947363 0.08682436844272236
1.75 2 47 48 38.96787441474905 0.08680442215493102
1.75 2 48 49 37.78543931023782 0.09058474603200234
1.75 2 49 50 36.62979090621249 0.09742362604015721
2 2.25 0 1 3807.046312108031 1.052657452127695
2 2.25 1 2 -3444.851525212667 0.8645444396986165
2 2.25 2 3 -5522.260437459941 1.651216613238521
2 2.25 3 4 -4162.580482841613 1.527001085172288
2 2.25 4 5 -2959.416053377035 1.346380615646524
2 2.25 5 6 -2100.852005661805 1.186846567252293
2 2.25 6 7 -1504.634523933788 1.053157145155057
2 2.25 7 8 -1087.754379279449 0.9409747176177614
2 2.25 8 9 -791.8111797756337 0.845884090336563
2 2.25 9 10 -578.2256296043784 0.7653100126865511
2 2.25 10 11 -421.6070845190447 0.6951631591673871
2 2.25 11 12 -305.2381952062854 0.6343815145428633
2 2.25 12 13 -217.7532913862772 0.5811451573609626
2 2.25 13 14 -151.3500959067101 0.5342096913258086
2 2.25 14 15 -100.5612683446982 0.4925836304760174
2 2.25 15 16 -61.4888063007345 0.4554683447496137
2 2.25 16 17 -31.30906322211558 0.4222140707366762
2 2.25 17 18 -7.94689869175636 0.3922872812452249
2 2.25 18 19 10.14274232655771 0.3652461748715793
2 2.25 19 20 24.12381001181757 0.3407220461166806
2 2.25 20 21 34.88244816681936 0.3184049663089477
2 2.25 21 22 43.09972240047512 0.298032671589663
2 2.25 22 23 49.30355591465911 0.2793818514297524
2 2.25 23 24 53.90630540678501 0.2622612633385175
2 2.25 24 25 57.23227735386718 0.2465062451778289
2 2.25 25 26 59.53810276824424 0.2319743082178994
2 2.25 26 27 61.02797920926457 0.2185415700754544
2 2.25 27 28 61.86518121869017 0.2060998520147377
2 2.25 28 29 62.1808289140414 0.1945542971030803
2 2.25 29 30 62.08062184953337 0.1838214072571371
2 2.25 30 31 61.65004904612846 0.1738274142409018
2 2.25 31 32 60.95844796107593 0.1645069216803716
2 2.25 32 33 60.06218702053224 0.1558017660567666
2 2.25 33 34 59.00717585408518 0.1476600580184502
2 2.25 34 35 57.83085622381986 0.1400353699513602
2 2.25 35 36 56.56378922663617 0.1328860471554326
2 2.25 36 37 55.23092667927165 0.1261746182906383
2 2.25 37 38 53.85263409908617 0.1198672913344964
2 2.25 38 39 52.44551721787798 0.1139335197698373
2 2.25 39 40 51.02309231166066 0.1083456283977336
2 2.25 40 41 49.59633190074584 0.103078488526908
2 2.25 41 42 48.1741103524385 0.09810923718045543
2 2.25 42 43 46.76356897979053 0.09341703148653793
2 2.25 43 44 45.37041598760325 0.08898283373962601
2 2.25 44 45 43.99917355252231 0.08478922422379509
2 2.25 45 46 42.65230698259606 0.08147681754329122
2 2.25 46 47 41.33456953476042 0.08143789503392357
2 2.25 47 48 40.04693273085596 0.08473508658206338
2 2.25 48 49 38.79089699455608 0.09074748561240414
2 2.25 49 50 37.56731318873102 0.09710473408594776
2.25 2.5 0 1 3299.108097630718 1.73125640897569
2.25 2.5 1 2 -3857.260927232298 0.9552927511765791
2.25 2.5 2 3 -5477.921860870818 1.684744214083681
2.25 2.5 3 4 -4057.798491674242 1.579154953165344
2.25 2.5 4 5 -2857.146523335479 1.45324777359346
2.25 2.5 5 6 -2013.080709403944 1.304228035778877
2.25 2.5 6 7 -1431.841952554422 1.166324582730571
2.25 2.5 7 8 -1027.892169191211 1.045326673376689
2.25 2.5 8 9 -742.5565630803421 0.9408918663838501
2.25 2.5 9 10 -537.5475877577328 0.8501117868079193
2.25 2.5 10 11 -387.864389720623 0.7720002561374351
2.25 2.5 11 12 -277.1097988224974 0.7037521220129197
2.25 2.5 12 13 -194.1977520277949 0.643962286111922
2.25 2.5 13 14 -131.5415385354679 0.5912895659233834
2.25 2.5 14 15 -83.84143481976753 0.5446378971414176
2.25 2.5 15 16 -47.32969750427424 0.5031106504637195
2.25 2.5 16 17 -19.28431914096859 0.4659713827470506
2.25 2.5 17 18 2.290046833642236 0.4326119231872089
2.25 2.5 18 19 18.87537698180722 0.4025269974148597
2.25 2.5 19 20 31.58540237504485 0.3752942146036369
2.25 2.5 20 21 41.26600746067072 0.3505583039478934
2.25 2.5 21 22 48.56576852221713 0.3280186701410842
2.25 2.5 22 23 53.98622554971053 0.3074195280492146
2.25 2.5 23 24 57.91818478627647 0.288542041157223
2.25 2.5 24 25 60.66825328113794 0.2711980212142686
2.25 2.5 25 26 62.47845113725305 0.255224849070286
2.25 2.5 26 27 63.54085701097756 0.2404813558972703
2.25 2.5 27 28 64.00864866929066 0.2268444628914408
2.25 2.5 28 29 64.00449903272477 0.2142064246633286
2.25 2.5 29 30 63.62701282939088 0.2024725554953981
2.25 2.5 30 31 62.9556981467066 0.1915593426418219
2.25 2.5 31 32 62.05483300358486 0.1813928744677599
2.25 2.5 32 33 60.97649186660453 0.1719075230979623
2.25 2.5 33 34 59.762928761539 0.1630448358740769
2.25 2.5 34 35 58.44846415390685 0.1547525979938105
2.25 2.5 35 36 57.06098662043456 0.1469840370334092
2.25 2.5 36 37 55.62315364946107 0.1396971446320689
2.25 2.5 37 38 54.15335614047302 0.1328540960147647
2.25 2.5 38 39 52.66649629550932 0.1264207514819039
2.25 2.5 39 40 51.17461738096364 0.1203662268482145
2.25 2.5 40 41 49.68741546686073 0.1146625217005332
2.25 2.5 41 42 48.21265651733106 0.1092841969805716
2.25 2.5 42 43 46.75651747037207 0.1042080946785258
2.25 2.5 43 44 45.32386589940393 0.09941309268542638
2.25 2.5 44 45 43.91848991220471 0.09487989035230508
2.25 2.5 45 46 42.54224842758344 0.09090814068483079
2.25 2.5 46 47 41.1992636729789 0.08867075832498657
2.25 2.5 47 48 39.89004964108096 0.08830545614411718
2.25 2.5 48 49 38.61567347933902 0.08966734654558907
2.25 2.5 49 50 37.37660497609545 0.09288929710127285
2.5 2.75 0 1 2740.132403085348 2.418668839219614
2.5 2.75 1 2 -4296.535193609169 1.100072995686152
2.5 2.75 2 3 -5423.397103636657 2.509029385765153
2.5 2.75 3 4 -3939.074209077683 2.492380803667829
2.5 2.75 4 5 -2740.049733908538 2.221338740647591
2.5 2.75 5 6 -1910.554713272179 1.947515476766172
2.5 2.75 6 7 -1344.986444755642 1.710034054239406
2.5 2.75 7 8 -954.982307036928 1.510214600470551
2.5 2.75 8 9 -681.3868149586156 1.342778508175211
2.5 2.75 9 10 -486.079950367754 1.201205890549069
2.5 2.75 10 11 -344.3925594086083 1.081251033189649
2.5 2.75 11 12 -240.2204294070882 0.9783203307241898
2.5 2.75 12 13 -162.7509424010352 0.8893953107212191
2.5 2.75 13 14 -104.6162249905253 0.8119932469312391
2.5 2.75 14 15 -60.69176896368344 0.7441566432354597
2.5 2.75 15 16 -27.34917625387448 0.684329704745593
2.5 2.75 16 17 -1.97722790744092 0.6312648287347098
2.5 2.75 17 18 17.33107740934611 0.5839524785906445
2.5 2.75 18 19 31.98694529106228 0.5415685577012042
2.5 2.75 19 20 43.04711222918377 0.5034347038792664
2.5 2.75 20 21 51.31130580598438 0.4689881065261948
2.5 2.75 21 22 57.39051266113995 0.4377583694372442
2.5 2.75 22 23 61.7554924746205 0.409349619488059
2.5 2.75 23 24 64.7717140612076 0.3834265524041889
2.5 2.75 24 25 66.72482237582676 0.35970345741427
2.5 2.75 25 26 67.83941212318564 0.3379355152787275
2.5 2.75 26 27 68.29301067652432 0.3179118449365358
2.5 2.75 27 28 68.22659216766624 0.2994499075830206
2.5 2.75 28 29 67.75255287947112 0.2823909707254607
2.5 2.75 29 30 66.96080998656527 0.2665964082327133
2.5 2.75 30 31 65.92350025145311 0.2519446623441902
2.5 2.75 31 32 64.69862518295446 0.2383287361380644
2.5 2.75 32 33 63.3328970364928 0.2256541101251123
2.5 2.75 33 34 61.86397408894686 0.2138370042914703
2.5 2.75 34 35 60.32222592984687 0.2028029193662643
2.5 2.75 35 36 58.73213472156738 0.1924854076674422
2.5 2.75 36 37 57.11341275365453 0.1828250322212458
2.5 2.75 37 38 55.48189767411128 0.173768481857879
2.5 2.75 38 39 53.85027253181954 0.1652678156990616
2.5 2.75 39 40 52.22864707014065 0.1572798155981324
2.5 2.75 40 41 50.62502871373925 0.149765429237855
2.5 2.75 41 42 49.04570529903566 0.1426892894993338
2.5 2.75 42 43 47.4955570826404 0.1360192978415215
2.5 2.75 43 44 45.97831174694036 0.1297262628764344
2.5 2.75 44 45 44.49675331921759 0.1237835849541927
2.5 2.75 45 46 43.05189041633682 0.1183927337156917
2.5 2.75 46 47 41.64699225749965 0.1143824401231733
2.5 2.75 47 48 40.28191515772542 0.1118686880413211
2.5 2.75 48 49 38.95711110577881 0.1107927722557814
2.5 2.75 49 50 37.67250253809777 0.1103307003774724
2.75 3 0 1 2124.468213859998 2.143158001106192
2.75 3 1 2 -4726.742737994691 3.404181109667113
2.75 3 2 3 -5307.844298924386 5.400634761893336
2.75 3 3 4 -3763.811846158025 4.730399173934732
2.75 3 4 5 -2577.263093411732 3.979972979163015
2.75 3 5 6 -1772.433170453764 3.363266994347396
2.75 3 6 7 -1230.622679090469 2.874378382126004
2.75 3 7 8 -860.7841017895121 2.484927872866139
2.75 3 8 9 -603.6525684020485 2.170748720660431
2.75 3 9 10 -421.6690154277514 1.913235711621716
2.75 3 10 11 -290.7990165768335 1.699415730320062
2.75 3 11 12 -195.3502736077996 1.520044941136063
2.75 3 12 13 -125.0197534157144 1.367539545794009
2.75 3 13 14 -72.74822858527523 1.236735412472471
2.75 3 14 15 -33.66927566949403 1.123580513917435
2.75 3 15 16 -4.355202399016434 1.024944904973843
2.75 3 16 17 17.64851747527541 0.9383779259203255
2.75 3 17 18 34.12583302950929 0.8619367463880176
2.75 3 18 19 46.39066422415306 0.7940634878677074
2.75 3 19 20 55.42229544122392 0.7334958723038763
2.75 3 20 21 61.95836550044783 0.6792013397240859
2.75 3 21 22 66.55975542194722 0.63032783210402
2.75 3 22 23 69.65653205561262 0.5861665743332665
2.75 3 23 24 71.58091679218148 0.5461236066821893
2.75 3 24 25 72.59123614903865 0.5096977784343952
2.75 3 25 26 72.88951828565314 0.4764635681637107
2.75 3 26 27 72.63455585543943 0.4460575484086174
2.75 3 27 28 71.95169608368974 0.4181676298790289
2.75 3 28 29 70.94024274130743 0.3925244459535397
2.75 3 29 30 69.67909794440214 0.3688944000006714
2.75 3 30 31 68.23109459679443 0.3470740148969452
2.75 3 31 32 66.64634636087214 0.3268853110370508
2.75 3 32 33 64.96485449917407 0.3081720016957657
2.75 3 33 34 63.21854842308846 0.2907963436183437
2.75 3 34 35 61.43289169236397 0.2746365153629867
2.75 3 35 36 59.62815238475889 0.2595844235301514
2.75 3 36 37 57.82041264685625 0.2455438585797051
2.75 3 37 38 56.02237444287687 0.2324289368266095
2.75 3 38 39 54.24400518016762 0.2201627787091243
2.75 3 39 40 52.49305688409288 0.2086763831342636
2.75 3 40 41 50.77548515305324 0.1979076641325553
2.75 3 41 42 49.09578816054247 0.1878006244042058
2.75 3 42 43 47.45728179452792 0.1783046430194137
2.75 3 43 44 45.86232348117062 0.1693738597657986
2.75 3 44 45 44.31249465720225 0.1609666411076866
2.75 3 45 46 42.80779144069783 0.1532048178066866
2.75 3 46 47 41.35046262273511 0.1466607038299244
2.75 3 47 48 39.93958846374807 0.141416785719643
2.75 3 48 49 38.57489561354933 0.1374456810502968
2.75 3 49 50 37.25566312766173 0.1341629502233718
3 3.25 0 1 1451.530175458119 1.62263564876883
3 3.25 1 2 -5086.257890101943 7.706237593196699
3 3.25 2 3 -5080.111135039999 9.081261391791561
3 3.25 3 4 -3498.943063302154 7.576114870658711
3 3.25 4 5 -2347.798822156953 6.227022189418208
3 3.25 5 6 -1585.302802454132 5.184063046307229
3 3.25 6 7 -1080.148332028241 4.382387674847639
3 3.25 7 8 -739.8203639265175 3.756272103793025
3 3.25 8 9 -506.0011486050555 3.258064699017865
3 3.25 9 10 -342.3521217755754 2.854488046761679
3 3.25 10 11 -225.9794535394788 2.522715467754097
3 3.25 11 12 -142.1561291317933 2.245650346349647
3 3.25 12 13 -81.1268711603841 2.01206449902723
3 3.25 13 14 -36.39146413586286 1.812786050222589
3 3.25 14 15 -3.45923109974774 1.641264970518929
3 3.25 15 16 20.80725748391615 1.492431230354337
3 3.25 16 17 38.64021463910933 1.362347559861918
3 3.25 17 18 51.65183036504368 1.247914739902314
3 3.25 18 19 61.02215012330123 1.14666320957838
3 3.25 19 20 67.62521496856971 1.056603210816884
3 3.25 20 21 72.11525079474598 0.9761153364165385
3 3.25 21 22 74.98651813560696 0.90386943327432
3 3.25 22 23 76.61549133141466 0.8387637150541856
3 3.25 23 24 77.29098946857027 0.779878488468479
3 3.25 24 25 77.23596905276327 0.7264405879962833
3 3.25 25 26 76.6234657215515 0.6777957557287385
3 3.25 26 27 75.5883778406569 0.6333869836099939
3 3.25 27 28 74.23626005208399 0.592737379077412
3 3.25 28 29 72.64994332462373 0.5554364957080644
3 3.25 29 30 70.89455902491932 0.5211293436186971
3 3.25 30 31 69.02138020220747 0.4895074900630729
3 3.25 31 32 67.0707786660202 0.460301803452531
3 3.25 32 33 65.07451574893435 0.4332764998857314
3 3.25 33 34 63.05752719910231 0.408224229079757
3 3.25 34 35 61.03932134797617 0.3849619950758782
3 3.25 35 36 59.03507971114198 0.363327752359115
3 3.25 36 37 57.05652723765516 0.3431775511964853
3 3.25 37 38 55.11262325961513 0.3243831319341642
3 3.25 38 39 53.21011212653889 0.3068298890416112
3 3.25 39 40 51.3539634778995 0.2904151403807488
3 3.25 40 41 49.54772540593257 0.2750466500770535
3 3.25 41 42 47.79380842250814 0.2606413632154414
3 3.25 42 43 46.09371438590981 0.2471243175535932
3 3.25 43 44 44.44822141274767 0.2344277048389714
3 3.25 44 45 42.85753347480372 0.2224900579120924
3 3.25 45 46 41.32050527499933 0.2113597019103006
3 3.25 46 47 39.83820777779357 0.2013820857478062
3 3.25 47 48 38.40886180282186 0.1925890202140012
3 3.25 48 49 37.03138538194304 0.1849490472117173
3 3.25 49 50 35.7043453131823 0.1780683394242437
3.25 3.5 0 1 741.8284025777209 0.4568765973421101
3.25 3.5 1 2 -5267.736688485022 18.16702959851991
3.25 3.5 2 3 -4672.236093854997 15.17081404808332
3.25 3.5 3 4 -3104.725247679131 11.64446417972343
3.25 3.5 4 5 -2028.708936190383 9.164929620505553
3.25 3.5 5 6 -1336.250030070019 7.413409099051249
3.25 3.5 6 7 -886.7404155462978 6.133082402780122
3.25 3.5 7 8 -589.0258347504787 5.166070389493349
3.25 3.5 8 9 -387.6849877283273 4.415352427462171
3.25 3.5 9 10 -248.9299546306409 3.818880804307298
3.25 3.5 10 11 -151.68158539258 3.33586295301468
3.25 3.5 11 12 -82.86506815047414 2.938499089130167
3.25 3.5 12 13 -33.5828367798083 2.607136911423941
3.25 3.5 13 14 1.695538328953717 2.327268629240292
3.25 3.5 14 15 27.10279090770496 2.088689211573039
3.25 3.5 15 16 45.29417021561221 1.883426078211775
3.25 3.5 16 17 58.19094253364437 1.70542924934456
3.25 3.5 17 18 67.16913965623053 1.54999219680234
3.25 3.5 18 19 73.22754680799301 1.413403444545478
3.25 3.5 19 20 77.09969555247869 1.292700354099056
3.25 3.5 20 21 79.32988264487631 1.185491965628521
3.25 3.5 21 22 80.32562709994875 1.08982943940757
3.25 3.5 22 23 80.39441655261771 1.004109901994586
3.25 3.5 23 24 79.76980332158092 0.9270041212327014
3.25 3.5 24 25 78.63017006826476 0.8574014339896711
3.25 3.5 25 26 77.11237888517263 0.794367337335287
3.25 3.5 26 27 75.32180284511378 0.7371104917520427
3.25 3.5 27 28 73.33976931289322 0.684956801352022
3.25 3.5 28 29 71.22913117952055 0.6373288723128365
3.25 3.5 29 30 69.03847021874037 0.5937295996052243
3.25 3.5 30 31 66.80529168897323 0.5537289516685898
3.25 3.5 31 32 64.55846854296504 0.516953253755795
3.25 3.5 32 33 62.32012296606723 0.4830764396063991
3.25 3.5 33 34 60.1070828727911 0.4518128647746532
3.25 3.5 34 35 57.93201511843699 0.4229113686030135
3.25 3.5 35 36 55.80431124829346 0.3961503402473457
3.25 3.5 36 37 53.73078268738075 0.3713335979369902
3.25 3.5 37 38 51.71620840963823 0.3482869302211866
3.25 3.5 38 39 49.76376780213505 0.3268551796164274
3.25 3.5 39 40 47.875383744023 0.3068997725117015
3.25 3.5 40 41 46.05199524619042 0.2882966184093713
3.25 3.5 41 42 44.29377447116624 0.2709343161146667
3.25 3.5 42 43 42.60029979838401 0.2547126164469143
3.25 3.5 43 44 40.97069397931926 0.2395410997167433
3.25 3.5 44 45 39.40373447071087 0.2253380343721938
3.25 3.5 45 46 37.89713566283788 0.2121188731874418
3.25 3.5 46 47 36.45072322263212 0.2001611965274437
3.25 3.5 47 48 35.06189200457881 0.1894812272482662
3.25 3.5 48 49 33.72876727358852 0.1800440166474241
3.25 3.5 49 50 32.44922968131121 0.1714996224280043
3.5 3.75 0 1 73.52140870299894 1.763466658389138
3.5 3.75 1 2 -5081.312547483985 25.94424652232908
3.5 3.75 2 3 -4001.438434658873 17.85534498524471
3.5 3.75 3 4 -2546.84617438766 12.84852157345862
3.5 3.75 4 5 -1608.618472680797 9.747886982166495
3.5 3.75 5 6 -1024.868394487533 7.686145342005648
3.5 3.75 6 7 -655.2249857247612 6.234377001980702
3.5 3.75 7 8 -415.6065530390749 5.166466623259978
3.5 3.75 8 9 -256.8337358949366 4.353858243553357
3.5 3.75 9 10 -149.6528118331757 3.718868743806787
3.5 3.75 10 11 -76.21603684646652 3.211654448093603
3.5 3.75 11 12 -25.07800001000282 2.799152049785115
3.5 3.75 12 13 10.17529889543448 2.457178633197309
3.5 3.75 13 14 34.98443913346819 2.175061271204786
3.5 3.75 14 15 51.78874403004227 1.933051691486699
3.5 3.75 15 16 63.36077603141268 1.727560415873667
3.5 3.75 16 17 71.01102130978018 1.550673655170185
3.5 3.75 17 18 75.81157240870141 1.397273630536211
3.5 3.75 18 19 78.53188994896334 1.263358926693735
3.5 3.75 19 20 79.73055586496707 1.145760124922476
3.5 3.75 20 21 79.81704627537454 1.041937449141328
3.5 3.75 21 22 79.0940239151725 0.9498342356967825
3.5 3.75 22 23 77.78673805653523 0.8677691451015905
3.5 3.75 23 24 76.06374663768696 0.7943557356610643
3.5 3.75 24 25 74.05170643379728 0.7284416712120829
3.5 3.75 25 26 71.8460502816223 0.6690622228809572
3.5 3.75 26 27 69.51877530825004 0.6154043161742068
3.5 3.75 27 28 67.12417749457063 0.5667784526115901
3.5 3.75 28 29 64.70311034932763 0.5225965782142764
3.5 3.75 29 30 62.28617212204989 0.4823544895062062
3.5 3.75 30 31 59.89610797208843 0.4456177354676653
3.5 3.75 31 32 57.54963198937293 0.4120102367183267
3.5 3.75 32 33 55.25881709780623 0.3812050349699672
3.5 3.75 33 34 53.0321607611001 0.3529167248847402
3.5 3.75 34 35 50.87540582999415 0.3268952251461736
3.5 3.75 35 36 48.79217530534589 0.3029206222503999
3.5 3.75 36 37 46.78446487377968 0.2807988796168988
3.5 3.75 37 38 44.8530261904848 0.2603582486280461
3.5 3.75 38 39 42.99766581881761 0.2414462524061421
3.5 3.75 39 40 41.21747876427216 0.2239271399543737
3.5 3.75 40 41 39.511031151268 0.2076797275568911
3.5 3.75 41 42 37.8765031151656 0.1925955617933652
3.5 3.75 42 43 36.31180055853763 0.1785773499295645
3.5 3.75 43 44 34.81464245002519 0.1655376144945648
3.5 3.75 44 45 33.38262883795565 0.1533975354712891
3.5 3.75 45 46 32.01261868230625 0.142191080096097
3.5 3.75 46 47 30.70335019621052 0.1322680760463785
3.5 3.75 47 48 29.45166434065715 0.1236816384594071
3.5 3.75 48 49 28.25511612687386 0.1164223148220784
3.5 3.75 49 50 27.11111933716063 0.1100999777267725
3.75 4 0 1 -432.8408931054298 2.00862809362883
3.75 4 1 2 -4360.60119782016 31.44538079411732
3.75 4 2 3 -3037.241883934645 15.36038894845867
3.75 4 3 4 -1830.90541733539 9.301399182530041
3.75 4 4 5 -1104.321120917859 6.248762884867828
3.75 4 5 6 -670.6327830585731 4.465262919729929
3.75 4 6 7 -404.6129341399969 3.323304157988744
3.75 4 7 8 -236.9965371373742 2.544954272990922
3.75 4 8 9 -128.934633169675 1.989953559072311
3.75 4 9 10 -58.03313569097531 1.579827095718954
3.75 4 10 11 -11.05227250559835 1.266704404835167
3.75 4 11 12 20.31119699036003 1.03022999021728
3.75 4 12 13 41.16285546279221 0.8402378790292853
3.75 4 13 14 54.84746535900661 0.684292058606787
3.75 4 14 15 63.59607979183113 0.5730905890291697
3.75 4 15 16 68.85966999407617 0.4672647147639001
3.75 4 16 17 71.7100354871904 0.3862957898853588
3.75 4 17 18 72.84826497518287 0.3200717107353585
3.75 4 18 19 72.78026706187848 0.2660736008181661
3.75 4 19 20 71.8670510105211 0.2224475261316522
3.75 4 20 21 70.36841988225297 0.1969795384696293
3.75 4 21 22 68.4725772500521 0.1832813380084473
3.75 4 22 23 66.31649961745023 0.1707970802968192
3.75 4 23 24 64.00015018571571 0.1593875164168668
3.75 4 24 25 61.59652019731607 0.148933135150745
3.75 4 25 26 59.15880268135103 0.1393308672578998
3.75 4 26 27 56.72556948156196 0.1304914149561937
3.75 4 27 28 54.32454126016304 0.1223370763445093
3.75 4 28 29 51.97535520571554 0.1197282516992997
3.75 4 29 30 49.69161157388342 0.1227145955519227
3.75 4 30 31 47.48239664780951 0.125898682264872
3.75 4 31 32 45.3534223832649 0.1290352832741694
3.75 4 32 33 43.30788329863694 0.1319772095677419
3.75 4 33 34 41.34710334727453 0.1346421376979459
3.75 4 34 35 39.47102582622364 0.1369895685766809
3.75 4 35 36 37.67858529911024 0.1390054281871499
3.75 4 36 37 35.96799038061862 0.1406919739569797
3.75 4 37 38 34.33693888252766 0.1420612441191226
3.75 4 38 39 32.78278141976519 0.1431308320627568
3.75 4 39 40 31.30264560013849 0.143921177121899
3.75 4 40 41 29.89353002795508 0.1444538416641603
3.75 4 41 42 28.55237506717765 0.1447504317985234
3.75 4 42 43 27.27611573580094 0.1448319371685819
3.75 4 43 44 26.06172083936251 0.1447183450002023
3.75 4 44 45 24.90622147476655 0.1444284318219613
3.75 4 45 46 23.80623059558409 0.1440511786810623
3.75 4 46 47 22.75984302010792 0.1438486257615555
3.75 4 47 48 21.76387953368657 0.1438332833837762
3.75 4 48 49 20.81577998483726 0.1439761008851017
3.75 4 49 50 19.91292482535351 0.1440659201340959
4 5 0 1 -1215.268206479995 4.108395093022696
4 5 1 2 -4885.773503913313 10.79436356256339
4 5 2 3 -2793.999672356525 6.626322316848272
4 5 3 4 -1455.581035795771 4.608497764161541
4 5 4 5 -748.5655875420362 3.308217675865127
4 5 5 6 -370.3244146263653 2.484224415325672
4 5 6 7 -159.6651708946852 1.981365086299243
4 5 7 8 -39.03965151606121 1.644405002819575
4 5 8 9 30.98275236634299 1.39221938876617
4 5 9 10 71.51831082012347 1.192071837533006
4 5 10 11 94.36017007484679 1.034557376774644
4 5 11 12 106.3845829124446 0.9091500011378999
4 5 12 13 111.7045357951044 0.8036355601632137
4 5 13 14 112.825503001383 0.7126060850950239
4 5 14 15 111.3173911479959 0.6356866928516919
4 5 15 16 108.1906122989255 0.5708282598812877
4 5 16 17 104.1048503233968 0.515135248882224
4 5 17 18 99.49012788994503 0.4662429430602919
4 5 18 19 94.62639544199942 0.4229219666262992
4 5 19 20 89.69644037357432 0.3845754148745392
4 5 20 21 84.81955931809642 0.350680811312007
4 5 21 22 80.07249504046138 0.3206320023593104
4 5 22 23 75.50285210332521 0.2938267749036299
4 5 23 24 71.13818800951421 0.2697648181969999
4 5 24 25 66.99239519592686 0.2480698444423295
4 5 25 26 63.07018823949375 0.2284589981823149
4 5 26 27 59.37021020695815 0.2107034552980568
4 5 27 28 55.887153683402 0.1946030811919601
4 5 28 29 52.61320481181005 0.1799767478615918
4 5 29 30 49.53903317064736 0.1666613077248723
4 5 30 31 46.65447682579102 0.1545127114317563
4 5 31 32 43.94901848717942 0.1434060714895302
4 5 32 33 41.41211457939096 0.1332341243862369
4 5 33 34 39.03341863399308 0.1239047253758491
4 5 34 35 36.80292819087036 0.1153381576161231
4 5 35 36 34.7110765424883 0.1074647634507531
4 5 36 37 32.74878515990099 0.1002230813494356
4 5 37 38 30.90748852713454 0.09355846935623426
4 5 38 39 29.17913995255975 0.08742210288107237
4 5 39 40 27.55620452804781 0.08177022522445142
4 5 40 41 26.03164367441798 0.07656355563224942
4 5 41 42 24.59889434802289 0.07176679091059825
4 5 42 43 23.25184510065225 0.06761773236092705
4 5 43 44 21.98481053793022 0.06378008700727941
4 5 44 45 20.79250519858682 0.06015109650028833
4 5 45 46 19.6695223572737 0.0572119134891582
4 5 46 47 18.61195329760632 0.05672207735385422
4 5 47 48 17.61510440052824 0.05864446849704343
4 5 48 49 16.67508224949984 0.06244257085574543
4 5 49 50 15.78787771518997 0.06658054250436866
-5 5 0 50 -546396.5672388984 98.87596498258644
