#ylo yhi qTlo qThi PDF0  uncertainty
-5 -4 0 1 -1187.618653364976 3.800515822088547
-5 -4 1 2 -4844.60464689865 10.7250092971073
-5 -4 2 3 -2780.934772851875 6.849879903130377
-5 -4 3 4 -1460.44080319209 4.847066195569587
-5 -4 4 5 -759.5737273002771 3.534290974461231
-5 -4 5 6 -381.9070363513433 2.680684751067036
-5 -4 6 7 -170.1000266936921 2.137165224302011
-5 -4 7 8 -47.94561037108724 1.76643508157291
-5 -4 8 9 23.5318193831522 1.491917806621321
-5 -4 9 10 65.33915254951694 1.277246063400916
-5 -4 10 11 89.25017645869173 1.108451518536782
-5 -4 11 12 102.1590822559915 0.9734212660380916
-5 -4 12 13 108.2080315823777 0.8605088954678913
-5 -4 13 14 109.9307760619643 0.7642280296083456
-5 -4 14 15 108.9196373838255 0.6826684061841719
-5 -4 15 16 106.2052510225576 0.6137100319088716
-5 -4 16 17 102.463215232034 0.5544470338296347
-5 -4 17 18 98.13627668083257 0.5025118967317954
-5 -4 18 19 93.51453715620505 0.4565805081318384
-5 -4 19 20 88.78889850983319 0.4159356744585167
-5 -4 20 21 84.08516827712657 0.379970876235539
-5 -4 21 22 79.48533769160369 0.3480382733468829
-5 -4 22 23 75.04126386939367 0.3195151861911696
-5 -4 23 24 70.78396882393818 0.2938844526475862
-5 -4 24 25 66.73018344216339 0.2707509312778888
-5 -4 25 26 62.88696090755951 0.2498124552184531
-5 -4 26 27 59.25488158444821 0.2308231527653743
-5 -4 27 28 55.83025127671465 0.2135693473133869
-5 -4 28 29 52.6066061257948 0.1978596114821054
-5 -4 29 30 49.57575073087925 0.1835228206386288
-5 -4 30 31 46.72848166775533 0.170408378070851
-5 -4 31 32 44.05509448700295 0.1583856934959348
-5 -4 32 33 41.54573764547919 0.147342359781164
-5 -4 33 34 39.19065604209037 0.1371815500516623
-5 -4 34 35 36.98035432086201 0.1278193084327257
-5 -4 35 36 34.90570203907895 0.1191821761887227
-5 -4 36 37 32.95799713272443 0.1112053116395864
-5 -4 37 38 31.12899987166928 0.1038310804999911
-5 -4 38 39 29.41094624366552 0.09700801284743196
-5 -4 39 40 27.79654722542745 0.09069001292223469
-5 -4 40 41 26.27897861343657 0.08483573192194384
-5 -4 41 42 24.85186467308706 0.07940804301028383
-5 -4 42 43 23.50925794580385 0.074373583485183
-5 -4 43 44 22.2456168821058 0.06970234624111693
-5 -4 44 45 21.05578241609268 0.06536731143919174
-5 -4 45 46 19.93446040671739 0.06178890747286919
-5 -4 46 47 18.87783072382457 0.06056138316897807
-5 -4 47 48 17.88128833473504 0.06185997169917343
-5 -4 48 49 16.94101678656048 0.0657204111646785
-5 -4 49 50 16.053067368231 0.0699145328364187
-4 -3.75 0 1 -412.8047262954032 2.020028437524107
-4 -3.75 1 2 -4320.460441500636 29.80791105022196
-4 -3.75 2 3 -3020.801215221264 14.33924332972812
-4 -3.75 3 4 -1828.07124501722 8.597473911146393
-4 -3.75 4 5 -1106.782494753142 5.730386405994174
-4 -3.75 5 6 -674.5387578807683 4.066545183963957
-4 -3.75 6 7 -408.5876282046595 3.007150699167908
-4 -3.75 7 8 -240.5837728980941 2.288664706158383
-4 -3.75 8 9 -132.0325883974228 1.778124409894298
-4 -3.75 9 10 -60.72794632626778 1.403842323959402
-4 -3.75 10 11 -13.50327518529184 1.121678095733169
-4 -3.75 11 12 18.35612281748081 0.9047594786391246
-4 -3.75 12 13 39.89680594340609 0.7270500956312588
-4 -3.75 13 14 53.89701044596563 0.5993407519473707
-4 -3.75 14 15 62.56158953175532 0.4882561915279564
-4 -3.75 15 16 68.02288732523846 0.4009867848836739
-4 -3.75 16 17 71.02633531623917 0.3306399440565165
-4 -3.75 17 18 72.29344110840702 0.2741504692833368
-4 -3.75 18 19 72.33429685878338 0.2296875473630847
-4 -3.75 19 20 71.51331821798345 0.2129719576736189
-4 -3.75 20 21 70.09307890023246 0.1978329473621405
-4 -3.75 21 22 68.26403964545392 0.1840774363504921
-4 -3.75 22 23 66.16502170752699 0.1715414722793639
-4 -3.75 23 24 63.89750226996341 0.1600850805637517
-4 -3.75 24 25 61.53572096014622 0.1495881421938454
-4 -3.75 25 26 59.13390531766413 0.139947074904012
-4 -3.75 26 27 56.73148880072179 0.1310721448494711
-4 -3.75 27 28 54.35691327829451 0.1301086354043482
-4 -3.75 28 29 52.03042255741471 0.1327564347058826
-4 -3.75 29 30 49.76612951364322 0.1355140268161084
-4 -3.75 30 31 47.57355553954304 0.1381738300845353
-4 -3.75 31 32 45.45878345637922 0.1406141374188064
-4 -3.75 32 33 43.42532512910043 0.1427694468109427
-4 -3.75 33 34 41.47477705629417 0.1446102073842181
-4 -3.75 34 35 39.60731739948217 0.1461293846032203
-4 -3.75 35 36 37.82208375296088 0.1473336838462548
-4 -3.75 36 37 36.11746075427388 0.1482378662990325
-4 -3.75 37 38 34.49129923218358 0.1488610931783231
-4 -3.75 38 39 32.94108314863381 0.1492245918825688
-4 -3.75 39 40 31.46405658111394 0.1493501848280733
-4 -3.75 40 41 30.05732007450108 0.1492593792696299
-4 -3.75 41 42 28.71790338790436 0.1489728239197274
-4 -3.75 42 43 27.44282007012301 0.1485100028482655
-4 -3.75 43 44 26.22910802403611 0.1478890841506022
-4 -3.75 44 45 25.07385923298353 0.1471268666141304
-4 -3.75 45 46 23.97374191072511 0.1463100259472991
-4 -3.75 46 47 22.92689209398439 0.1456990703030952
-4 -3.75 47 48 21.93017441503788 0.1453073136239811
-4 -3.75 48 49 20.98106605337519 0.1451060670521601
-4 -3.75 49 50 20.07697679766116 0.1448826986519433
-3.75 -3.5 0 1 90.73408629128755 1.775404308995191
-3.75 -3.5 1 2 -5047.736183008045 25.41888898864448
-3.75 -3.5 2 3 -3984.245401217629 17.29852955182955
-3.75 -3.5 3 4 -2542.65493250657 12.39268702450104
-3.75 -3.5 4 5 -1610.17199427387 9.376537102650127
-3.75 -3.5 5 6 -1028.261383244343 7.378715286180928
-3.75 -3.5 6 7 -658.9461920761814 5.975531405588686
-3.75 -3.5 7 8 -419.1012864262962 4.945247929898527
-3.75 -3.5 8 9 -259.9155802375506 4.162538572578324
-3.75 -3.5 9 10 -152.2835252314155 3.551580690320649
-3.75 -3.5 10 11 -78.31586006291377 3.063907056002877
-3.75 -3.5 11 12 -27.1641695808828 2.667459844352695
-3.75 -3.5 12 13 8.598325155381417 2.341507704953131
-3.75 -3.5 13 14 33.37665461105314 2.068108075824657
-3.75 -3.5 14 15 50.59404689235384 1.837460631137189
-3.75 -3.5 15 16 62.34354810670459 1.640710608781769
-3.75 -3.5 16 17 70.14410237594836 1.471453082155687
-3.75 -3.5 17 18 75.07238674281825 1.324756058287292
-3.75 -3.5 18 19 77.90166761837349 1.196765781592931
-3.75 -3.5 19 20 79.1936517022508 1.084431528547808
-3.75 -3.5 20 21 79.36036954874635 0.9853099219940233
-3.75 -3.5 21 22 78.70657130493646 0.8974233261616938
-3.75 -3.5 22 23 77.45921559402331 0.8191557459729527
-3.75 -3.5 23 24 75.78826522642061 0.7491751961149427
-3.75 -3.5 24 25 73.82153691762073 0.686375052192348
-3.75 -3.5 25 26 71.65542614159472 0.6298292138451614
-3.75 -3.5 26 27 69.3627332371322 0.5787574516412903
-3.75 -3.5 27 28 66.99842803541327 0.5324983556093991
-3.75 -3.5 28 29 64.6039324119713 0.4904880211707773
-3.75 -3.5 29 30 62.2103265068333 0.4522431117429588
-3.75 -3.5 30 31 59.84076607793648 0.4173472912808938
-3.75 -3.5 31 32 57.51231670671584 0.385440275795837
-3.75 -3.5 32 33 55.23735352557424 0.3562089370030284
-3.75 -3.5 33 34 53.02463488950158 0.329380026116231
-3.75 -3.5 34 35 50.88012971765903 0.3047141873528607
-3.75 -3.5 35 36 48.80765758026581 0.2820010036387952
-3.75 -3.5 36 37 46.80938562688578 0.261054875057066
-3.75 -3.5 37 38 44.88621550911276 0.2417115726586827
-3.75 -3.5 38 39 43.03808535789875 0.2238253430999266
-3.75 -3.5 39 40 41.2642058630743 0.207266465487344
-3.75 -3.5 40 41 39.56324509407006 0.1919191809191428
-3.75 -3.5 41 42 37.93347320888731 0.177679930873318
-3.75 -3.5 42 43 36.37287575390806 0.1644558531080605
-3.75 -3.5 43 44 34.87924228147435 0.1521634927450922
-3.75 -3.5 44 45 33.45023549464226 0.1407276943757587
-3.75 -3.5 45 46 32.08277186345249 0.1301968332556122
-3.75 -3.5 46 47 30.77563308733238 0.1209689157666151
-3.75 -3.5 47 48 29.52570640755312 0.1131142153855081
-3.75 -3.5 48 49 28.3305864006542 0.1066305912291688
-3.75 -3.5 49 50 27.1877195513876 0.101092100176068
-3.5 -3.25 0 1 756.8715786636955 0.4621182124825966
-3.5 -3.25 1 2 -5251.666837918698 18.88845470009451
-3.5 -3.25 2 3 -4663.217603456445 15.47550668927067
-3.5 -3.25 3 4 -3104.430102714824 11.80901597683479
-3.5 -3.25 4 5 -2032.340483334288 9.263912038153251
-3.5 -3.25 5 6 -1340.835289393987 7.476307131607145
-3.5 -3.25 6 7 -891.1762464909571 6.174091109381424
-3.5 -3.25 7 8 -592.9593566761898 5.192909166507418
-3.5 -3.25 8 9 -391.0399206372865 4.432532610644597
-3.5 -3.25 9 10 -251.7294496683637 3.829275128549986
-3.5 -3.25 10 11 -154.1030385889464 3.341626914483498
-3.5 -3.25 11 12 -84.88244218092882 2.940626952445183
-3.5 -3.25 12 13 -35.35961644429926 2.606456639556812
-3.5 -3.25 13 14 0.2457474454108706 2.324659534866517
-3.5 -3.25 14 15 25.8665631553215 2.084557643343274
-3.5 -3.25 15 16 44.23482342618968 1.878133692499909
-3.5 -3.25 16 17 57.27882966094967 1.699251103739822
-3.5 -3.25 17 18 66.38028667060405 1.543140114338304
-3.5 -3.25 18 19 72.54250439777604 1.406042297360508
-3.5 -3.25 19 20 76.50260765981534 1.284959639571959
-3.5 -3.25 20 21 78.807746084315 1.177474181518988
-3.5 -3.25 21 22 79.86770926437396 1.081616238198862
-3.5 -3.25 22 23 79.9917996397545 0.9957666770460963
-3.5 -3.25 23 24 79.415027965994 0.9185834674600574
-3.5 -3.25 24 25 78.31695628172321 0.848945789144278
-3.5 -3.25 25 26 76.83540681416235 0.7859110187099171
-3.5 -3.25 26 27 75.07653973345117 0.7286812815506348
-3.5 -3.25 27 28 73.12233217463626 0.6765771914046048
-3.5 -3.25 28 29 71.03617713754505 0.6290170489332344
-3.5 -3.25 29 30 68.86710835111046 0.5855002286597242
-3.5 -3.25 30 31 66.65301167275379 0.5455938082814329
-3.5 -3.25 31 32 64.42308248741756 0.508921730880922
-3.5 -3.25 32 33 62.19971766242719 0.4751559606193926
-3.5 -3.25 33 34 59.99998032376959 0.4440092203974849
-3.5 -3.25 34 35 57.83673969234476 0.4152289930761586
-3.5 -3.25 35 36 55.71956217104699 0.3885925387635163
-3.5 -3.25 36 37 53.65541086417147 0.3639027348275728
-3.5 -3.25 37 38 51.64919678493675 0.3409845851000115
-3.5 -3.25 38 39 49.70421462897929 0.3196822776339512
-3.5 -3.25 39 40 47.82248826349721 0.2998566929021633
-3.5 -3.25 40 41 46.0050453736207 0.2813832858199137
-3.5 -3.25 41 42 44.25213616718676 0.2641502772244415
-3.5 -3.25 42 43 42.56340785909455 0.2480571046057468
-3.5 -3.25 43 44 40.93804402920085 0.2330130894023307
-3.5 -3.25 44 45 39.37487598205664 0.2189362875401926
-3.5 -3.25 45 46 37.87166625887549 0.2058457505462439
-3.5 -3.25 46 47 36.42828014542954 0.1940343227342824
-3.5 -3.25 47 48 35.04215078159424 0.1835233199378855
-3.5 -3.25 48 49 33.71143708557618 0.1742803714820236
-3.5 -3.25 49 50 32.43404793932241 0.1659435198127798
-3.25 -3 0 1 1470.305919129845 1.351182772017828
-3.25 -3 1 2 -5078.978492342772 8.573507015904006
-3.25 -3 2 3 -5078.711609693388 9.658220375455615
-3.25 -3 3 4 -3503.289163189015 7.984731026581482
-3.25 -3 4 5 -2354.342475994365 6.533345271904063
-3.25 -3 5 6 -1591.810632616046 5.423133251845623
-3.25 -3 6 7 -1085.905200829396 4.574528674849708
-3.25 -3 7 8 -744.6900536071958 3.914169131069486
-3.25 -3 8 9 -510.037866936513 3.390080503413865
-3.25 -3 9 10 -345.7134976881027 2.966390208633719
-3.25 -3 10 11 -228.7996725910164 2.618644829220309
-3.25 -3 11 12 -144.4733915534603 2.328805231310268
-3.25 -3 12 13 -83.07661048350042 2.084548015353862
-3.25 -3 13 14 -38.03981857668623 1.876454045594077
-3.25 -3 14 15 -4.863608487833289 1.697514397690044
-3.25 -3 15 16 19.60152477533143 1.542376250414808
-3.25 -3 16 17 37.59731932153454 1.406888837540933
-3.25 -3 17 18 50.74340002879194 1.287789041170175
-3.25 -3 18 19 60.22559093630628 1.182479603867751
-3.25 -3 19 20 66.92242238299139 1.088869959283896
-3.25 -3 20 21 71.49161537237967 1.005260174845976
-3.25 -3 21 22 74.43016233687695 0.9302550871548317
-3.25 -3 22 23 76.11668428661574 0.8626999179189462
-3.25 -3 23 24 76.84169771094321 0.8016313986472764
-3.25 -3 24 25 76.82951064173631 0.7462402441365333
-3.25 -3 25 26 76.25424285654407 0.6958420359853165
-3.25 -3 26 27 75.2516690805723 0.6498544111436667
-3.25 -3 27 28 73.9280578866418 0.6077790282376035
-3.25 -3 28 29 72.3668263552259 0.5691871911995502
-3.25 -3 29 30 70.63359066418639 0.5337082990346469
-3.25 -3 30 31 68.78002779176779 0.501020497758356
-3.25 -3 31 32 66.84684840132871 0.4708430633235198
-3.25 -3 32 33 64.86609991546214 0.4429301551051816
-3.25 -3 33 34 62.86296106345526 0.4170656625755144
-3.25 -3 34 35 60.85714766913861 0.3930589293045121
-3.25 -3 35 36 58.86401931540843 0.370741186991044
-3.25 -3 36 37 56.89545444946512 0.3499625655915916
-3.25 -3 37 38 54.96054525577344 0.3305895751331688
-3.25 -3 38 39 53.06615147964453 0.3125029751769502
-3.25 -3 39 40 51.2173433157397 0.2955959644819605
-3.25 -3 40 41 49.41775673042818 0.2797726365325904
-3.25 -3 41 42 47.6698792215503 0.2649466566073208
-3.25 -3 42 43 45.97528024901357 0.251040125023796
-3.25 -3 43 44 44.33479740923798 0.2379825962719783
-3.25 -3 44 45 42.74868710443641 0.225710230227634
-3.25 -3 45 46 41.21584905595287 0.214268980898036
-3.25 -3 46 47 39.73739595497602 0.2040021226394058
-3.25 -3 47 48 38.31158371690501 0.1949411076911783
-3.25 -3 48 49 36.9373625835232 0.1870546264374069
-3.25 -3 49 50 35.61332657313041 0.1799490460941074
-3 -2.75 0 1 2149.58918336821 2.195759561062699
-3 -2.75 1 2 -4717.369777604248 3.637557443560923
-3 -2.75 2 3 -5310.004757078225 5.674377024836885
-3 -2.75 3 4 -3771.228668565733 4.958567805155848
-3 -2.75 4 5 -2586.093713146744 4.167089534532041
-3 -2.75 5 6 -1780.648902450931 3.518596204695686
-3 -2.75 6 7 -1237.674124203022 3.005282043791155
-3 -2.75 7 8 -866.6500108004375 2.596906882067075
-3 -2.75 8 9 -608.5000055975379 2.267419336810334
-3 -2.75 9 10 -425.66257093893 1.998023073804793
-3 -2.75 10 11 -294.0580549886834 1.774335202508589
-3 -2.75 11 12 -198.0765674071845 1.586520303574628
-3 -2.75 12 13 -127.3018900950956 1.427041451940922
-3 -2.75 13 14 -74.67458246321667 1.290304986217423
-3 -2.75 14 15 -35.30920842851742 1.172055694052912
-3 -2.75 15 16 -5.763049576607727 1.069008657771714
-3 -2.75 16 17 16.4301195275475 0.9785932145359871
-3 -2.75 17 18 33.06329428704908 0.8987723284044514
-3 -2.75 18 19 45.45737399661766 0.8279132462629073
-3 -2.75 19 20 54.59703166269685 0.7646935084324175
-3 -2.75 20 21 61.22407838072797 0.7080316876803748
-3 -2.75 21 22 65.90263985779632 0.657035675085527
-3 -2.75 22 23 69.06532035623775 0.6109635905431867
-3 -2.75 23 24 71.04633846462525 0.5691938959340818
-3 -2.75 24 25 72.10560397943459 0.5312023005104547
-3 -2.75 25 26 72.44640982099679 0.4965437376171793
-3 -2.75 26 27 72.22856700643081 0.4648381690892928
-3 -2.75 27 28 71.57824936297948 0.4357593080988049
-3 -2.75 28 29 70.59543702135323 0.4090255883530769
-3 -2.75 29 30 69.35958989254613 0.3843928782954021
-3 -2.75 30 31 67.93400439563243 0.3616485610607859
-3 -2.75 31 32 66.36918214752484 0.3406066931083712
-3 -2.75 32 33 64.7054513204576 0.3211040201936967
-3 -2.75 33 34 62.97501852401905 0.3029966796858466
-3 -2.75 34 35 61.20358371196204 0.2861574560914127
-3 -2.75 35 36 59.41161760964917 0.2704734853137609
-3 -2.75 36 37 57.61537689548487 0.2558443245103946
-3 -2.75 37 38 55.82771448110145 0.2421803223681789
-3 -2.75 38 39 54.05872880982747 0.2294012361856313
-3 -2.75 39 40 52.31628603420268 0.2174350545363299
-3 -2.75 40 41 50.60644144194404 0.2062169899982959
-3 -2.75 41 42 48.93378050976281 0.1956886149419166
-3 -2.75 42 43 47.30169575483106 0.1857971167533909
-3 -2.75 43 44 45.71261199911041 0.1764946543432292
-3 -2.75 44 45 44.16817005970614 0.167737799936151
-3 -2.75 45 46 42.66841612032238 0.1596421334200248
-3 -2.75 46 47 41.21564814282172 0.1527612972278495
-3 -2.75 47 48 39.80898515572764 0.1471746481035094
-3 -2.75 48 49 38.44819019531195 0.1428563139367932
-3 -2.75 49 50 37.13257316949148 0.139238870933223
-2.75 -2.5 0 1 2768.77176223227 2.601558868133352
-2.75 -2.5 1 2 -4283.87551592701 1.099552568084328
-2.75 -2.5 2 3 -5427.959453721296 2.463947723551678
-2.75 -2.5 3 4 -3948.954154912044 2.491253879909595
-2.75 -2.5 4 5 -2750.804013877085 2.234900223963346
-2.75 -2.5 5 6 -1920.233188727279 1.966323213230696
-2.75 -2.5 6 7 -1353.148907444293 1.730478527011533
-2.75 -2.5 7 8 -961.6975584106272 1.530631514668318
-2.75 -2.5 8 9 -686.8724004626815 1.362662296035111
-2.75 -2.5 9 10 -490.5671734662878 1.220663323311443
-2.75 -2.5 10 11 -348.0673389013084 1.099482072637287
-2.75 -2.5 11 12 -243.2538619961867 0.995589349055877
-2.75 -2.5 12 13 -165.2742192828136 0.9057259767314582
-2.75 -2.5 13 14 -106.7323240788112 0.8274297226621535
-2.75 -2.5 14 15 -62.481083421314 0.758751770277049
-2.75 -2.5 15 16 -28.87443897400021 0.6981387439592135
-2.75 -2.5 16 17 -3.28751579215259 0.6443421648840532
-2.75 -2.5 17 18 16.19719675379133 0.5963499483932355
-2.75 -2.5 18 19 30.99898379955084 0.5533346783519265
-2.75 -2.5 19 20 42.18080260795318 0.5146144024189732
-2.75 -2.5 20 21 50.54718613233467 0.4796227244482658
-2.75 -2.5 21 22 56.71285035265271 0.4478858129326352
-2.75 -2.5 22 23 61.15146586351398 0.4190045814832682
-2.75 -2.5 23 24 64.23078861047668 0.3926407633557872
-2.75 -2.5 24 25 66.23827365240186 0.3685059410317688
-2.75 -2.5 25 26 67.39995939149344 0.3463528355434121
-2.75 -2.5 26 27 67.89453396674048 0.3259683381178435
-2.75 -2.5 27 28 67.86391247159099 0.3071678958227681
-2.75 -2.5 28 29 67.42126023938567 0.2897909565085649
-2.75 -2.5 29 30 66.65712806200338 0.2736972498291076
-2.75 -2.5 30 31 65.64417880239569 0.2587637323682437
-2.75 -2.5 31 32 64.44085403175677 0.2448820626332292
-2.75 -2.5 32 33 63.09423665582676 0.231956503837737
-2.75 -2.5 33 34 61.64229914383111 0.2199021718410399
-2.75 -2.5 34 35 60.11567898533156 0.2086435648579602
-2.75 -2.5 35 36 58.53908798658074 0.1981133234132599
-2.75 -2.5 36 37 56.93243622875025 0.1882511801772395
-2.75 -2.5 37 38 55.3117324416171 0.1790030664403605
-2.75 -2.5 38 39 53.68980821127082 0.1703203490126332
-2.75 -2.5 39 40 52.07690267110723 0.1621591765326839
-2.75 -2.5 40 41 50.48113628665746 0.1544799162429709
-2.75 -2.5 41 42 48.90889590280625 0.147246668110539
-2.75 -2.5 42 43 47.36514868769828 0.1404268437745813
-2.75 -2.5 43 44 45.85369876526508 0.1339908010444621
-2.75 -2.5 44 45 44.37739751034974 0.1279115245541529
-2.75 -2.5 45 46 42.93731008805122 0.1223853780998889
-2.75 -2.5 46 47 41.53676195249963 0.1182229112012659
-2.75 -2.5 47 48 40.17565314553261 0.1155381244797348
-2.75 -2.5 48 49 38.85447687820084 0.1142762249294969
-2.75 -2.5 49 50 37.5731903612938 0.1136324133160404
-2.5 -2.25 0 1 3326.676304080977 1.884212345684146
-2.5 -2.25 1 2 -3847.298732471175 0.9575202170761128
-2.5 -2.25 2 3 -5487.033062596811 1.691864143377414
-2.5 -2.25 3 4 -4071.186678867973 1.559080601783898
-2.5 -2.25 4 5 -2870.335283088397 1.38211826503768
-2.5 -2.25 5 6 -2024.43759951061 1.253553990245615
-2.5 -2.25 6 7 -1441.163996458839 1.128735843350401
-2.5 -2.25 7 8 -1035.409853222774 1.016383037418672
-2.5 -2.25 8 9 -748.5948368902323 0.9182907900592598
-2.5 -2.25 9 10 -542.4097567144845 0.8327985184309051
-2.5 -2.25 10 11 -391.7889181164221 0.7577335663716426
-2.5 -2.25 11 12 -280.3011188448154 0.6921852270992452
-2.5 -2.25 12 13 -196.8114147815622 0.6345167897181537
-2.5 -2.25 13 14 -133.6979840297022 0.5835367636600778
-2.5 -2.25 14 15 -85.63374938649577 0.5382535438707849
-2.5 -2.25 15 16 -48.82995211829734 0.497845191856871
-2.5 -2.25 16 17 -20.54853250754354 0.4616298035614781
-2.5 -2.25 17 18 1.218098959157487 0.4290397715776557
-2.5 -2.25 18 19 17.96126654127488 0.3996004846461462
-2.5 -2.25 19 20 30.80185864327245 0.3729130695414814
-2.5 -2.25 20 21 40.59126266146473 0.348640528615931
-2.5 -2.25 21 22 47.98230785645535 0.326496631826259
-2.5 -2.25 22 23 53.47984110150708 0.3062370078130205
-2.5 -2.25 23 24 57.47725733811865 0.2876519766373588
-2.5 -2.25 24 25 60.28320501693054 0.2705607611168717
-2.5 -2.25 25 26 62.14132659641632 0.2548067891404777
-2.5 -2.25 26 27 63.24500048291418 0.2402538626609585
-2.5 -2.25 27 28 63.74845430271739 0.2267830175186097
-2.5 -2.25 28 29 63.77521596807378 0.2142899359651764
-2.5 -2.25 29 30 63.42459213493544 0.2026828044959968
-2.5 -2.25 30 31 62.77667167193556 0.1918805304099375
-2.5 -2.25 31 32 61.89621673095479 0.181811251984153
-2.5 -2.25 32 33 60.83570818081586 0.1724110855098732
-2.5 -2.25 33 34 59.63774342151498 0.1636230693515014
-2.5 -2.25 34 35 58.33693477199552 0.15539626870099
-2.5 -2.25 35 36 56.96142021518563 0.1476850142283171
-2.5 -2.25 36 37 55.53407140641536 0.1404482513241188
-2.5 -2.25 37 38 54.07346394736601 0.1336489837961545
-2.5 -2.25 38 39 52.59465993918332 0.1272537926375611
-2.5 -2.25 39 40 51.1098415365268 0.1212324236858225
-2.5 -2.25 40 41 49.6288258010178 0.1155574280343874
-2.5 -2.25 41 42 48.15948436297205 0.1102038516506684
-2.5 -2.25 42 43 46.70808664429265 0.1051489628584094
-2.5 -2.25 43 44 45.27958131615668 0.1003720164895191
-2.5 -2.25 44 45 43.877827713258 0.0958540450613584
-2.5 -2.25 45 46 42.50474404297177 0.09189548552401505
-2.5 -2.25 46 47 41.16451212038203 0.0896705122227265
-2.5 -2.25 47 48 39.85769140029916 0.08931619604949428
-2.5 -2.25 48 49 38.58539203464957 0.09068797179157687
-2.5 -2.25 49 50 37.34811955260469 0.09344135460759936
-2.25 -2 0 1 3830.47071668217 1.060376383599146
-2.25 -2 1 2 -3443.816720178803 0.8708570841641442
-2.25 -2 2 3 -5538.108947809138 1.660804521459611
-2.25 -2 3 4 -4180.310764875969 1.535753945446857
-2.25 -2 4 5 -2975.440303978169 1.353855655941997
-2.25 -2 5 6 -2114.140458127979 1.193148494156756
-2.25 -2 6 7 -1515.299645529323 1.058540738120279
-2.25 -2 7 8 -1096.211837145211 0.9454296290435429
-2.25 -2 8 9 -798.5031403239745 0.8507654294947895
-2.25 -2 9 10 -583.533206365672 0.7685155670354433
-2.25 -2 10 11 -425.8276107966944 0.6985399817026848
-2.25 -2 11 12 -308.6139095383051 0.6374678582797223
-2.25 -2 12 13 -220.4682679189059 0.583982226540017
-2.25 -2 13 14 -153.5457435900596 0.5368292121721711
-2.25 -2 14 15 -102.3462558710387 0.4950108746523385
-2.25 -2 15 16 -62.94688466838534 0.4577240147993225
-2.25 -2 16 17 -32.50506833769418 0.4243155073988595
-2.25 -2 17 18 -8.931301465277784 0.3942492639440149
-2.25 -2 18 19 9.330405376285626 0.3670814709348404
-2.25 -2 19 20 23.45235492731535 0.3424418021721827
-2.25 -2 20 21 34.32710005194519 0.3200189960028177
-2.25 -2 21 22 42.64065010375452 0.2995496733493658
-2.25 -2 22 23 48.92476436278912 0.2808095774349844
-2.25 -2 23 24 53.59479542590429 0.2636066549341418
-2.25 -2 24 25 56.97740574724389 0.2477755415545584
-2.25 -2 25 26 59.33109259512935 0.2331731365034328
-2.25 -2 26 27 60.86154300777275 0.2196750209146449
-2.25 -2 27 28 61.73322942111417 0.2071725428396521
-2.25 -2 28 29 62.07824276246288 0.1955704266728642
-2.25 -2 29 30 62.00307534830597 0.1847848023424185
-2.25 -2 30 31 61.59386836971419 0.1747415701584658
-2.25 -2 31 32 60.9204996212481 0.1653750372050055
-2.25 -2 32 33 60.03978823881937 0.1566267747167082
-2.25 -2 33 34 58.99802218229632 0.1484446545379105
-2.25 -2 34 35 57.83296265152609 0.1407820345638056
-2.25 -2 35 36 56.57544190302406 0.1335970661292095
-2.25 -2 36 37 55.25064305117172 0.1268521029376961
-2.25 -2 37 38 53.87912976974206 0.1205131941592571
-2.25 -2 38 39 52.47767821186937 0.1145496495478344
-2.25 -2 39 40 51.059951723018 0.1089336626473747
-2.25 -2 40 41 49.63705011909087 0.1036399858809392
-2.25 -2 41 42 48.21795823343786 0.09864564750668636
-2.25 -2 42 43 46.80991345277707 0.09392970526272157
-2.25 -2 43 44 45.41870769691079 0.0894730302754693
-2.25 -2 44 45 44.04893620357475 0.08525811986103178
-2.25 -2 45 46 42.70312425826094 0.08192937114841514
-2.25 -2 46 47 41.38608618263814 0.08189328850084789
-2.25 -2 47 48 40.09883878101635 0.08521323782078551
-2.25 -2 48 49 38.84292546234093 0.09126497926959777
-2.25 -2 49 50 37.61923209860572 0.09766512189421438
-2 -1.75 0 1 4303.191518068128 1.079614370511091
-2 -1.75 1 2 -3043.95431504279 2.582637549050042
-2 -1.75 2 3 -5551.587364721803 2.809298411351705
-2 -1.75 3 4 -4258.229319841852 2.342252681894087
-2 -1.75 4 5 -3060.961828734317 1.944001294869749
-2 -1.75 5 6 -2193.55104897 1.639483027654386
-2 -1.75 6 7 -1585.482333400123 1.405441646784087
-2 -1.75 7 8 -1157.143414993533 1.221732753989031
-2 -1.75 8 9 -851.0919243948529 1.074143724803915
-2 -1.75 9 10 -628.8933417435387 0.9539371190830189
-2 -1.75 10 11 -465.0025171375064 0.8534444353660895
-2 -1.75 11 12 -342.5494098738973 0.7688139061210205
-2 -1.75 12 13 -249.9649248170074 0.6965396342392647
-2 -1.75 13 14 -179.2763085919794 0.6341747043157406
-2 -1.75 14 15 -124.87260045888 0.5798764793247304
-2 -1.75 15 16 -82.73763487836982 0.5322312574603973
-2 -1.75 16 17 -49.95155488463888 0.4901362944359415
-2 -1.75 17 18 -24.36116546241942 0.4527186557832333
-2 -1.75 18 19 -4.358077078498354 0.4192782253211889
-2 -1.75 19 20 11.27316873712698 0.3892468983806671
-2 -1.75 20 21 23.46075401141263 0.362158840334198
-2 -1.75 21 22 32.92019864193878 0.337628458000519
-2 -1.75 22 23 40.20779399348021 0.3153338423404223
-2 -1.75 23 24 45.75936466905159 0.2950041565678753
-2 -1.75 24 25 49.91872371936756 0.2764099128913278
-2 -1.75 25 26 52.95879220672714 0.2593553917898729
-2 -1.75 26 27 55.09743385083732 0.2436726719534772
-2 -1.75 27 28 56.50943879732506 0.2292168845651475
-2 -1.75 28 29 57.33567186680887 0.2158624081496954
-2 -1.75 29 30 57.69011229086482 0.2034997921937273
-2 -1.75 30 31 57.66531131245029 0.1920332535638999
-2 -1.75 31 32 57.33665246162059 0.1813786220691566
-2 -1.75 32 33 56.76569852802015 0.1714616467140692
-2 -1.75 33 34 56.00283672772065 0.162216588400527
-2 -1.75 34 35 55.08938084192386 0.1535850456579188
-2 -1.75 35 36 54.05925046902234 0.1455149686292174
-2 -1.75 36 37 52.94031891867519 0.1379598275903069
-2 -1.75 37 38 51.75550003666928 0.1308779084965695
-2 -1.75 38 39 50.52362820467721 0.1242317126056543
-2 -1.75 39 40 49.26017363732376 0.1179874441510718
-2 -1.75 40 41 47.9778260314468 0.1121145702144505
-2 -1.75 41 42 46.68697229327495 0.1065854413586595
-2 -1.75 42 43 45.39608893162722 0.1013749643580439
-2 -1.75 43 44 44.11206525669755 0.09646031752247411
-2 -1.75 44 45 42.84047033613876 0.09182070374928285
-2 -1.75 45 46 41.58467200894242 0.08780111271055324
-2 -1.75 46 47 40.35029940696748 0.08576109059094922
-2 -1.75 47 48 39.13903435746309 0.08588506763571022
-2 -1.75 48 49 37.95303522869042 0.09119107512951245
-2 -1.75 49 50 36.79373557515038 0.09807668411453506
-1.75 -1.5 0 1 4729.927715644795 0.9487477515460054
-1.75 -1.5 1 2 -2667.193828051214 0.7607592138100673
-1.75 -1.5 2 3 -5545.456600721083 1.70224026121165
-1.75 -1.5 3 4 -4300.845255626962 1.646513604042189
-1.75 -1.5 4 5 -3105.654607216402 1.472648774483013
-1.75 -1.5 5 6 -2232.12759074924 1.297496128295637
-1.75 -1.5 6 7 -1617.287588657312 1.143575752654359
-1.75 -1.5 7 8 -1183.074819776462 1.012814138338017
-1.75 -1.5 8 9 -872.2224379880399 0.9022318201914206
-1.75 -1.5 9 10 -646.1619314743798 0.8093044882484602
-1.75 -1.5 10 11 -479.174317371434 0.7293561802192172
-1.75 -1.5 11 12 -354.2264812422957 0.6609075997757858
-1.75 -1.5 12 13 -259.6237743238537 0.6016391025920771
-1.75 -1.5 13 14 -187.2941803965477 0.5499384094573447
-1.75 -1.5 14 15 -131.5497551125054 0.504529751228984
-1.75 -1.5 15 16 -88.31451899598778 0.4643973493774327
-1.75 -1.5 16 17 -54.62189130185493 0.4287258478843397
-1.75 -1.5 17 18 -28.28193408657125 0.3968550310065433
-1.75 -1.5 18 19 -7.657161835870511 0.3682456195103096
-1.75 -1.5 19 20 8.49108093967061 0.3424533943671146
-1.75 -1.5 20 21 21.10958845207847 0.3191095064771637
-1.75 -1.5 21 22 30.92890240808072 0.2979053875589402
-1.75 -1.5 22 23 38.5175040011859 0.2785810843230687
-1.75 -1.5 23 24 44.32115869771019 0.260916165859913
-1.75 -1.5 24 25 48.69182319659069 0.2447225760720287
-1.75 -1.5 25 26 51.90911766628813 0.2298389673584021
-1.75 -1.5 26 27 54.19643766446188 0.21612617469909
-1.75 -1.5 27 28 55.7331573325331 0.2034635726505332
-1.75 -1.5 28 29 56.66395234418155 0.1917461220333011
-1.75 -1.5 29 30 57.10597951044747 0.1808819598496347
-1.75 -1.5 30 31 57.15444694103633 0.1707904201042934
-1.75 -1.5 31 32 56.88696533758298 0.1614003982172257
-1.75 -1.5 32 33 56.36696888647617 0.1526489921802046
-1.75 -1.5 33 34 55.64642070952135 0.1444803674168391
-1.75 -1.5 34 35 54.7679643511172 0.1368448036252564
-1.75 -1.5 35 36 53.76664357231044 0.1296978907014922
-1.75 -1.5 36 37 52.67128366380007 0.1229998478133895
-1.75 -1.5 37 38 51.50560590347897 0.1167149426529714
-1.75 -1.5 38 39 50.28913047423544 0.1108109969178418
-1.75 -1.5 39 40 49.0379108204512 0.1052589606881942
-1.75 -1.5 40 41 47.76513319250341 0.100032546559224
-1.75 -1.5 41 42 46.48160766039189 0.09510791358157472
-1.75 -1.5 42 43 45.19617164369123 0.09046339353862586
-1.75 -1.5 43 44 43.91602246401777 0.08607925177587203
-1.75 -1.5 44 45 42.64699217574992 0.08193748045519539
-1.75 -1.5 45 46 41.39264111762071 0.07873062351870926
-1.75 -1.5 46 47 40.15885267083158 0.07904674831227616
-1.75 -1.5 47 48 38.94744013213639 0.08296647155398307
-1.75 -1.5 48 49 37.76070172506689 0.0898330662636992
-1.75 -1.5 49 50 36.60019747279858 0.09708442976890769
-1.5 -1.25 0 1 5131.710944757639 3.277219788188614
-1.5 -1.25 1 2 -2294.08750653484 4.090323069802542
-1.5 -1.25 2 3 -5524.559244027172 1.680984779529377
-1.5 -1.25 3 4 -4338.424604378436 1.605223206498296
-1.5 -1.25 4 5 -3153.592148480978 1.429998585874087
-1.5 -1.25 5 6 -2278.675833584124 1.26204392742624
-1.5 -1.25 6 7 -1659.385351360676 1.116882395956786
-1.5 -1.25 7 8 -1220.202985028792 0.9938574546278547
-1.5 -1.25 8 9 -904.6698524924154 0.8898830204389292
-1.5 -1.25 9 10 -674.4509117007419 0.8017987466879992
-1.5 -1.25 10 11 -503.8476801784464 0.7256449548563623
-1.5 -1.25 11 12 -375.7967444013184 0.6600749833462493
-1.5 -1.25 12 13 -278.5381125200165 0.6029816151044155
-1.5 -1.25 13 14 -203.9359145407934 0.5529194358169542
-1.5 -1.25 14 15 -146.2438959197036 0.5087398446406557
-1.5 -1.25 15 16 -101.3354236683035 0.4695230340383308
-1.5 -1.25 16 17 -66.20094637316356 0.4345260230441103
-1.5 -1.25 17 18 -38.61448662757084 0.4031433761315579
-1.5 -1.25 18 19 -16.90848306695034 0.3748775150233739
-1.5 -1.25 19 20 0.1807831064127186 0.3493161739447264
-1.5 -1.25 20 21 13.62100520055515 0.3261151536060753
-1.5 -1.25 21 22 24.16018318984413 0.3049850271104391
-1.5 -1.25 22 23 32.38141861578333 0.2856807961764354
-1.5 -1.25 23 24 38.74275598019358 0.2679937811610918
-1.5 -1.25 24 25 43.60649645271076 0.2517452058559136
-1.5 -1.25 25 26 47.26100254048504 0.2389792598807673
-1.5 -1.25 26 27 49.93708171109938 0.2273216300631954
-1.5 -1.25 27 28 51.82041193808084 0.216432746288889
-1.5 -1.25 28 29 53.06104699892433 0.2062473314970646
-1.5 -1.25 29 30 53.78074600392802 0.1967068106708893
-1.5 -1.25 30 31 54.07866717602383 0.1877585340879716
-1.5 -1.25 31 32 54.03582137478065 0.1793550947964851
-1.5 -1.25 32 33 53.71857779315286 0.1714537283587777
-1.5 -1.25 33 34 53.18143996915228 0.1640157877395522
-1.5 -1.25 34 35 52.46925616341019 0.1570062821176503
-1.5 -1.25 35 36 51.6189884497764 0.1503934733092339
-1.5 -1.25 36 37 50.6611354143547 0.1441485211779663
-1.5 -1.25 37 38 49.6208814596813 0.1382451730353522
-1.5 -1.25 38 39 48.51902914337927 0.1326594892066888
-1.5 -1.25 39 40 47.37275844200326 0.1273696029590685
-1.5 -1.25 40 41 46.19624744377018 0.1223555076351681
-1.5 -1.25 41 42 45.00118135337601 0.1175988688272905
-1.5 -1.25 42 43 43.79717138165483 0.1130828586448518
-1.5 -1.25 43 44 42.59210043056606 0.1087920082933295
-1.5 -1.25 44 45 41.39240918510285 0.104712077385809
-1.5 -1.25 45 46 40.20217834774687 0.101168081695567
-1.5 -1.25 46 47 39.0278089669988 0.09941018150127423
-1.5 -1.25 47 48 37.87152431556254 0.09960269655971477
-1.5 -1.25 48 49 36.73600784046664 0.1016367690472801
-1.5 -1.25 49 50 35.6231564536391 0.1042881699981502
-1.25 -1 0 1 5460.098786330167 1.53595987167432
-1.25 -1 1 2 -2010.705060611936 0.6494480379322042
-1.25 -1 2 3 -5525.411509786542 1.883479823251344
-1.25 -1 3 4 -4379.079817532131 1.817898210409111
-1.25 -1 4 5 -3196.892604529857 1.61399618754901
-1.25 -1 5 6 -2317.14324299383 1.418784613397502
-1.25 -1 6 7 -1691.972196818687 1.251883761619955
-1.25 -1 7 8 -1247.412977396858 1.111889093823887
-1.25 -1 8 9 -927.3167619007436 0.9944560319432845
-1.25 -1 9 10 -693.3195627456698 0.8954473397730754
-1.25 -1 10 11 -519.6064113972038 0.8103672790980159
-1.25 -1 11 12 -389.0008571540629 0.7372672351751152
-1.25 -1 12 13 -289.6375859992395 0.6737538278474278
-1.25 -1 13 14 -213.2950845833475 0.6181490982783039
-1.25 -1 14 15 -154.1581102264486 0.5691341366647111
-1.25 -1 15 16 -108.044922718424 0.5256613547977621
-1.25 -1 16 17 -71.90200212542868 0.48688979902306
-1.25 -1 17 18 -43.46820654823205 0.4521374712028227
-1.25 -1 18 19 -21.04773637865333 0.420845962373943
-1.25 -1 19 20 -3.354086510778416 0.392553972986489
-1.25 -1 20 21 10.59891737135035 0.3668772814440172
-1.25 -1 21 22 21.57434084695387 0.3434934287199897
-1.25 -1 22 23 30.16762754634033 0.3221298872164966
-1.25 -1 23 24 36.84698055821252 0.3025548323165779
-1.25 -1 24 25 41.9830997122416 0.2845698755274733
-1.25 -1 25 26 45.87132030245641 0.2680042930452591
-1.25 -1 26 27 48.74826163397256 0.252710404865398
-1.25 -1 27 28 50.80446383493734 0.2385598451966289
-1.25 -1 28 29 52.19406253252657 0.2254405324473487
-1.25 -1 29 30 53.04225487340818 0.2132541888578658
-1.25 -1 30 31 53.45110383036263 0.2019142992695514
-1.25 -1 31 32 53.50408163879376 0.1913444191207108
-1.25 -1 32 33 53.26964895422577 0.1814767658235772
-1.25 -1 33 34 52.80409112873912 0.172251038394746
-1.25 -1 34 35 52.15377822029672 0.1636134247358229
-1.25 -1 35 36 51.35697510502479 0.155515761488552
-1.25 -1 36 37 50.44529820283572 0.1479148207652517
-1.25 -1 37 38 49.44489309401467 0.1407717012721966
-1.25 -1 38 39 48.3773904931403 0.134051307931643
-1.25 -1 39 40 47.26068530116362 0.1277219028068783
-1.25 -1 40 41 46.10957391146928 0.1217547191743018
-1.25 -1 41 42 44.93627720281813 0.1161236265204574
-1.25 -1 42 43 43.75087123661382 0.1108048399225187
-1.25 -1 43 44 42.56164293267756 0.105776666254177
-1.25 -1 44 45 41.37538463811984 0.1010192835049279
-1.25 -1 45 46 40.19646176854616 0.09689314611007738
-1.25 -1 46 47 39.03158740440281 0.09481343387524183
-1.25 -1 47 48 37.88319654674427 0.09498425830391773
-1.25 -1 48 49 36.75417691053451 0.09800401954745423
-1.25 -1 49 50 35.64660823855488 0.1057662587822336
-1 -0.75 0 1 5738.79904678058 1.905007760706572
-1 -0.75 1 2 -1750.733316008361 1.749872172016206
-1 -0.75 2 3 -5500.524776904154 1.593608314771131
-1 -0.75 3 4 -4389.706691467875 1.53196205696799
-1 -0.75 4 5 -3213.250711695542 1.367725968180942
-1 -0.75 5 6 -2332.964092405297 1.212187645923625
-1 -0.75 6 7 -1705.909475563751 1.078870736813859
-1 -0.75 7 8 -1259.346887289762 0.9663075698246647
-1 -0.75 8 9 -937.445168589516 0.8701658856102482
-1 -0.75 9 10 -701.8993741820318 0.7889938644677227
-1 -0.75 10 11 -526.8808653307938 0.718086932348154
-1 -0.75 11 12 -395.1849324375389 0.6566192482677516
-1 -0.75 12 13 -294.9118407629037 0.6027278868769136
-1 -0.75 13 14 -217.8098203264583 0.5551606907614132
-1 -0.75 14 15 -158.0377985328635 0.5129211639712948
-1 -0.75 15 16 -111.3925290894583 0.4752078890706659
-1 -0.75 16 17 -74.80277703086995 0.441369781153018
-1 -0.75 17 18 -45.99286561397093 0.4108728548573136
-1 -0.75 18 19 -23.25507568238891 0.3832753045381933
-1 -0.75 19 20 -5.293114777184655 0.3582086198400694
-1 -0.75 20 21 8.887245626816366 0.3353631181867127
-1 -0.75 21 22 20.05571651994001 0.3144767514135305
-1 -0.75 22 23 28.81323993759827 0.2953263549896816
-1 -0.75 23 24 35.63258120725243 0.2777207485824741
-1 -0.75 24 25 40.88823612665317 0.2614952469463776
-1 -0.75 25 26 44.87870685325709 0.2465072591689071
-1 -0.75 26 27 47.84326149265303 0.2326327325621028
-1 -0.75 27 28 49.97466108179822 0.2197632596739805
-1 -0.75 28 29 51.42890772353212 0.2078037085139715
-1 -0.75 29 30 52.33277064207505 0.1966702689326546
-1 -0.75 30 31 52.78963970947598 0.186288833029193
-1 -0.75 31 32 52.88410935765239 0.1765936444863626
-1 -0.75 32 33 52.68559111641025 0.167526166765476
-1 -0.75 33 34 52.2511774978534 0.1590341292117567
-1 -0.75 34 35 51.6279248960945 0.1510707198259298
-1 -0.75 35 36 50.85468273280759 0.1435938994293603
-1 -0.75 36 37 49.96356603922584 0.1365658155090139
-1 -0.75 37 38 48.98114632125282 0.1299523003562651
-1 -0.75 38 39 47.92941862131966 0.1237224388070878
-1 -0.75 39 40 46.82658987365943 0.1178481956584312
-1 -0.75 40 41 45.68772403186261 0.1123040917932544
-1 -0.75 41 42 44.52527164834453 0.1070669242496762
-1 -0.75 42 43 43.34950613262311 0.1021155203138879
-1 -0.75 43 44 42.16888412791207 0.09743052411252269
-1 -0.75 44 45 40.9903440626577 0.09299420846459527
-1 -0.75 45 46 39.81835815323996 0.08955872699625295
-1 -0.75 46 47 38.65978419119895 0.0899340793132245
-1 -0.75 47 48 37.51713134889846 0.09421593248711914
-1 -0.75 48 49 36.39336775177628 0.1016974237567345
-1 -0.75 49 50 35.29063912099247 0.1096015813169025
-0.75 -0.5 0 1 5954.79425055132 2.660993662382372
-0.75 -0.5 1 2 -1553.030749524054 2.057427162042522
-0.75 -0.5 2 3 -5485.385299946007 1.599583308755482
-0.75 -0.5 3 4 -4402.894223572192 1.544192669166712
-0.75 -0.5 4 5 -3231.305991314758 1.379806408422849
-0.75 -0.5 5 6 -2350.628774430867 1.222338953388451
-0.75 -0.5 6 7 -1721.908919360547 1.086775684316209
-0.75 -0.5 7 8 -1273.47827938098 0.9722136275237615
-0.75 -0.5 8 9 -949.821281760645 0.8744594274004137
-0.75 -0.5 9 10 -712.7182387097951 0.7920654070040274
-0.75 -0.5 10 11 -536.3452068100632 0.7202292054639493
-0.75 -0.5 11 12 -403.485845628948 0.6580712230645509
-0.75 -0.5 12 13 -302.2157903775208 0.6036674180738951
-0.75 -0.5 13 14 -224.259665068048 0.5557208499338729
-0.75 -0.5 14 15 -163.7549131415972 0.5135025994501592
-0.75 -0.5 15 16 -116.4796138747784 0.4782394457848076
-0.75 -0.5 16 17 -79.34665048551187 0.4462934272619902
-0.75 -0.5 17 18 -50.06698068306059 0.4172675166854003
-0.75 -0.5 18 19 -26.92168933857261 0.3908189493824527
-0.75 -0.5 19 20 -8.605118443328138 0.3666520350770468
-0.75 -0.5 20 21 5.884798462333492 0.3445114272942865
-0.75 -0.5 21 22 17.32434178353105 0.3241761564752422
-0.75 -0.5 22 23 26.31997142589023 0.3054544828458311
-0.75 -0.5 23 24 33.34909874274501 0.2881795221906377
-0.75 -0.5 24 25 38.79014176630562 0.2722055554809437
-0.75 -0.5 25 26 42.94492283027853 0.2574049270267053
-0.75 -0.5 26 27 46.05552825492236 0.2436654388734707
-0.75 -0.5 27 28 48.31711772425047 0.2308881620150739
-0.75 -0.5 28 29 49.88774037258622 0.2189855926975524
-0.75 -0.5 29 30 50.89591700351082 0.2078800978506678
-0.75 -0.5 30 31 51.44654015047581 0.1975025990117816
-0.75 -0.5 31 32 51.62549664601647 0.1877914561242809
-0.75 -0.5 32 33 51.50331235341241 0.1786915170196579
-0.75 -0.5 33 34 51.13804293402637 0.1701533057248384
-0.75 -0.5 34 35 50.57757925262968 0.1621323269591358
-0.75 -0.5 35 36 49.861495410327 0.1545884693520648
-0.75 -0.5 36 37 49.02253721886416 0.1474854892392244
-0.75 -0.5 37 38 48.08782646930274 0.1407905662794877
-0.75 -0.5 38 39 47.07983932489168 0.1344739163849736
-0.75 -0.5 39 40 46.01720427893025 0.1285084564279335
-0.75 -0.5 40 41 44.91535543941455 0.1228695106888445
-0.75 -0.5 41 42 43.78706904849304 0.1175345550503385
-0.75 -0.5 42 43 42.64290566711668 0.1124829919945032
-0.75 -0.5 43 44 41.49157561301166 0.1076959537189907
-0.75 -0.5 44 45 40.34024185279736 0.1031561271577631
-0.75 -0.5 45 46 39.19356252795774 0.09924972141428574
-0.75 -0.5 46 47 38.05859540002308 0.09747511343597372
-0.75 -0.5 47 48 36.93799416389723 0.0980316261475721
-0.75 -0.5 48 49 35.83486765547335 0.1020434534044831
-0.75 -0.5 49 50 34.7514864234474 0.1101434736525749
-0.5 -0.25 0 1 6097.183823547333 2.603246245766382
-0.5 -0.25 1 2 -1428.306049844552 1.478470843293155
-0.5 -0.25 2 3 -5479.999757413665 1.575784238464093
-0.5 -0.25 3 4 -4414.702860972103 1.537972407220215
-0.5 -0.25 4 5 -3245.253298035389 1.381238848515486
-0.5 -0.25 5 6 -2363.567996395546 1.266918411176925
-0.5 -0.25 6 7 -1733.223225793614 1.152726721236139
-0.5 -0.25 7 8 -1283.187641887481 1.046581891900256
-0.5 -0.25 8 9 -958.1066501728601 0.9510350631616163
-0.5 -0.25 9 10 -719.785041691176 0.8676845178728715
-0.5 -0.25 10 11 -542.3801932722217 0.7934138391494548
-0.5 -0.25 11 12 -408.6535469219939 0.7280981069493827
-0.5 -0.25 12 13 -306.6540625155444 0.6702658494785295
-0.5 -0.25 13 14 -228.0834669050726 0.6188562729950151
-0.5 -0.25 14 15 -167.0597716058564 0.5729651304129176
-0.5 -0.25 15 16 -119.344909698593 0.531830326982933
-0.5 -0.25 16 17 -81.83846730902587 0.4948117244724298
-0.5 -0.25 17 18 -52.24048234549218 0.4613712681253254
-0.5 -0.25 18 19 -28.82306896925365 0.4310554596074769
-0.5 -0.25 19 20 -10.27318459540083 0.4034805971329092
-0.5 -0.25 20 21 4.417333839048297 0.3783206086298353
-0.5 -0.25 21 22 16.02981673036061 0.3552971180933337
-0.5 -0.25 22 23 25.17492154889908 0.3341713630142245
-0.5 -0.25 23 24 32.33356078068971 0.3147376183149015
-0.5 -0.25 24 25 37.88708261368117 0.2968178348812356
-0.5 -0.25 25 26 42.13976971554325 0.2802572548001883
-0.5 -0.25 26 27 45.33578075005551 0.2649208116558623
-0.5 -0.25 27 28 47.6720261989833 0.2506901620971765
-0.5 -0.25 28 29 49.3080386045375 0.2374612277968304
-0.5 -0.25 29 30 50.37359909643885 0.2251421506318131
-0.5 -0.25 30 31 50.97467383657522 0.2136515837106442
-0.5 -0.25 31 32 51.19806657051163 0.2029172571105885
-0.5 -0.25 32 33 51.11508815193895 0.1928747690851432
-0.5 -0.25 33 34 50.78446787508085 0.1834665622164479
-0.5 -0.25 34 35 50.25467599346359 0.1746410540878109
-0.5 -0.25 35 36 49.56578603338659 0.1663518946126239
-0.5 -0.25 36 37 48.75097521971929 0.1585573313762583
-0.5 -0.25 37 38 47.83773877315707 0.1512196624404858
-0.5 -0.25 38 39 46.84887674141214 0.1443047662971771
-0.5 -0.25 39 40 45.8032990697485 0.137781693483183
-0.5 -0.25 40 41 44.7166849034723 0.1316223136136336
-0.5 -0.25 41 42 43.60202420408024 0.1258010066662036
-0.5 -0.25 42 43 42.47006426055833 0.1202943948111675
-0.5 -0.25 43 44 41.32967881525445 0.1150811065079521
-0.5 -0.25 44 45 40.1881740950443 0.1101415698171382
-0.5 -0.25 45 46 39.05032496765773 0.1058412358674402
-0.5 -0.25 46 47 37.92331784998316 0.1036111201750348
-0.5 -0.25 47 48 36.80989469776864 0.1036579802661607
-0.5 -0.25 48 49 35.71325019928906 0.1058547028535134
-0.5 -0.25 49 50 34.63573189685084 0.1114727918701107
-0.25 0 0 1 6168.963608201366 2.736791044208486
-0.25 0 1 2 -1364.734880257863 2.003784346609939
-0.25 0 2 3 -5476.151168901295 1.597945505463224
-0.25 0 3 4 -4418.979064657467 1.549884053318071
-0.25 0 4 5 -3250.303790632626 1.387652137745231
-0.25 0 5 6 -2368.01727660387 1.230790886839619
-0.25 0 6 7 -1736.883007315673 1.095271470407982
-0.25 0 7 8 -1286.130023487077 0.9804857946173443
-0.25 0 8 9 -960.4497497569955 0.8823637101542833
-0.25 0 9 10 -721.6404218289372 0.7995528029173457
-0.25 0 10 11 -543.8408413035891 0.7333749090319386
-0.25 0 11 12 -409.7959510765068 0.6756346545335361
-0.25 0 12 13 -307.5394601224161 0.6240361043093877
-0.25 0 13 14 -228.7609968746758 0.5778243709905845
-0.25 0 14 15 -167.5689459859766 0.5363172471580491
-0.25 0 15 16 -119.7176128859678 0.4989172668810713
-0.25 0 16 17 -82.10053062295651 0.4651086399651923
-0.25 0 17 18 -52.4129136396657 0.4344487815037323
-0.25 0 18 19 -28.92301267800781 0.4065585626055161
-0.25 0 19 20 -10.31467417799445 0.3811129714790954
-0.25 0 20 21 4.42278282262555 0.3578327968060672
-0.25 0 21 22 16.07273619425837 0.3364774766388746
-0.25 0 22 23 25.24751537046791 0.316839057173793
-0.25 0 23 24 32.42940324422204 0.2987371362548776
-0.25 0 24 25 38.00087489873067 0.2820146469035856
-0.25 0 25 26 42.26714227367108 0.2665343459112171
-0.25 0 26 27 45.47313220281239 0.2521758873566216
-0.25 0 27 28 47.81639148896579 0.238833378273261
-0.25 0 28 29 49.45698070705691 0.2264133332003516
-0.25 0 29 30 50.52511980517068 0.2148329548940944
-0.25 0 30 31 51.12714006000931 0.204018687396354
-0.25 0 31 32 51.35014929260637 0.1939049913859487
-0.25 0 32 33 51.26571177024505 0.1844333052902724
-0.25 0 33 34 50.93276806915117 0.1755511610317503
-0.25 0 34 35 50.39996462511891 0.1672114282836958
-0.25 0 35 36 49.70752186000789 0.1593716667045408
-0.25 0 36 37 48.88873942185137 0.15199356826258
-0.25 0 37 38 47.97121448063683 0.1450424768088671
-0.25 0 38 39 46.97783188409312 0.1384869712891692
-0.25 0 39 40 45.92757200075602 0.132298504931856
-0.25 0 40 41 44.83617233423746 0.1264510897016467
-0.25 0 41 42 43.71667107486871 0.1209210225248983
-0.25 0 42 43 42.57985523003492 0.115686643514028
-0.25 0 43 44 41.43463110673957 0.110728125943646
-0.25 0 44 45 40.28833148423399 0.106027289065362
-0.25 0 45 46 39.14574737082285 0.1019678992049142
-0.25 0 46 47 38.01409355041602 0.1000434463302231
-0.25 0 47 48 36.89612011063278 0.100459275298649
-0.25 0 48 49 35.7950322804285 0.1032336222170616
-0.25 0 49 50 34.71318592731163 0.1114701453971841
0 0.25 0 1 6168.659216039661 2.736795982943649
0 0.25 1 2 -1365.325959107914 2.003798990193345
0 0.25 2 3 -5476.57810441628 1.597900963676676
0 0.25 3 4 -4419.149380399922 1.549794395475014
0 0.25 4 5 -3250.311656484112 1.387568202523936
0 0.25 5 6 -2367.948200781272 1.230737568755267
0 0.25 6 7 -1736.784734301129 1.09524923026987
0 0.25 7 8 -1286.026245707862 0.9804861975047311
0 0.25 8 9 -960.3509240817921 0.8823799644773878
0 0.25 9 10 -721.5503444905235 0.7995747308155347
0 0.25 10 11 -543.7604772309437 0.7334007562296034
0 0.25 11 12 -409.7244933371048 0.6756608857490718
0 0.25 12 13 -307.4757406790486 0.6240612884996689
0 0.25 13 14 -228.7037947399813 0.5778478127255067
0 0.25 14 15 -167.5171679865086 0.5363386758597398
0 0.25 15 16 -119.670351746814 0.4989366460910308
0 0.25 16 17 -82.05706530414682 0.4651260546612269
0 0.25 17 18 -52.37268560470511 0.4344643739490731
0 0.25 18 19 -28.88559503825945 0.4065724965098984
0 0.25 19 20 -10.27974170936159 0.3811254126991762
0 0.25 20 21 4.455479503831839 0.3578439038979011
0 0.25 21 22 16.10339140287283 0.3364873958047117
0 0.25 22 23 25.27628430476011 0.3168479211868069
0 0.25 23 24 32.45641380894733 0.2987450640136496
0 0.25 24 25 38.02623620780696 0.2820217442699584
0 0.25 25 26 42.29095058989981 0.2665407066772734
0 0.25 26 27 45.49547496896719 0.2521815945492565
0 0.25 27 28 47.83734997264048 0.2388385051560535
0 0.25 28 29 49.47663166753659 0.2264179443202338
0 0.25 29 30 50.54353648913241 0.2148371074368445
0 0.25 30 31 51.14439275125869 0.2040224317025308
0 0.25 31 32 51.36630557793433 0.1939083718594012
0 0.25 32 33 51.28083663267898 0.1844363612038528
0 0.25 33 34 50.94692388896885 0.1755539271223227
0 0.25 34 35 50.41321113660177 0.1672139352393002
0 0.25 35 36 49.71991609866899 0.1593739416878152
0 0.25 36 37 48.90033568056378 0.1519956354375218
0 0.25 37 38 47.98206428421946 0.1450443574109312
0 0.25 38 39 46.98798398908372 0.1384886844262925
0 0.25 39 40 45.93707241854997 0.1323000672936616
0 0.25 40 41 44.84506437835785 0.1264525163626112
0 0.25 41 42 43.72499542699762 0.1209223267084793
0 0.25 42 43 42.58765002373309 0.1156878371445408
0 0.25 43 44 41.44193202410213 0.1107292195644151
0 0.25 44 45 40.29517186209921 0.106028292359301
0 0.25 45 46 39.15215827027606 0.1019688318480242
0 0.25 46 47 38.02010399210633 0.1000443688213538
0 0.25 47 48 36.90175706969291 0.1004602455782237
0 0.25 48 49 35.80032085632905 0.1032346827967554
0 0.25 49 50 34.71814943161877 0.1114712480278969
0.25 0.5 0 1 6096.302936330097 2.603247914922672
0.25 0.5 1 2 -1430.009880051098 1.478444720034308
0.25 0.5 2 3 -5481.220115376216 1.57566584037477
0.25 0.5 3 4 -4415.182457583343 1.537819837883543
0.25 0.5 4 5 -3245.271028252366 1.38112296715278
0.25 0.5 5 6 -2363.370521609216 1.266864851894518
0.25 0.5 6 7 -1732.945758815191 1.152722908926441
0.25 0.5 7 8 -1282.896224256335 1.046608910739044
0.25 0.5 8 9 -957.8298837844504 0.9510839011059078
0.25 0.5 9 10 -719.5329730855201 0.8677352306085815
0.25 0.5 10 11 -542.1551717558045 0.7934684910291028
0.25 0.5 11 12 -408.4530669742339 0.7281509937943021
0.25 0.5 12 13 -306.4747474404953 0.6703152868560797
0.25 0.5 13 14 -227.9218747310274 0.6189015631668093
0.25 0.5 14 15 -166.9128704489708 0.573006129726737
0.25 0.5 15 16 -119.2102180947695 0.5318671843162883
0.25 0.5 16 17 -81.71403973055908 0.4948447296241132
0.25 0.5 17 18 -52.12483250396758 0.4614007663973326
0.25 0.5 18 19 -28.7150769313389 0.4310818052959794
0.25 0.5 19 20 -10.17200900403577 0.4035041296629283
0.25 0.5 20 21 4.512330060923659 0.3783416415938844
0.25 0.5 21 22 16.11912529614415 0.355315935004259
0.25 0.5 22 23 25.25893343558766 0.3341882171068588
0.25 0.5 23 24 32.41259881654059 0.3147527340651541
0.25 0.5 24 25 37.96142449952845 0.2968314104591008
0.25 0.5 25 26 42.20966375604121 0.2802694647046706
0.25 0.5 26 27 45.40145621250463 0.2649318094594048
0.25 0.5 27 28 47.73369982848681 0.2507000827294207
0.25 0.5 28 29 49.36591847079467 0.2374701901455722
0.25 0.5 29 30 50.42788664709201 0.225150259268314
0.25 0.5 30 31 51.02556479434031 0.2136589307746132
0.25 0.5 31 32 51.24575112491152 0.2029239239337824
0.25 0.5 32 33 51.15975075622282 0.1928808274699651
0.25 0.5 33 34 50.82628685876034 0.1834720756287297
0.25 0.5 34 35 50.29382312141627 0.1746460786344948
0.25 0.5 35 36 49.60242609732893 0.1663564801368887
0.25 0.5 36 37 48.78526570484388 0.158561521884284
0.25 0.5 37 38 47.8698296223165 0.1512234972654454
0.25 0.5 38 39 46.87891022154594 0.1443082802313982
0.25 0.5 39 40 45.83140973854142 0.1377849175889521
0.25 0.5 40 41 44.74299966326367 0.1316252754451876
0.25 0.5 41 42 43.62666243231428 0.1258037309862578
0.25 0.5 42 43 42.49313800419839 0.1202969035683744
0.25 0.5 43 44 41.35129303293468 0.1150834195100645
0.25 0.5 44 45 40.2084269381499 0.1101437046726794
0.25 0.5 45 46 39.06930797753114 0.1058432385708365
0.25 0.5 46 47 37.94111657586438 0.1036131436593667
0.25 0.5 47 48 36.82658872288653 0.1036601765994877
0.25 0.5 48 49 35.72891360947767 0.1058571939811649
0.25 0.5 49 50 34.65043353050459 0.1114755171988651
0.5 0.75 0 1 5953.297755990283 2.660997243957111
0.5 0.75 1 2 -1555.892204470274 2.057425767726892
0.5 0.75 2 3 -5487.376135427876 1.599506296854394
0.5 0.75 3 4 -4403.618847329182 1.544080717259783
0.5 0.75 4 5 -3231.271361803422 1.379717814266768
0.5 0.75 5 6 -2350.258432708652 1.22229301993521
0.5 0.75 6 7 -1721.425287345071 1.086765359242321
0.5 0.75 7 8 -1272.985341023304 0.9722244828721047
0.5 0.75 8 9 -949.3613616336565 0.8744922068512557
0.5 0.75 9 10 -712.3043167533069 0.7920930761424169
0.5 0.75 10 11 -535.978937008686 0.7202635281972094
0.5 0.75 11 12 -403.1615924416678 0.658105072225683
0.5 0.75 12 13 -301.9271263642788 0.6036994861416998
0.5 0.75 13 14 -224.0004212700608 0.5557505289190606
0.5 0.75 14 15 -163.5198151966631 0.5135296766479838
0.5 0.75 15 16 -116.2644219541951 0.4782638358555971
0.5 0.75 16 17 -79.1480809531854 0.4463153252699956
0.5 0.75 17 18 -49.88254802121014 0.4172871629744391
0.5 0.75 18 19 -26.74953497008755 0.3908365928836275
0.5 0.75 19 20 -8.443855845376902 0.3666679133364746
0.5 0.75 20 21 6.036211936016343 0.3445257574223193
0.5 0.75 21 22 17.46670520906605 0.3241891312835219
0.5 0.75 22 23 26.45391566789453 0.3054662707767626
0.5 0.75 23 24 33.47514119798825 0.2881902687827202
0.5 0.75 24 25 38.90872491702589 0.2722153857464334
0.5 0.75 25 26 43.05644055237065 0.2574139478876402
0.5 0.75 26 27 46.1603431387756 0.2436737420595475
0.5 0.75 27 28 48.41557198715668 0.2308958258019587
0.5 0.75 28 29 49.98016232336511 0.2189926845353998
0.5 0.75 29 30 50.98262452102938 0.2078866755991482
0.5 0.75 30 31 51.52784223175991 0.1975087130331961
0.5 0.75 31 32 51.7016937714825 0.1877971498706974
0.5 0.75 32 33 51.57469618681796 0.178696828726357
0.5 0.75 33 34 51.20489570243694 0.1701582687325874
0.5 0.75 34 35 50.64017302923156 0.1621369708840468
0.5 0.75 35 36 49.92009143877584 0.1545928202028286
0.5 0.75 36 37 49.07738535312558 0.1474895705194208
0.5 0.75 37 38 48.13916476902102 0.1407943987594255
0.5 0.75 38 39 47.12789381490984 0.1344775188755611
0.5 0.75 39 40 46.06218886675333 0.1285118457736627
0.5 0.75 40 41 44.95747197737035 0.1228727022417057
0.5 0.75 41 42 43.82650751973739 0.1175375626344373
0.5 0.75 42 43 42.67984447289678 0.1124858284765888
0.5 0.75 43 44 41.52618194406529 0.1076986304785079
0.5 0.75 44 45 40.37267211982805 0.1031586549293304
0.5 0.75 45 46 39.22396268132604 0.09925215551271237
0.5 0.75 46 47 38.08710184609356 0.0974776745354725
0.5 0.75 47 48 36.96473385682992 0.09803454061404449
0.5 0.75 48 49 35.85995881605291 0.1020468635309941
0.5 0.75 49 50 34.77503892825948 0.1101472570483255
0.75 1 0 1 5736.641885917162 1.90492497803177
0.75 1 1 2 -1754.830644741735 1.749359997395316
0.75 1 2 3 -5503.32858182734 1.593025336697624
0.75 1 3 4 -4390.681552278745 1.531784879409697
0.75 1 4 5 -3213.150608788417 1.367931350925979
0.75 1 5 6 -2332.399745556036 1.212613219537353
0.75 1 6 7 -1705.195230440886 1.079374475056037
0.75 1 7 8 -1258.627450595095 0.9668016058082631
0.75 1 8 9 -936.7782539298323 0.8706259556133505
0.75 1 9 10 -701.3018186560439 0.7893769896926394
0.75 1 10 11 -526.3541471327812 0.7184153900565767
0.75 1 11 12 -394.7203647050751 0.656891667986796
0.75 1 12 13 -294.4998663730698 0.6029515522082584
0.75 1 13 14 -217.4413591115483 0.5553431118109542
0.75 1 14 15 -157.7050992658367 0.5130692900899737
0.75 1 15 16 -111.0893424310409 0.4753278207948224
0.75 1 16 17 -74.5242329110838 0.4414667168306134
0.75 1 17 18 -45.73524475888894 0.4109511423634913
0.75 1 18 19 -23.01556581641989 0.3833385347834444
0.75 1 19 20 -5.069591054502325 0.3582597318917573
0.75 1 20 21 9.096402235396454 0.335404501040996
0.75 1 21 22 20.25176166025403 0.3145103368616758
0.75 1 22 23 28.99717337138338 0.2953536987119469
0.75 1 23 24 35.80522547079033 0.2777430989720814
0.75 1 24 25 41.05029251636472 0.2615136032837695
0.75 1 25 26 45.03079421228097 0.2465224196507853
0.75 1 26 27 47.98594232311393 0.2326453335434893
0.75 1 27 28 50.10845855244133 0.2197738081516299
0.75 1 28 29 51.55431630405008 0.207812607624271
0.75 1 29 30 52.45026239490437 0.196677839462775
0.75 1 30 31 52.89966771778472 0.1862953298548538
0.75 1 31 32 52.98710934172072 0.1765992703349915
0.75 1 32 33 52.78198197024358 0.1675310826960791
0.75 1 33 34 52.34136124293587 0.1590384635866239
0.75 1 34 35 51.71228637833264 0.1510745748420003
0.75 1 35 36 50.93358926639229 0.1435973565983053
0.75 1 36 37 50.03736712044628 0.136568940050611
0.75 1 37 38 49.05017347440884 0.1299551444422303
0.75 1 38 39 47.99398540462403 0.1237250445153453
0.75 1 39 40 46.88699204551779 0.1178505967494488
0.75 1 40 41 45.74423986757023 0.1123063156820796
0.75 1 41 42 44.57816238664384 0.1070689933296264
0.75 1 42 43 43.39901652922032 0.1021174526790395
0.75 1 43 44 42.21524309285138 0.09743233496222305
0.75 1 44 45 41.03376535897661 0.09299591002721708
0.75 1 45 46 39.859040903226 0.08956038248696085
0.75 1 46 47 38.69791426098033 0.08993593777749614
0.75 1 47 48 37.55288147504251 0.09421823232529272
0.75 1 48 49 36.42689859270359 0.1017003396161149
0.75 1 49 50 35.32209983065022 0.1096050963988949
1 1.25 0 1 5457.275274392345 1.536224654500841
1 1.25 1 2 -2016.062476288284 0.6520200609542661
1 1.25 2 3 -5529.071013146262 1.883862627583978
1 1.25 3 4 -4380.347681497474 1.817544513976638
1 1.25 4 5 -3196.75366602253 1.613335659765288
1 1.25 5 6 -2316.39188546418 1.418118192009687
1 1.25 6 7 -1691.01887221959 1.251322179780577
1 1.25 7 8 -1246.449043175571 1.111453089531714
1 1.25 8 9 -926.4203735345363 0.9941254008889668
1 1.25 9 10 -692.5147978805471 0.8951897243649484
1 1.25 10 11 -518.8966234451632 0.8101823190379676
1 1.25 11 12 -388.3754025219027 0.7371319209281862
1 1.25 12 13 -289.0842442836977 0.6736567186426192
1 1.25 13 14 -212.8019637235441 0.6180815430495314
1 1.25 14 15 -153.7148783681791 0.5690894938439574
1 1.25 15 16 -107.6431148900854 0.525634442186068
1 1.25 16 17 -71.53491278561364 0.4868765244736808
1 1.25 17 18 -43.13062458683339 0.4521345825193402
1 1.25 18 19 -20.73564719078308 0.4208508700849561
1 1.25 19 20 -3.064397139660059 0.3925646195704913
1 1.25 20 21 10.86860919391074 0.3668920392073144
1 1.25 21 22 21.82593021730531 0.343511018341903
1 1.25 22 23 30.40264268931867 0.3221493115428301
1 1.25 23 24 37.06668696247038 0.302575321587762
1 1.25 24 25 42.18857553511464 0.2845908424312383
1 1.25 25 26 46.06350976739736 0.268025296227675
1 1.25 26 27 48.92801204170951 0.2527311183510063
1 1.25 27 28 50.97255066457615 0.2385800342542374
1 1.25 28 29 52.35120607890826 0.2254600334080168
1 1.25 29 30 53.18913100667055 0.2132728933459919
1 1.25 30 31 53.58835077174331 0.201932141060251
1 1.25 31 32 53.63230411755296 0.1913613644039428
1 1.25 32 33 53.38942070421479 0.1814928046877283
1 1.25 33 34 52.9159563866499 0.1722661786815741
1 1.25 34 35 52.25825266935772 0.163627687256502
1 1.25 35 36 51.45454655434747 0.1555291756240905
1 1.25 36 37 50.53642718017534 0.1479274218897107
1 1.25 37 38 49.53001345941175 0.1407835286250628
1 1.25 38 39 48.45691012576356 0.1340624023821498
1 1.25 39 40 47.33498688211068 0.1277323060773168
1 1.25 40 41 46.17901580345097 0.1217644725903399
1 1.25 41 42 45.001194416305 0.1161327706112679
1 1.25 42 43 43.81157646471837 0.1108134135123321
1 1.25 43 44 42.61842763628249 0.1057847069285801
1 1.25 44 45 41.42852016177955 0.101026826369457
1 1.25 45 46 40.24620010829858 0.09690031664988218
1 1.25 46 47 39.07816332149764 0.0948206838328805
1 1.25 47 48 37.92682765080815 0.09499203190461657
1 1.25 48 49 36.79506516618829 0.09801259183878623
1 1.25 49 50 35.68494078412465 0.1057752573845042
1.25 1.5 0 1 5128.398483581481 3.277305806692427
1.25 1.5 1 2 -2300.28468923082 4.090749411342866
1.25 1.5 2 3 -5528.648823831796 1.682267241033686
1.25 1.5 3 4 -4339.717351912686 1.605871963178052
1.25 1.5 4 5 -3153.32049332612 1.429880491228843
1.25 1.5 5 6 -2277.764809412336 1.261407483633318
1.25 1.5 6 7 -1658.286544350008 1.116012833559688
1.25 1.5 7 8 -1219.115992560562 0.9932110965772968
1.25 1.5 8 9 -903.6720983587211 0.8887743331773313
1.25 1.5 9 10 -673.5606555892841 0.801042484075111
1.25 1.5 10 11 -503.0653045810959 0.7250171411471438
1.25 1.5 11 12 -375.1079256823314 0.6595571637368653
1.25 1.5 12 13 -277.9281522525093 0.6025614104239629
1.25 1.5 13 14 -203.391172202462 0.5525826285066292
1.25 1.5 14 15 -145.7528479461771 0.5084726882651339
1.25 1.5 15 16 -100.8888169154156 0.4693132105090612
1.25 1.5 16 17 -65.7915689813658 0.4343629272601513
1.25 1.5 17 18 -38.2368114209969 0.4030180870143634
1.25 1.5 18 19 -16.55830303912558 0.3747826355454674
1.25 1.5 19 20 0.5066766620564067 0.3492456286860525
1.25 1.5 20 21 13.92508588946498 0.3260639860859272
1.25 1.5 21 22 24.44439442582166 0.3049492137000908
1.25 1.5 22 23 32.64732754387387 0.2856570837038058
1.25 1.5 23 24 38.99166580259987 0.2679795482634452
1.25 1.5 24 25 43.83952632567298 0.2517383468564759
1.25 1.5 25 26 47.47914302470667 0.2389780990060443
1.25 1.5 26 27 50.14123228997641 0.2273247381844787
1.25 1.5 27 28 52.01140570379948 0.2164389975344542
1.25 1.5 28 29 53.23966637405761 0.2062558465168332
1.25 1.5 29 30 53.94773236389551 0.1967169051376961
1.25 1.5 30 31 54.23472644320964 0.1877696780388334
1.25 1.5 31 32 54.18162705600173 0.1793668803896781
1.25 1.5 32 33 53.85477247753954 0.1714658438324844
1.25 1.5 33 34 53.30863597476497 0.164027996927782
1.25 1.5 34 35 52.5880357834447 0.1570184084114939
1.25 1.5 35 36 51.72990408189963 0.1504053865284813
1.25 1.5 36 37 50.76470973916372 0.1441601274468125
1.25 1.5 37 38 49.71760775837271 0.1382564066501779
1.25 1.5 38 39 48.60937179011444 0.1326703063162382
1.25 1.5 39 40 47.45715357736742 0.1273799765593318
1.25 1.5 40 41 46.27510381294655 0.1223654232617651
1.25 1.5 41 42 45.07488128613443 0.1176083220187224
1.25 1.5 42 43 43.86607188382976 0.1130918519819987
1.25 1.5 43 44 42.65653435717269 0.1088005496624351
1.25 1.5 44 45 41.4526864676601 0.1047201785231578
1.25 1.5 45 46 40.25858690493209 0.1011758604682782
1.25 1.5 46 47 39.08061689141891 0.09941812873622317
1.25 1.5 47 48 37.92098016855115 0.09961130697874099
1.25 1.5 48 49 36.78234228938615 0.1016464308940887
1.25 1.5 49 50 35.66658320556309 0.1042988782411387
1.5 1.75 0 1 4726.051904564805 0.9494231826249635
1.5 1.75 1 2 -2674.380521874134 0.7659675729736394
1.5 1.75 2 3 -5550.082355141819 1.7050236236907
1.5 1.75 3 4 -4302.183286736146 1.647723946456553
1.5 1.75 4 5 -3105.20718076729 1.472228634594208
1.5 1.75 5 6 -2230.983316315512 1.296139291154145
1.5 1.75 6 7 -1615.961624513856 1.141889827496636
1.5 1.75 7 8 -1181.787319920197 1.011302120610881
1.5 1.75 8 9 -871.0543055615508 0.9005815124082532
1.5 1.75 9 10 -645.1284650478642 0.808002524776066
1.5 1.75 10 11 -478.2725402070405 0.7282883256039996
1.5 1.75 11 12 -353.4374950413201 0.6600361413274973
1.5 1.75 12 13 -258.929198767504 0.6009361378181759
1.5 1.75 13 14 -186.6773539699132 0.5493761001254807
1.5 1.75 14 15 -130.9967449786704 0.5040829998832737
1.5 1.75 15 16 -87.81417672462044 0.4640446070455017
1.5 1.75 16 17 -54.16552233159405 0.4284490918770277
1.5 1.75 17 18 -27.86285170380211 0.3966394143473446
1.5 1.75 18 19 -7.270249134165397 0.3680790228853261
1.5 1.75 19 20 8.849751179732039 0.3423259827805547
1.5 1.75 20 21 21.44306210063019 0.3190133299282692
1.5 1.75 21 22 31.2395833910881 0.2978340381635697
1.5 1.75 22 23 38.80733434921819 0.2785294080324746
1.5 1.75 23 24 44.5917505511261 0.260880024926217
1.5 1.75 24 25 48.94455348544716 0.2446986533531621
1.5 1.75 25 26 52.14519465744934 0.2298246080664745
1.5 1.75 26 27 54.41694682337436 0.2161192568328165
1.5 1.75 27 28 55.93909230212421 0.203462402959645
1.5 1.75 28 29 56.85623544051714 0.1917493516621862
1.5 1.75 29 30 57.28547499104559 0.1808885164210463
1.5 1.75 30 31 57.32196941230507 0.1707994527317534
1.5 1.75 31 32 57.04328498496784 0.1614112337737383
1.5 1.75 32 33 56.51281470426204 0.1526610997546745
1.5 1.75 33 34 55.7824825353801 0.1444933298498403
1.5 1.75 34 35 54.89489423992245 0.1368582945915061
1.5 1.75 35 36 53.88505685598545 0.12971165659374
1.5 1.75 36 37 52.78175990918123 0.1230136927790456
1.5 1.75 37 38 51.60868989114408 0.116728716943976
1.5 1.75 38 39 50.38533325952301 0.1108245871745702
1.5 1.75 39 40 49.12771089993902 0.1052722829568972
1.5 1.75 40 41 47.84897777644466 0.1000455393812918
1.5 1.75 41 42 46.55991403396024 0.09512053391857549
1.5 1.75 42 43 45.26932859914376 0.09047561225947345
1.5 1.75 43 44 43.98439177802118 0.08609105111935829
1.5 1.75 44 45 42.71091010815837 0.08194885095048332
1.5 1.75 45 46 41.45241952327737 0.0787416463008227
1.5 1.75 46 47 40.21478152703659 0.07905780395630474
1.5 1.75 47 48 38.9997879109813 0.08297792899815558
1.5 1.75 48 49 37.8097172600593 0.08984519372120438
1.5 1.75 49 50 36.64611102702713 0.09709719492027152
1.75 2 0 1 4299.082501065025 1.079920413583543
1.75 2 1 2 -3051.554780554213 2.583137412244696
1.75 2 2 3 -5556.467071292069 2.80939978265422
1.75 2 3 4 -4259.65578893571 2.341869030520828
1.75 2 4 5 -3060.521864608524 1.943438351975084
1.75 2 5 6 -2192.373175208325 1.638973908132241
1.75 2 6 7 -1584.099249047246 1.405054666530374
1.75 2 7 8 -1155.787205532432 1.221626775366244
1.75 2 8 9 -849.8503671533449 1.074130306384218
1.75 2 9 10 -627.7891516196255 0.9534479324775844
1.75 2 10 11 -464.0333084376598 0.8533673144339188
1.75 2 11 12 -341.6980476266122 0.7687680556799394
1.75 2 12 13 -249.2133465164834 0.6965164322946148
1.75 2 13 14 -178.6077345920075 0.634168210654364
1.75 2 14 15 -124.2727796868446 0.5798824263218455
1.75 2 15 16 -82.19502745049999 0.5322464466682241
1.75 2 16 17 -49.45706458890277 0.4901582510428093
1.75 2 17 18 -23.90772196289527 0.4527454289036917
1.75 2 18 19 -3.940208409348315 0.4193082668676647
1.75 2 19 20 11.65971407092411 0.3892789819740267
1.75 2 20 21 23.81931663696469 0.3621920023758816
1.75 2 21 22 33.25345015892992 0.3376619506506308
1.75 2 22 23 40.51791961608046 0.3153670950338899
1.75 2 23 24 46.04819760471446 0.2950367433748861
1.75 2 24 25 50.18784191240968 0.2764415247921568
1.75 2 25 26 53.20958666308002 0.2593858133939068
1.75 2 26 27 55.33115604613181 0.2437017620572757
1.75 2 27 28 56.72723302853342 0.2292445600303096
1.75 2 28 29 57.53859698932126 0.2158886303042504
1.75 2 29 30 57.87915612918346 0.2035245564626894
1.75 2 30 31 57.84140013069259 0.1920565803181085
1.75 2 31 32 57.50065718954579 0.1814005501301697
1.75 2 32 33 56.91843892557597 0.1714822274432551
1.75 2 33 34 56.1450842965549 0.1622358816969401
1.75 2 34 35 55.22186102089313 0.1536031164444981
1.75 2 35 36 54.18264445951604 0.1455318844757825
1.75 2 36 37 53.05526535446728 0.1379756567140274
1.75 2 37 38 51.86259662109364 0.130892718251799
1.75 2 38 39 50.62343337692994 0.1242455688374736
1.75 2 39 40 49.35320829583918 0.1180004100837485
1.75 2 40 41 48.06457531256808 0.1121267060983082
1.75 2 41 42 46.7678873961521 0.106596804420947
1.75 2 42 43 45.47158896793542 0.1013856082962837
1.75 2 43 44 44.18253910770113 0.09647029285298091
1.75 2 44 45 42.9062784931468 0.09183005746341295
1.75 2 45 46 41.64614791475714 0.08781000568259632
1.75 2 46 47 40.40775248864438 0.08577009743427316
1.75 2 47 48 39.19275041246965 0.08589474968621179
1.75 2 48 49 38.00327859733716 0.09120148247254523
1.75 2 49 50 36.84075040173593 0.09808767277531283
2 2.25 0 1 3826.008567242223 1.060349011442498
2 2.25 1 2 -3451.988284751109 0.8704996748280442
2 2.25 2 3 -5543.190857997808 1.660405040419297
2 2.25 3 4 -4181.598079821575 1.535411978008873
2 2.25 4 5 -2974.746334509589 1.353773062996034
2 2.25 5 6 -2112.716421802547 1.193301899897955
2 2.25 6 7 -1513.714908386165 1.05882354445154
2 2.25 7 8 -1094.701898277376 0.9457739426338819
2 2.25 8 9 -797.1470218837635 0.8505636513837719
2 2.25 9 10 -582.3461298018919 0.7693478825089787
2 2.25 10 11 -424.7993756929532 0.6988012099142639
2 2.25 11 12 -307.7212714622158 0.6376922221131237
2 2.25 12 13 -219.6886709120058 0.5841727613396991
2 2.25 13 14 -152.8590677999312 0.5369901953911042
2 2.25 14 15 -101.7357635430594 0.4951467229956037
2 2.25 15 16 -62.39917173468143 0.4578388009080016
2 2.25 16 17 -32.00962918024743 0.4244127869416378
2 2.25 17 18 -8.479991709078149 0.394332049584371
2 2.25 18 19 9.74388137311621 0.3671522716739734
2 2.25 19 20 23.83288307046882 0.3425026855863962
2 2.25 20 21 34.6785106644644 0.3200716558099574
2 2.25 21 22 42.96599276928987 0.2995954925259808
2 2.25 22 23 49.22651539837318 0.2808496837093221
2 2.25 23 24 53.87501120452634 0.263641968071386
2 2.25 24 25 57.23783406493169 0.2478068127093665
2 2.25 25 26 59.57325239400711 0.233200980586351
2 2.25 26 27 61.08678073354827 0.2196999427454691
2 2.25 27 28 61.94275844070648 0.2071949583843
2 2.25 28 29 62.27317070160086 0.1955906802294044
2 2.25 29 30 62.1844229513456 0.1848031800012354
2 2.25 30 31 61.76258250934774 0.1747583109645803
2 2.25 31 32 61.07746234016696 0.1653903421556174
2 2.25 32 33 60.18582315225126 0.1566408130642455
2 2.25 33 34 59.13389916650084 0.1484575702884873
2 2.25 34 35 57.95940144578196 0.1407939506579518
2 2.25 35 36 56.69311504565945 0.1336080880561363
2 2.25 36 37 55.36017842207957 0.1268623215259519
2 2.25 37 38 53.98111290931831 0.1205226885806097
2 2.25 38 39 52.57265451844756 0.114558488425637
2 2.25 39 40 51.14842858394439 0.1089419064152378
2 2.25 40 41 49.71949900194738 0.1036476875719915
2 2.25 41 42 48.29481674450619 0.09865285391882306
2 2.25 42 43 46.88158736159505 0.09393645800700029
2 2.25 43 44 45.4855729181001 0.08947936659996467
2 2.25 44 45 44.11134072610329 0.08526407268149071
2 2.25 45 46 42.76138955994534 0.0819350558412279
2 2.25 46 47 41.44051025205229 0.08189911908897456
2 2.25 47 48 40.14969657089134 0.08521960482211141
2 2.25 48 49 38.89047104950708 0.09127216439061853
2 2.25 49 50 37.66369994146712 0.09767309832424076
2.25 2.5 0 1 3322.483913822355 1.884214824364482
2.25 2.5 1 2 -3854.825858697026 0.9574773919582352
2.25 2.5 2 3 -5491.47610471971 1.69168037001956
2.25 2.5 3 4 -4072.109461148329 1.558819333243393
2.25 2.5 4 5 -2869.558021278633 1.381953844312564
2.25 2.5 5 6 -2023.103627135402 1.253519348585777
2.25 2.5 6 7 -1439.748133119747 1.128780986063986
2.25 2.5 7 8 -1034.091429083999 1.01648245884277
2.25 2.5 8 9 -747.4254056247046 0.918390559194325
2.25 2.5 9 10 -541.3897045851304 0.8328734541015363
2.25 2.5 10 11 -390.907236483208 0.7578191706923529
2.25 2.5 11 12 -279.5339710457324 0.6922616539916098
2.25 2.5 12 13 -196.1383498862303 0.6345842997852692
2.25 2.5 13 14 -133.1015252522729 0.5835962863743666
2.25 2.5 14 15 -85.09977871876367 0.5383061662670108
2.25 2.5 15 16 -48.34742264959618 0.4978919439057032
2.25 2.5 16 17 -20.10895562309156 0.4616715833842885
2.25 2.5 17 18 1.621191175284366 0.4290773320389872
2.25 2.5 18 19 18.33280077086192 0.3996344453031599
2.25 2.5 19 20 31.14561494130203 0.3729439361014789
2.25 2.5 20 21 40.91018356346035 0.3486687132350375
2.25 2.5 21 22 48.27873226318673 0.3265224715830989
2.25 2.5 22 23 53.75567657552051 0.3062607799944906
2.25 2.5 23 24 57.73410423196742 0.2876739111505398
2.25 2.5 24 25 60.52244413920232 0.2705810506658573
2.25 2.5 25 26 62.36417998197919 0.2548255968533957
2.25 2.5 26 27 63.4525727540904 0.2402713281322287
2.25 2.5 27 28 63.94176031090012 0.2267992616397569
2.25 2.5 28 29 63.95519893152414 0.2143050642963057
2.25 2.5 29 30 63.59213534017812 0.2026969101844857
2.25 2.5 30 31 62.93260592297014 0.1918936964699179
2.25 2.5 31 32 62.04132507776671 0.1818235525863994
2.25 2.5 32 33 60.97072897588731 0.1724225875624745
2.25 2.5 33 34 59.7633724078313 0.1636338334733326
2.25 2.5 34 35 58.45382666116228 0.155406350106838
2.25 2.5 35 36 57.07019004103762 0.1476944630681588
2.25 2.5 36 37 55.63529582583999 0.1404571138438979
2.25 2.5 37 38 54.16768257869307 0.133657301867538
2.25 2.5 38 39 52.68237677857775 0.1272616051759386
2.25 2.5 39 40 51.19152646459872 0.1212397661984185
2.25 2.5 40 41 49.70491616639936 0.1155643333899823
2.25 2.5 41 42 48.23038662763739 0.110210349802744
2.25 2.5 42 43 46.77417806481944 0.1051550817435296
2.25 2.5 43 44 45.34121163941523 0.1003777816920171
2.25 2.5 44 45 43.93532086388893 0.0958594802430079
2.25 2.5 45 46 42.55839944803486 0.09190070588973014
2.25 2.5 46 47 41.21460719024586 0.08967596796937298
2.25 2.5 47 48 39.90448220620749 0.0893223438864653
2.25 2.5 48 49 38.62911519403147 0.09069518310699622
2.25 2.5 49 50 37.38899337982306 0.09344957027596715
2.5 2.75 0 1 2764.923108442229 2.601569864558676
2.5 2.75 1 2 -4290.731470503746 1.099668657835302
2.5 2.75 2 3 -5431.911936991187 2.463863211399443
2.5 2.75 3 4 -3949.675464713637 2.491043514681622
2.5 2.75 4 5 -2750.009334755657 2.234712476513252
2.5 2.75 5 6 -1918.968845015012 1.966215111823518
2.5 2.75 6 7 -1351.836101786178 1.730435186622703
2.5 2.75 7 8 -960.4892422426697 1.530777088315107
2.5 2.75 8 9 -685.8100007555499 1.362539648644044
2.5 2.75 9 10 -489.6457886856015 1.220680126526952
2.5 2.75 10 11 -347.2750739933811 1.099514342343015
2.5 2.75 11 12 -242.5674855411296 0.9956218812623984
2.5 2.75 12 13 -164.6742560849088 0.9057573987865274
2.5 2.75 13 14 -106.2023623959383 0.8274594956106437
2.5 2.75 14 15 -62.00798052562641 0.7587797435393366
2.5 2.75 15 16 -28.44797170343759 0.6981649354903253
2.5 2.75 16 17 -2.899861213661779 0.6443666581825204
2.5 2.75 17 18 16.5519816985543 0.5963728467433631
2.5 2.75 18 19 31.32541657304546 0.5533560857906008
2.5 2.75 19 20 42.48234421022494 0.5146344172159286
2.5 2.75 20 21 50.82652778321335 0.479641437257065
2.5 2.75 21 22 56.97212908970391 0.4479033073917308
2.5 2.75 22 23 61.39242267696363 0.4190209350549873
2.5 2.75 23 24 64.45488202975116 0.3926560482665138
2.5 2.75 24 25 66.44675983207912 0.3685202251029595
2.5 2.75 25 26 67.59394760643511 0.3463661827275273
2.5 2.75 26 27 68.07502442797124 0.3259808089874252
2.5 2.75 27 28 68.03182167858154 0.3071795476562033
2.5 2.75 28 29 67.57743771318712 0.2898018435678506
2.5 2.75 29 30 66.80236724315449 0.2737074235418128
2.5 2.75 30 31 65.77922409124892 0.258773241109466
2.5 2.75 31 32 64.56640535124109 0.2448909521315676
2.5 2.75 32 33 63.21095248313884 0.2319648170000904
2.5 2.75 33 34 61.75079864315171 0.2199099489187786
2.5 2.75 34 35 60.21654365346882 0.2086508435405677
2.5 2.75 35 36 58.63286307063322 0.198120138883169
2.5 2.75 36 37 57.01963206864872 0.1882575651179332
2.5 2.75 37 38 55.39282582251275 0.1790090513733488
2.5 2.75 38 39 53.76524376352069 0.1703259622902958
2.5 2.75 39 40 52.14709432942834 0.1621644442896399
2.5 2.75 40 41 50.54646880065343 0.1544848627994995
2.5 2.75 41 42 48.96972638553711 0.1472513159247753
2.5 2.75 42 43 47.42180818303325 0.1404312136574264
2.5 2.75 43 44 45.9064938151887 0.1339949121702984
2.5 2.75 44 45 44.42661170302088 0.12791539461879
2.5 2.75 45 46 42.98320529257043 0.1223890922771803
2.5 2.75 46 47 41.5795805013735 0.1182268040019368
2.5 2.75 47 48 40.21561851793197 0.1155425487836765
2.5 2.75 48 49 38.89179537763954 0.1142814927871469
2.5 2.75 49 50 37.60805214939859 0.1136385752396254
2.75 3 0 1 2146.254779178493 2.195773039156059
2.75 3 1 2 -4723.235285636885 3.637617760201667
2.75 3 2 3 -5313.256882463109 5.674363914332285
2.75 3 3 4 -3771.685918923321 4.958464698167624
2.75 3 4 5 -2585.303156152612 4.166971998865383
2.75 3 5 6 -1779.51094330418 3.518509315325999
2.75 3 6 7 -1236.53140000044 3.005257774307168
2.75 3 7 8 -865.6189052410919 2.596842390241339
2.75 3 8 9 -607.5959751512951 2.267366387129153
2.75 3 9 10 -424.872660791169 1.997881118171098
2.75 3 10 11 -293.4310519913136 1.774520146058721
2.75 3 11 12 -197.5114482436563 1.586522832014158
2.75 3 12 13 -126.8102260459289 1.42704611875531
2.75 3 13 14 -74.24186296722587 1.290311055968014
2.75 3 14 15 -34.92399277294044 1.17206269298575
2.75 3 15 16 -5.416541246416728 1.069016260240042
2.75 3 16 17 16.74458906784957 0.9786011842696083
2.75 3 17 18 33.35075083706306 0.8987804877531582
2.75 3 18 19 45.72161092635747 0.8279214592771242
2.75 3 19 20 54.84093685107609 0.7647016705056853
2.75 3 20 21 61.44988471730801 0.7080397188120453
2.75 3 21 22 66.11211172889887 0.6570435151013679
2.75 3 22 23 69.25988932344194 0.6109711952341458
2.75 3 23 24 71.22720005912367 0.5692012340445494
2.75 3 24 25 72.27378554029508 0.5312093512597154
2.75 3 25 26 72.60281724462982 0.4965504886556231
2.75 3 26 27 72.37401643492467 0.4648446147178021
2.75 3 27 28 71.71348831557509 0.4357654478324705
2.75 3 28 29 70.7211582647995 0.4090314257787043
2.75 3 29 30 69.47644042088928 0.384398420041652
2.75 3 30 31 68.04259119270171 0.3616538159370326
2.75 3 31 32 66.47007589617203 0.3406116716172231
2.75 3 32 33 64.79918885046425 0.3211087337872616
2.75 3 33 34 63.06210452545974 0.3030011404892216
2.75 3 34 35 61.28449205701497 0.2861616765437692
2.75 3 35 36 59.4867924943444 0.2704774779308203
2.75 3 36 37 57.68523392833896 0.2558481016205312
2.75 3 37 38 55.89264178519232 0.2421838959949054
2.75 3 38 39 54.1190881698918 0.229404618039204
2.75 3 39 40 52.37241409450698 0.2174382557323346
2.75 3 40 41 50.65865095008135 0.2062200212532932
2.75 3 41 42 48.98236159255612 0.1956914863752581
2.75 3 42 43 47.34691720973322 0.1857998379484566
2.75 3 43 44 45.75472258625311 0.1764972343224949
2.75 3 44 45 44.20739977820662 0.1677402471452368
2.75 3 45 46 42.70497725163719 0.159644501410652
2.75 3 46 47 41.24973695983533 0.1527638073876681
2.75 3 47 48 39.84078257672553 0.147177542855115
2.75 3 48 49 38.47786313533445 0.1428598218938197
2.75 3 49 50 37.16027538283785 0.1392430510504216
3 3.25 0 1 1467.563097391879 1.351188852534673
3 3.25 1 2 -5083.729286996202 8.573526142297766
3 3.25 2 3 -5081.214717598765 9.658213129143578
3 3.25 3 4 -3503.49630058925 7.984671056147428
3 3.25 4 5 -2353.586730301372 6.533275506780095
3 3.25 5 6 -1590.827310519515 5.423081867750136
3 3.25 6 7 -1084.955261958857 4.574496950629824
3 3.25 7 8 -743.8526945483054 3.914151592896463
3 3.25 8 9 -509.3263896147198 3.390163430214718
3 3.25 9 10 -345.1089417851774 2.966449808501856
3 3.25 10 11 -228.2841749137058 2.618480106788445
3 3.25 11 12 -144.0376347912011 2.328807516805679
3 3.25 12 13 -82.70054561540451 2.08455137028679
3 3.25 13 14 -37.71105977619777 1.876458034318211
3 3.25 14 15 -4.572549667511794 1.69751875116484
3 3.25 15 16 19.86217869603433 1.542380794253416
3 3.25 16 17 37.83304290258388 1.406893454054201
3 3.25 17 18 50.95828238895081 1.287793648728031
3 3.25 18 19 60.42269236522725 1.182484145212338
3 3.25 19 20 67.10405305317249 1.088874394267555
3 3.25 20 21 71.65954612400117 1.005264475820647
3 3.25 21 22 74.58578016255035 0.9302592357014313
3 3.25 22 23 76.26110470902438 0.8627039025840256
3 3.25 23 24 76.97584457741027 0.8016352131673524
3 3.25 24 25 76.9541718681927 0.746243886174298
3 3.25 25 26 76.37010876636134 0.6958455061846239
3 3.25 26 27 75.35935837118808 0.6498577122579426
3 3.25 27 28 74.02813494838966 0.6077821646227715
3 3.25 28 29 72.45981265301782 0.569190168362792
3 3.25 29 30 70.71997212141378 0.5337111232007906
3 3.25 30 31 68.86025953877368 0.5010231755981155
3 3.25 31 32 66.9213578384925 0.4708456018416912
3 3.25 32 33 64.93528873132283 0.4429325613472479
3 3.25 33 34 62.9272066389596 0.4170679435002911
3 3.25 34 35 60.91680414555657 0.3930610918431424
3 3.25 35 36 58.91941850133077 0.3707432378044038
3 3.25 36 37 56.94690666904955 0.3499645110964801
3 3.25 37 38 55.00834019758207 0.330591421468834
3 3.25 38 39 53.11055907150771 0.3125047282019748
3 3.25 39 40 51.25861463351302 0.2955976297252479
3 3.25 40 41 49.45612493798259 0.2797742191766769
3 3.25 41 42 47.70556053428217 0.2649481615960863
3 3.25 42 43 46.00847490635593 0.2510415569334796
3 3.25 43 44 44.36569064841277 0.2379839594339954
3 3.25 44 45 42.77745011998596 0.2257115286578988
3 3.25 45 46 41.24263980618397 0.2142702443401351
3 3.25 46 47 39.76236037501104 0.2040034775265655
3 3.25 47 48 38.33485628488904 0.194942695760555
3 3.25 48 49 36.95906731432513 0.1870565874569825
3 3.25 49 50 35.63357764242998 0.1799514263468798
3.25 3.5 0 1 754.6573927138803 0.4620787539676338
3.25 3.5 1 2 -5255.427644429456 18.88846138154407
3.25 3.5 2 3 -4665.064194021606 15.4755063718106
3.25 3.5 3 4 -3104.422822858092 11.80898043622151
3.25 3.5 4 5 -2031.616292700287 9.263864805974301
3.25 3.5 5 6 -1339.984265965851 7.476268698483717
3.25 3.5 6 7 -890.3897728937045 6.174064121629959
3.25 3.5 7 8 -592.2861846264996 5.192890997601271
3.25 3.5 8 9 -390.4818826219323 4.432524533545546
3.25 3.5 9 10 -251.2741933653599 3.829353002024464
3.25 3.5 10 11 -153.7116133007603 3.341553568909787
3.25 3.5 11 12 -84.54790973484023 2.940594515612614
3.25 3.5 12 13 -35.08395128704524 2.60645398431812
3.25 3.5 13 14 0.4834425393917172 2.324657811728397
3.25 3.5 14 15 26.0744367694715 2.084556641944939
3.25 3.5 15 16 44.41900150496554 1.878133256795911
3.25 3.5 16 17 57.44387543548044 1.69925111275981
3.25 3.5 17 18 66.52958765833205 1.543140471890977
3.25 3.5 18 19 72.67858039638577 1.406042926078492
3.25 3.5 19 20 76.62734728549526 1.284960476910741
3.25 3.5 20 21 78.92258385202274 1.17747517690374
3.25 3.5 21 22 79.97375555801386 1.081617350761869
3.25 3.5 22 23 80.08993456231372 0.9957678738762861
3.25 3.5 23 24 79.50596815671173 0.918584722119784
3.25 3.5 24 25 78.40130188222832 0.8489470804994094
3.25 3.5 25 26 76.91367408968517 0.7859123299357735
3.25 3.5 26 27 75.14918347441818 0.7286825993823534
3.25 3.5 27 28 73.189760917961 0.6765785054281489
3.25 3.5 28 29 71.0987634102666 0.6290183511108344
3.25 3.5 29 30 68.92519551610906 0.5855015128149086
3.25 3.5 30 31 66.70691849019346 0.5455950698054647
3.25 3.5 31 32 64.47310617146894 0.5089229663952956
3.25 3.5 32 33 62.24613596754455 0.4751571677336583
3.25 3.5 33 34 60.04305302307444 0.444010397558021
3.25 3.5 34 35 57.87670968932957 0.4152301393141922
3.25 3.5 35 36 55.75665639942872 0.3885936536334313
3.25 3.5 36 37 53.68984107448614 0.3639038182480912
3.25 3.5 37 38 51.68116027652727 0.3409856373525709
3.25 3.5 38 39 49.73389495880897 0.3196832991488104
3.25 3.5 39 40 47.85005594939392 0.2998576843464861
3.25 3.5 40 41 46.03065859699456 0.2813842479582483
3.25 3.5 41 42 44.27594147449165 0.2641512109373272
3.25 3.5 42 43 42.58554085844713 0.2480580107656804
3.25 3.5 43 44 40.95863007838486 0.2330139690099665
3.25 3.5 44 45 39.39403086056882 0.2189371415371359
3.25 3.5 45 46 37.88949674182373 0.2058465983019965
3.25 3.5 46 47 36.4448847979283 0.194035253348999
3.25 3.5 47 48 35.05762039430415 0.1835244367628141
3.25 3.5 48 49 33.72585534558262 0.1742817799162283
3.25 3.5 49 50 32.4474918502799 0.1659452602825694
3.5 3.75 0 1 88.95990458833342 1.775374067489549
3.5 3.75 1 2 -5050.67945598694 25.41888904046463
3.5 3.75 2 3 -3985.562210006478 17.29852987039153
3.5 3.75 3 4 -2542.488016127896 12.39266336794202
3.5 3.75 4 5 -1609.487808221241 9.376503002571608
3.5 3.75 5 6 -1027.527855710358 7.378686398457236
3.5 3.75 6 7 -658.2983267667032 5.975510357430639
3.5 3.75 7 8 -418.563977304972 4.945266469478681
3.5 3.75 8 9 -259.4827537854155 4.162489781092277
3.5 3.75 9 10 -151.9390539363169 3.551582320518881
3.5 3.75 10 11 -78.12788558232592 3.063467099299735
3.5 3.75 11 12 -26.84246284884603 2.668172941858201
3.5 3.75 12 13 8.819118035095244 2.341226580176427
3.5 3.75 13 14 33.54195742834611 2.068105382136354
3.5 3.75 14 15 50.73586877033961 1.837458532316265
3.5 3.75 15 16 62.46702715923971 1.640708992399289
3.5 3.75 16 17 70.25304553776095 1.471451860508177
3.5 3.75 17 18 75.16960898893035 1.324755161381903
3.5 3.75 18 19 77.98925470356244 1.196765152823142
3.5 3.75 19 20 79.27315872372765 1.084431121859621
3.5 3.75 20 21 79.43296832355753 0.9853096996554591
3.5 3.75 21 22 78.77315822288602 0.897423257178612
3.5 3.75 22 23 77.52048963866349 0.8191558047306551
3.5 3.75 23 24 75.84478386211782 0.7491753613580454
3.5 3.75 24 25 73.87375577989604 0.6863753062344267
3.5 3.75 25 26 71.70372700948803 0.6298295419029663
3.5 3.75 26 27 69.40744361473293 0.5787578413359534
3.5 3.75 27 28 67.03983478069586 0.5324987965179159
3.5 3.75 28 29 64.64229118211512 0.4904885045565563
3.5 3.75 29 30 62.24586829028112 0.4522436302399956
3.5 3.75 30 31 59.87370171787705 0.4173478386881689
3.5 3.75 31 32 57.54284005380558 0.3854408469180622
3.5 3.75 32 33 55.26564366618203 0.356209527442428
3.5 3.75 33 34 53.05085775810946 0.3293806322217921
3.5 3.75 34 35 50.90443930355542 0.3047148060620373
3.5 3.75 35 36 48.83019687229984 0.2820016323972604
3.5 3.75 36 37 46.83028738849598 0.2610555117744505
3.5 3.75 37 38 44.90560294726373 0.2417122155899058
3.5 3.75 38 39 43.0560727231981 0.2238259908694152
3.5 3.75 39 40 41.28089900517941 0.2072671169827745
3.5 3.75 40 41 39.57874198669269 0.1919198352512375
3.5 3.75 41 42 37.94786445104776 0.1776805874126437
3.5 3.75 42 43 36.38624505156827 0.164456511378107
3.5 3.75 43 44 34.89166691049911 0.1521641524614692
3.5 3.75 44 45 33.46178674476903 0.1407283554084285
3.5 3.75 45 46 32.09351542112722 0.1301975118548701
3.5 3.75 46 47 30.78562951729948 0.1209696917113383
3.5 3.75 47 48 29.53501145947556 0.1131151845031219
3.5 3.75 48 49 28.33925142652117 0.1066318526437613
3.5 3.75 49 50 27.19579176637669 0.1010936935097178
3.75 4 0 1 -414.1790419423019 2.019990871110315
3.75 4 1 2 -4322.677348845838 29.80790715982965
3.75 4 2 3 -3021.678837586783 14.33924334059197
3.75 4 3 4 -1827.808369608011 8.597458170385531
3.75 4 4 5 -1106.174880520779 5.730359363461057
3.75 4 5 6 -673.9400287072103 4.06652018181195
3.75 4 6 7 -408.0833121965611 3.00713132005425
3.75 4 7 8 -240.1801397971444 2.288650756516798
3.75 4 8 9 -131.7117461794728 1.778681797503767
3.75 4 9 10 -60.41514257537551 1.404579336747174
3.75 4 10 11 -13.26439206752912 1.117654356891719
3.75 4 11 12 18.35718090994396 0.9023766501289019
3.75 4 12 13 40.04639816404699 0.7369748150436007
3.75 4 13 14 54.04064708068756 0.5946772879227106
3.75 4 14 15 62.65178507793701 0.4882494090561721
3.75 4 15 16 68.09994305291627 0.4009803399630713
3.75 4 16 17 71.09316704463703 0.330633815083263
3.75 4 17 18 72.35218857858877 0.2741446542300461
3.75 4 18 19 72.38653435885863 0.2296820777744525
3.75 4 19 20 71.56021060984602 0.2129673080258377
3.75 4 20 21 70.13549592600344 0.1978290072210766
3.75 4 21 22 68.30263892480116 0.1840741129393612
3.75 4 22 23 66.20030855521475 0.1715386868367777
3.75 4 23 24 63.92987253503486 0.1600827655098807
3.75 4 24 25 61.56549153819606 0.149586238893196
3.75 4 25 26 59.16133578022993 0.1399455322436776
3.75 4 26 27 56.75679666624302 0.1310709180888898
3.75 4 27 28 54.38028476028487 0.1301077379119896
3.75 4 28 29 52.05202011426715 0.132755819285674
3.75 4 29 30 49.78609715083724 0.1355136293157758
3.75 4 30 31 47.59202254185396 0.1381735992527965
3.75 4 31 32 45.47586702990321 0.1406140331698361
3.75 4 32 33 43.44113229174951 0.1427694379985294
3.75 4 33 34 41.48940601350479 0.1446102699164867
3.75 4 34 35 39.6208585686114 0.1461294999533994
3.75 4 35 36 37.83462055059825 0.1473338376289292
3.75 4 36 37 36.12907022271506 0.1482380474270262
3.75 4 37 38 34.50205255774112 0.1488612930661751
3.75 4 38 39 32.95104610551087 0.1492248039294893
3.75 4 39 40 31.47328992465239 0.1493504038694854
3.75 4 40 41 30.06587989744102 0.1492596013922492
3.75 4 41 42 28.7258414490563 0.1489730460948261
3.75 4 42 43 27.450184101255 0.1485102227759562
3.75 4 43 44 26.23594201872731 0.1478893000893013
3.75 4 44 45 25.08020371784346 0.1471270772915048
3.75 4 45 46 23.97963418759026 0.1463102370547691
3.75 4 46 47 22.93236649517583 0.1456993110783056
3.75 4 47 48 21.93526251735229 0.1453076147710007
3.75 4 48 49 20.98579691294568 0.1451064568255309
3.75 4 49 50 20.08137710247345 0.1448831828824291
4 5 0 1 -1189.328880952607 3.80300505778672
4 5 1 2 -4847.25840292674 10.72504970673704
4 5 2 3 -2781.776895870743 6.847265289662377
4 5 3 4 -1459.870181414517 4.854132001766651
4 5 4 5 -758.6890504401053 3.541196301281988
4 5 5 6 -381.1411967793636 2.681874981223734
4 5 6 7 -169.5100540169797 2.136852066945112
4 5 7 8 -47.49908266702528 1.766451924706967
4 5 8 9 23.87094186258946 1.491871538264008
4 5 9 10 65.6001393794935 1.27705159244175
4 5 10 11 89.45332311171592 1.108055308018628
4 5 11 12 102.3192563661208 0.9729099639587785
4 5 12 13 108.3360924852417 0.8599611366260429
4 5 13 14 110.0347396605406 0.7637030256243921
4 5 14 15 109.0053729357592 0.6821900104151911
4 5 15 16 106.2770601774208 0.6132865573462047
4 5 16 17 102.5242536681738 0.554080933790819
4 5 17 18 98.18886655828754 0.5022020980983545
4 5 18 19 93.56039536811079 0.4563230261445418
4 5 19 20 88.829302738286 0.4157248164129264
4 5 20 21 84.12107785462746 0.3798004953815609
4 5 21 22 79.51748134517598 0.3479024918437357
4 5 22 23 75.07020303071928 0.3194086458222077
4 5 23 24 70.8101430366043 0.2938023625215918
4 5 24 25 66.75394283936069 0.2706890734273426
4 5 25 26 62.90858946105058 0.2497671824632673
4 5 26 27 59.27461379204692 0.2307913683861409
4 5 27 28 55.84828417533154 0.213548460762944
4 5 28 29 52.62310796446479 0.1978474776014343
4 5 29 30 49.59086725098008 0.1835176737902647
4 5 30 31 46.74234067233161 0.1704087698032438
4 5 31 32 44.0678091904205 0.1583904383725431
4 5 32 33 41.55740915599725 0.1473504898808405
4 5 33 34 39.20137522880692 0.1371922769018816
4 5 34 35 36.99020324414165 0.1278319921181199
4 5 35 36 34.91475506963492 0.1191962990336865
4 5 36 37 32.96632184702099 0.1112204565354141
4 5 37 38 31.13665778609192 0.1038469127711811
4 5 38 39 29.41799342857377 0.09702426510117301
4 5 39 40 27.80303483108126 0.09070647250810004
4 5 40 41 26.28495332742158 0.08485223062019118
4 5 41 42 24.85736912382539 0.07942444848955896
4 5 42 43 23.5143310638447 0.07438979227620179
4 5 43 44 22.25029422507482 0.06971827815969822
4 5 44 45 21.06009646390689 0.06538290476333058
4 5 45 46 19.93844076330619 0.06180416394355363
4 5 46 47 18.88150454144336 0.06057633752062189
4 5 47 48 17.8846803579591 0.06187461328050184
4 5 48 49 16.94414963322078 0.06573458630231546
4 5 49 50 16.05596168020593 0.06992824106235092
-5 5 0 50 -549709.5404084674 97.54167203174714
