#ylo yhi qTlo qThi PDF0  uncertainty
-5 -4 0 1 -1207.562919701792 3.847801678629166
-5 -4 1 2 -4883.018277151598 10.78137504004323
-5 -4 2 3 -2797.977277513011 6.853100157377205
-5 -4 3 4 -1464.310471576296 4.843736185195853
-5 -4 4 5 -757.8333705740629 3.532014839105155
-5 -4 5 6 -378.3343942541749 2.680149209462792
-5 -4 6 7 -166.171366698499 2.138973109293619
-5 -4 7 8 -44.2222139338121 1.76958489999507
-5 -4 8 9 26.86706408929035 1.495139089762025
-5 -4 9 10 68.24823974597598 1.280033254551735
-5 -4 10 11 91.75532709532456 1.110657296618186
-5 -4 11 12 104.3030364662012 0.9750429786432022
-5 -4 12 13 110.0373661294213 0.8614945036975653
-5 -4 13 14 111.4893891029805 0.764602243682371
-5 -4 14 15 110.2464414679596 0.6825028123062378
-5 -4 15 16 107.333875468017 0.6130835753714271
-5 -4 16 17 103.4223637733468 0.553421262897935
-5 -4 17 18 98.95029603522869 0.5011362334322733
-5 -4 18 19 94.20402713021303 0.4549008633518945
-5 -4 19 20 89.37129193019393 0.4139960316404997
-5 -4 20 21 84.57524502107782 0.3778113227596618
-5 -4 21 22 79.89566107250616 0.3456936925435881
-5 -4 22 23 75.38254349169827 0.3170154465140823
-5 -4 23 24 71.06536060135579 0.2912552613675632
-5 -4 24 25 66.95953789293958 0.2680146355970981
-5 -4 25 26 63.07102902617405 0.2469885879081694
-5 -4 26 27 59.39948572312838 0.2279287957734251
-5 -4 27 28 55.94042709827912 0.2106194177587238
-5 -4 28 29 52.68672069353761 0.1948671246513368
-5 -4 29 30 49.62960098058801 0.1804991386400078
-5 -4 30 31 46.75937678242393 0.1673634386593314
-5 -4 31 32 44.06592505605354 0.1553282127697721
-5 -4 32 33 41.53903394080426 0.1442800085604768
-5 -4 33 34 39.1686372976428 0.1341211055045985
-5 -4 34 35 36.94497054336321 0.1247667858271834
-5 -4 35 36 34.85866959270621 0.1161429431204753
-5 -4 36 37 32.90082911505722 0.1081841883341363
-5 -4 37 38 31.06303211884083 0.1008324284580049
-5 -4 38 39 29.33735965441593 0.09403581317153353
-5 -4 39 40 27.71638697878453 0.08774793671461231
-5 -4 40 41 26.19317075544344 0.08192720348359439
-5 -4 41 42 24.76123046921159 0.07653629688124923
-5 -4 42 43 23.41452633209784 0.0715417163826193
-5 -4 43 44 22.14743529121214 0.0669133644564808
-5 -4 44 45 20.9547262128131 0.06262417389903942
-5 -4 45 46 19.83103878221159 0.05909701905852348
-5 -4 46 47 18.77250173478945 0.05793556053739762
-5 -4 47 48 17.77445738886738 0.05940962061361268
-5 -4 48 49 16.83304462755698 0.06334807809961487
-5 -4 49 50 15.94427565672572 0.0676249503912071
-4 -3.75 0 1 -428.9580338297479 2.030702896029315
-4 -3.75 1 2 -4352.140457537937 29.89791633114766
-4 -3.75 2 3 -3034.351638825472 14.40127724712204
-4 -3.75 3 4 -1832.448426956336 8.64277273541847
-4 -3.75 4 5 -1107.134910939886 5.765198298346482
-4 -3.75 5 6 -673.3424830826673 4.094273387890777
-4 -3.75 6 7 -406.8873264686617 3.029813969496217
-4 -3.75 7 8 -238.8180492433255 2.307547221698167
-4 -3.75 8 9 -130.3717168701623 1.794195648338752
-4 -3.75 9 10 -59.16621260729403 1.416786602269043
-4 -3.75 10 11 -11.94859634471845 1.135031859967786
-4 -3.75 11 12 19.37216330193507 0.9161018431994493
-4 -3.75 12 13 40.57676148556448 0.7375993493390602
-4 -3.75 13 14 54.79599145437498 0.6020718996307963
-4 -3.75 14 15 63.2700686828158 0.4948754414632563
-4 -3.75 15 16 68.62649525441236 0.4066618043064665
-4 -3.75 16 17 71.5394922028832 0.3354311439199047
-4 -3.75 17 18 72.72866201587772 0.278091148521509
-4 -3.75 18 19 72.7023569418036 0.2323839524659614
-4 -3.75 19 20 71.82345935413616 0.2127437077420092
-4 -3.75 20 21 70.35321719793217 0.197604446014862
-4 -3.75 21 22 68.48095653150358 0.1838497573084223
-4 -3.75 22 23 66.34453255654921 0.1713154286025146
-4 -3.75 23 24 64.04460184457218 0.15986128557642
-4 -3.75 24 25 61.65470726403245 0.1493670555935097
-4 -3.75 25 26 59.2284843380869 0.1397290372347512
-4 -3.75 26 27 56.80486278462826 0.1308574040729673
-4 -3.75 27 28 54.4118550370186 0.1283171343049856
-4 -3.75 28 29 52.06933801925268 0.1309306160293684
-4 -3.75 29 30 49.79111043888705 0.1336977979927761
-4 -3.75 30 31 47.58642401718126 0.1363955424214976
-4 -3.75 31 32 45.46112954035328 0.138891392927722
-4 -3.75 32 33 43.41853874331707 0.1411125917356666
-4 -3.75 33 34 41.46007510680691 0.1430247530852716
-4 -3.75 34 35 39.58576687052387 0.1446176488290041
-4 -3.75 35 36 37.79462143162444 0.1458958932862467
-4 -3.75 36 37 36.08491011782745 0.1468728959079729
-4 -3.75 37 38 34.45438494242171 0.1475669624638998
-4 -3.75 38 39 32.90044352188141 0.1479987987378201
-4 -3.75 39 40 31.42025434315208 0.1481899302013817
-4 -3.75 40 41 30.010851656797 0.1481617186886756
-4 -3.75 41 42 28.66920698146711 0.1479347686412628
-4 -3.75 42 43 27.39228261819571 0.1475285874670622
-4 -3.75 43 44 26.17707130626323 0.1469614104075755
-4 -3.75 44 45 25.02062516959715 0.146250131556393
-4 -3.75 45 46 23.91957586052126 0.1454816481894695
-4 -3.75 46 47 22.87203185316907 0.1449167565613701
-4 -3.75 47 48 21.87482869826329 0.1445685254590305
-4 -3.75 48 49 20.92541904677822 0.1444080965575398
-4 -3.75 49 50 20.02119197951502 0.1442227189241971
-3.75 -3.5 0 1 70.78435470366031 1.785203655275193
-3.75 -3.5 1 2 -5086.149545807035 25.61462325373175
-3.75 -3.5 2 3 -3999.540269157419 17.42071120284578
-3.75 -3.5 3 4 -2547.347233940597 12.47724995670439
-3.75 -3.5 4 5 -1610.338188026109 9.439113033949308
-3.75 -3.5 5 6 -1026.702412527211 7.427115212057624
-3.75 -3.5 6 7 -656.841447645184 6.014153433900481
-3.75 -3.5 7 8 -416.94439549763 4.976823506358271
-3.75 -3.5 8 9 -257.9079995468726 4.188721509470692
-3.75 -3.5 9 10 -150.4956205390549 3.573708742809534
-3.75 -3.5 10 11 -76.8543400380529 3.082651286995518
-3.75 -3.5 11 12 -25.69729790793144 2.684485438702141
-3.75 -3.5 12 13 9.81592109804933 2.354885138863863
-3.75 -3.5 13 14 34.38782197571209 2.080418370799618
-3.75 -3.5 14 15 51.45997153592441 1.848275576332654
-3.75 -3.5 15 16 63.08390065653839 1.650257862028159
-3.75 -3.5 16 17 70.77617723862693 1.479916298041201
-3.75 -3.5 17 18 75.61117023613861 1.332285188101809
-3.75 -3.5 18 19 78.36004941458634 1.20348457126055
-3.75 -3.5 19 20 79.58267955008353 1.090443074424234
-3.75 -3.5 20 21 79.68950163952331 0.9907008529385882
-3.75 -3.5 21 22 78.9839071245197 0.9022669967140722
-3.75 -3.5 22 23 77.69169887414665 0.8235147055118158
-3.75 -3.5 23 24 75.98185857384863 0.7531031206156992
-3.75 -3.5 24 25 73.98137029531836 0.6899182715345255
-3.75 -3.5 25 26 71.78592230541329 0.6330279309479194
-3.75 -3.5 26 27 69.46771337292012 0.5816467243880258
-3.75 -3.5 27 28 67.08120062692353 0.5351088941374698
-3.75 -3.5 28 29 64.6673680220909 0.4928468401790965
-3.75 -3.5 29 30 62.25692077636555 0.4543740678972709
-3.75 -3.5 30 31 59.87269288856814 0.419271528891099
-3.75 -3.5 31 32 57.53147313703442 0.3871765986056601
-3.75 -3.5 32 33 55.24539795319666 0.3577741201922866
-3.75 -3.5 33 34 53.02301936404083 0.3307890794622491
-3.75 -3.5 34 35 50.87012753297356 0.3059805783962784
-3.75 -3.5 35 36 48.79038681904274 0.2831368476576361
-3.75 -3.5 36 37 46.78582931396014 0.2620710977257544
-3.75 -3.5 37 38 44.85723890724614 0.242618049732973
-3.75 -3.5 38 39 43.00445084534232 0.2246310209603699
-3.75 -3.5 39 40 41.22658576226485 0.2079794656457394
-3.75 -3.5 40 41 39.52223275957728 0.1925468905695114
-3.75 -3.5 41 42 37.88959263080956 0.1782290822781689
-3.75 -3.5 42 43 36.32658989535817 0.1649325928075866
-3.75 -3.5 43 44 34.83096033082883 0.1525734425901224
-3.75 -3.5 44 45 33.40031918704616 0.1410760052854858
-3.75 -3.5 45 46 32.03153956543565 0.1304874706376777
-3.75 -3.5 46 47 30.72336982152677 0.1212025216279859
-3.75 -3.5 47 48 29.47266274572324 0.1132905834160362
-3.75 -3.5 48 49 28.27698373973003 0.1067495164397735
-3.75 -3.5 49 50 27.13375438785532 0.1011559953107115
-3.5 -3.25 0 1 735.1046666200946 0.4587311938584894
-3.5 -3.25 1 2 -5291.972235703002 19.10325778416327
-3.5 -3.25 2 3 -4677.610098202075 15.60889239344561
-3.5 -3.25 3 4 -3108.086382421162 11.90072035798344
-3.5 -3.25 4 5 -2031.680113966449 9.331341745907686
-3.5 -3.25 5 6 -1338.649067553337 7.528146923176287
-3.5 -3.25 6 7 -888.6003435925886 6.215217206594486
-3.5 -3.25 7 8 -590.4482880242563 5.226303813477817
-3.5 -3.25 8 9 -388.7632314300731 4.460143717425596
-3.5 -3.25 9 10 -249.7360171555331 3.85246505255123
-3.5 -3.25 10 11 -152.3639852138326 3.361216806827906
-3.5 -3.25 11 12 -83.38519752614502 2.957415689064563
-3.5 -3.25 12 13 -34.09158032197456 2.620950646801493
-3.5 -3.25 13 14 1.325069966773754 2.337244173322648
-3.5 -3.25 14 15 26.78374094329433 2.095544344193483
-3.5 -3.25 15 16 45.01318787453806 1.887769781310686
-3.5 -3.25 16 17 57.93849058695548 1.707735709081447
-3.5 -3.25 17 18 66.93841616273869 1.550635504761136
-3.5 -3.25 18 19 73.01370348726095 1.412682124149254
-3.5 -3.25 19 20 76.89927412093152 1.290855036994534
-3.5 -3.25 20 21 79.14041016607143 1.182718353215526
-3.5 -3.25 21 22 80.14532670954713 1.086287954925366
-3.5 -3.25 22 23 80.22200149411788 0.9999329782154728
-3.5 -3.25 23 24 79.60433088314255 0.9223017722098601
-3.5 -3.25 24 25 78.47093841759852 0.8522655634483765
-3.5 -3.25 25 26 76.95885451124684 0.7888751045826541
-3.5 -3.25 26 27 75.17356975565019 0.7313269665465366
-3.5 -3.25 27 28 73.19649363831275 0.6789370757879623
-3.5 -3.25 28 29 71.09053664163042 0.6311197545644818
-3.5 -3.25 29 30 68.90432122678743 0.5873709822008107
-3.5 -3.25 30 31 66.6753817627781 0.5472549244516277
-3.5 -3.25 31 32 64.43261243580548 0.5103930149728184
-3.5 -3.25 32 33 62.19815133748301 0.4764550460710739
-3.5 -3.25 33 34 59.98883870661797 0.4451518530949459
-3.5 -3.25 34 35 57.81735132332912 0.4162292720883164
-3.5 -3.25 35 36 55.69308905007259 0.3894631212677087
-3.5 -3.25 36 37 53.62287054498989 0.364655011012225
-3.5 -3.25 37 38 51.61148127294126 0.3416288285928823
-3.5 -3.25 38 39 49.66210658503601 0.3202277745552674
-3.5 -3.25 39 40 47.77667493493249 0.3003118541864777
-3.5 -3.25 40 41 45.95613059871255 0.2817557439877192
-3.5 -3.25 41 42 44.20065074429206 0.2644469710200674
-3.5 -3.25 42 43 42.5098185219878 0.2482843529184975
-3.5 -3.25 43 44 40.88276123537767 0.2331766558924777
-3.5 -3.25 44 45 39.31826068175127 0.2190414374927571
-3.5 -3.25 45 46 37.81403458256473 0.2058968814450953
-3.5 -3.25 46 47 36.36991299233514 0.1940338460373338
-3.5 -3.25 47 48 34.9832937252399 0.183473023392988
-3.5 -3.25 48 49 33.65230565691584 0.1741817813572846
-3.5 -3.25 49 50 32.37483198986752 0.1657993301413402
-3.25 -3 0 1 1448.437711315738 1.326257679304274
-3.25 -3 1 2 -5116.748421983827 8.644716437288002
-3.25 -3 2 3 -5089.914756269066 9.704201285070136
-3.25 -3 3 4 -3504.753053735783 8.01677531777951
-3.25 -3 4 5 -2352.28139229203 6.557071015217056
-3.25 -3 5 6 -1588.725333755394 5.44144221981067
-3.25 -3 6 7 -1082.747487612175 4.589080015362061
-3.25 -3 7 8 -741.801240362674 3.925990716375164
-3.25 -3 8 9 -507.5158445772818 3.399943462014656
-3.25 -3 9 10 -343.5548916968203 2.974633671731959
-3.25 -3 10 11 -226.9716275171058 2.625402071880698
-3.25 -3 11 12 -142.9377191964404 2.334721680460118
-3.25 -3 12 13 -81.78829798542279 2.089639127310344
-3.25 -3 13 14 -36.96089449938427 1.880861944910305
-3.25 -3 14 15 -3.961318268204877 1.701350434992499
-3.25 -3 15 16 20.35490955609293 1.545729006129361
-3.25 -3 16 17 38.22507013118729 1.409829722659202
-3.25 -3 17 18 51.26498314673393 1.290376304348034
-3.25 -3 18 19 60.65728352742678 1.184761254437525
-3.25 -3 19 20 67.27785233401767 1.090885936684219
-3.25 -3 20 21 71.78221757888514 1.007043983752745
-3.25 -3 21 22 74.6655574095978 0.9318350469142919
-3.25 -3 22 23 76.30499004716103 0.8641001293977759
-3.25 -3 23 24 76.98978441528527 0.8028725009205351
-3.25 -3 24 25 76.94320992023688 0.7473400127456391
-3.25 -3 25 26 76.33851892984973 0.6968158606092992
-3.25 -3 26 27 75.31075935721282 0.6507156801279531
-3.25 -3 27 28 73.96558873351353 0.6085394407338904
-3.25 -3 28 29 72.38590872737865 0.5698570126008093
-3.25 -3 29 30 70.6368993631354 0.5342965709658265
-3.25 -3 30 31 68.76986737994895 0.5015352124606337
-3.25 -3 31 32 66.82520821155714 0.4712913086880088
-3.25 -3 32 33 64.834700115695 0.4433182366056145
-3.25 -3 33 34 62.82329136029364 0.4173992056572463
-3.25 -3 34 35 60.8104999337188 0.3933429665178583
-3.25 -3 35 36 58.81151517195235 0.3709802317076915
-3.25 -3 36 37 56.83806867542967 0.350160675242646
-3.25 -3 37 38 54.8991256871833 0.3307504054881629
-3.25 -3 38 39 53.0014359928341 0.3126298269046514
-3.25 -3 39 40 51.14997435057711 0.2956918237092788
-3.25 -3 40 41 49.34829374576606 0.2798402095814519
-3.25 -3 41 42 47.59880940316216 0.2649884007934308
-3.25 -3 42 43 45.90302773425313 0.2510582750962211
-3.25 -3 43 44 44.26173125646025 0.2379791878034118
-3.25 -3 44 45 42.67512818725956 0.2256871199912973
-3.25 -3 45 46 41.14207531632954 0.214227423476157
-3.25 -3 46 47 39.66365052357474 0.2039414911183776
-3.25 -3 47 48 38.2380763639668 0.1948601658349197
-3.25 -3 48 49 36.86427452117795 0.1869518222895521
-3.25 -3 49 50 35.54081471089363 0.1798241779075179
-3 -2.75 0 1 2128.204411603384 2.175991275471225
-3 -2.75 1 2 -4751.019117786921 3.656908864142849
-3 -2.75 2 3 -5317.362232486734 5.674616541066848
-3 -2.75 3 4 -3770.22661138017 4.954944804127559
-3 -2.75 4 5 -2582.523116060067 4.162527922836627
-3 -2.75 5 6 -1776.630371585961 3.513915229209246
-3 -2.75 6 7 -1233.934762881355 3.000778406465804
-3 -2.75 7 8 -863.3995639663967 2.592573659733838
-3 -2.75 8 9 -605.7543549206839 2.263533712831534
-3 -2.75 9 10 -423.3704879066295 1.99397957354536
-3 -2.75 10 11 -292.169724976407 1.770868361450312
-3 -2.75 11 12 -196.5137174714348 1.583184722894243
-3 -2.75 12 13 -126.0139973426283 1.423907979041881
-3 -2.75 13 14 -73.61469268868586 1.287356701012602
-3 -2.75 14 15 -34.43839318221876 1.169276977244835
-3 -2.75 15 16 -5.0492821820892 1.066385320395362
-3 -2.75 16 17 17.01313236060082 0.9761124684295537
-3 -2.75 17 18 33.53715758408021 0.896422688413568
-3 -2.75 18 19 45.83988399650275 0.8256844079054261
-3 -2.75 19 20 54.90289519495946 0.7625762220047823
-3 -2.75 20 21 61.4654934859534 0.7060176390239862
-3 -2.75 21 22 66.08976181753769 0.6551173771546717
-3 -2.75 22 23 69.20663528924911 0.6091342861914016
-3 -2.75 23 24 71.14896320146568 0.567447472698695
-3 -2.75 24 25 72.17552741728991 0.5295332157627721
-3 -2.75 25 26 72.48868786796675 0.4949469533354114
-3 -2.75 26 27 72.24748067267376 0.4633090949966776
-3 -2.75 27 28 71.57743350706568 0.4342937520772243
-3 -2.75 28 29 70.57798565024848 0.4076197132810204
-3 -2.75 29 30 69.32814265417915 0.3830431642349082
-3 -2.75 30 31 67.89081792018885 0.3603517721772012
-3 -2.75 31 32 66.31618913177385 0.33935984877112
-3 -2.75 32 33 64.64430965298897 0.3199043693903825
-3 -2.75 33 34 62.90715228455713 0.3018416785728152
-3 -2.75 34 35 61.13021751133476 0.2850447482422401
-3 -2.75 35 36 59.33380545235229 0.2694008841036766
-3 -2.75 36 37 57.53402651821091 0.2548097974334067
-3 -2.75 37 38 55.74360793936495 0.2411819772802824
-3 -2.75 38 39 53.97253994495051 0.228437308890329
-3 -2.75 39 40 52.22859533281601 0.2165038977616338
-3 -2.75 40 41 50.51774871431354 0.2053170634477658
-3 -2.75 41 42 48.84451573157801 0.1948184764309222
-3 -2.75 42 43 47.21222836342395 0.1849554141725782
-3 -2.75 43 44 45.62325888129365 0.1756801185448077
-3 -2.75 44 45 44.07920243104479 0.1669492381813651
-3 -2.75 45 46 42.58006529312374 0.1588783923838343
-3 -2.75 46 47 41.12811185033118 0.1520210846279348
-3 -2.75 47 48 39.7224306645721 0.1464564239085093
-3 -2.75 48 49 38.3627584560457 0.1421581820765985
-3 -2.75 49 50 37.04838290211754 0.1385588967812981
-2.75 -2.5 0 1 2748.181356755216 2.578402624042441
-2.75 -2.5 1 2 -4313.183495461859 1.107070715770462
-2.75 -2.5 2 3 -5431.713129458252 2.454503626348091
-2.75 -2.5 3 4 -3945.754163462496 2.47953008380396
-2.75 -2.5 4 5 -2745.949532333028 2.223791166629337
-2.75 -2.5 5 6 -1915.460894988328 1.956295370549566
-2.75 -2.5 6 7 -1348.968632535071 1.721506993014136
-2.75 -2.5 7 8 -958.1947260623851 1.52259275677937
-2.75 -2.5 8 9 -683.9921544617014 1.355424333691651
-2.75 -2.5 9 10 -488.2181072232011 1.21411019893583
-2.75 -2.5 10 11 -346.1586724498773 1.093520330314017
-2.75 -2.5 11 12 -241.7053964712975 0.9901379290104895
-2.75 -2.5 12 13 -164.0194614692678 0.9007188756795753
-2.75 -2.5 13 14 -105.7171468428214 0.8228120765494643
-2.75 -2.5 14 15 -61.66177927051172 0.7544776774943048
-2.75 -2.5 15 16 -28.21576851070108 0.6941695255418484
-2.75 -2.5 16 17 -2.761016979106444 0.6406449922395097
-2.75 -2.5 17 18 16.6145909794684 0.5928967628827526
-2.75 -2.5 18 19 31.32604718296557 0.5501013385010871
-2.75 -2.5 19 20 42.43288393882779 0.5115800069184177
-2.75 -2.5 20 21 50.73689133609878 0.4767690712953189
-2.75 -2.5 21 22 56.85057857351251 0.4451969644676059
-2.75 -2.5 22 23 61.24583198868572 0.4164665117885493
-2.75 -2.5 23 24 64.28895765193909 0.390241070520665
-2.75 -2.5 24 25 66.26622663307285 0.3662336106803428
-2.75 -2.5 25 26 67.40270583785309 0.3441980456172841
-2.75 -2.5 26 27 67.87628260701388 0.3239222959515922
-2.75 -2.5 27 28 67.82820906318864 0.3052227019942231
-2.75 -2.5 28 29 67.3710994129259 0.2879394902521039
-2.75 -2.5 29 30 66.59504451981758 0.2719330721569245
-2.75 -2.5 30 31 65.57232202787918 0.2570810031812293
-2.75 -2.5 31 32 64.3610497640999 0.2432754705013392
-2.75 -2.5 32 33 63.00803768755145 0.2304212051679933
-2.75 -2.5 33 34 61.55102746565615 0.2184337390327426
-2.75 -2.5 34 35 60.0204608851119 0.2072379407123963
-2.75 -2.5 35 36 58.44088338595469 0.1967667820920712
-2.75 -2.5 36 37 56.83206328879356 0.1869602928282601
-2.75 -2.5 37 38 55.20988826565736 0.1777646712240867
-2.75 -2.5 38 39 53.58708631897514 0.1691315248489359
-2.75 -2.5 39 40 51.97380778907785 0.1610172197348328
-2.75 -2.5 40 41 50.37809690293335 0.153382320038132
-2.75 -2.5 41 42 48.80627494956715 0.1461911046268585
-2.75 -2.5 42 43 47.26325265524807 0.1394111478799431
-2.75 -2.5 43 44 45.75278549373968 0.1330129557186579
-2.75 -2.5 44 45 44.27768286684349 0.1269696482284695
-2.75 -2.5 45 46 42.83897405832923 0.1214781387528345
-2.75 -2.5 46 47 41.43995315004503 0.1173505115464765
-2.75 -2.5 47 48 40.08049334567303 0.1147004586710819
-2.75 -2.5 48 49 38.76106444265028 0.1134721669749618
-2.75 -2.5 49 50 37.48160409981034 0.1128590055159036
-2.5 -2.25 0 1 3307.188466563027 1.85406573713359
-2.5 -2.25 1 2 -3872.404965759421 0.9640992503518119
-2.5 -2.25 2 3 -5487.792060355156 1.693628161821939
-2.5 -2.25 3 4 -4066.287659914438 1.559668651429824
-2.5 -2.25 4 5 -2864.561495170765 1.378644926384264
-2.5 -2.25 5 6 -2019.176814222476 1.249548290903703
-2.5 -2.25 6 7 -1436.737190415395 1.124663205379719
-2.5 -2.25 7 8 -1031.798805592944 1.012421581986643
-2.5 -2.25 8 9 -745.6866407238895 0.9145100200734805
-2.5 -2.25 9 10 -540.0795719933208 0.8292220111111575
-2.5 -2.25 10 11 -389.9252142097241 0.7543608255569503
-2.5 -2.25 11 12 -278.8120272011399 0.6890096679655349
-2.5 -2.25 12 13 -195.623075473866 0.6315269989507083
-2.5 -2.25 13 14 -132.7517191802633 0.5807200098683331
-2.5 -2.25 14 15 -84.88304098639787 0.5355970458536339
-2.5 -2.25 15 16 -48.23784593948631 0.495336724200949
-2.5 -2.25 16 17 -20.08555157638648 0.4592579625750181
-2.5 -2.25 17 18 1.575585075326899 0.4267940648462173
-2.5 -2.25 18 19 18.23230211764326 0.3974713312173397
-2.5 -2.25 19 20 31.0018732275139 0.3708917552957156
-2.5 -2.25 20 21 40.73282096859475 0.3467191420112318
-2.5 -2.25 21 22 48.07569091001892 0.3246679931373637
-2.5 -2.25 22 23 53.53349891233165 0.3044945984900834
-2.5 -2.25 23 24 57.49816354163613 0.2859898724608813
-2.5 -2.25 24 25 60.27713635882105 0.2689735705962156
-2.5 -2.25 25 26 62.1130845099043 0.2532895981067389
-2.5 -2.25 26 27 63.19858778206719 0.238802183731627
-2.5 -2.25 27 28 63.687216883769 0.2253927464495702
-2.5 -2.25 28 29 63.70195706126708 0.2129573112642836
-2.5 -2.25 29 30 63.34166490347479 0.2014043730329942
-2.5 -2.25 30 31 62.68605462755409 0.190653116351792
-2.5 -2.25 31 32 61.79957544085761 0.1806319289632581
-2.5 -2.25 32 33 60.7344459806564 0.1712771527013125
-2.5 -2.25 33 34 59.53304326414144 0.1625320297842537
-2.5 -2.25 34 35 58.2297938982191 0.1543458099944625
-2.5 -2.25 35 36 56.85267898283212 0.1466729914498279
-2.5 -2.25 36 37 55.42443734545321 0.1394726722576252
-2.5 -2.25 37 38 53.96353189799117 0.1327079945644164
-2.5 -2.25 38 39 52.48492896123565 0.1263456662583416
-2.5 -2.25 39 40 51.00072915155368 0.1203555488918032
-2.5 -2.25 40 41 49.52068001748262 0.1147102995573114
-2.5 -2.25 41 42 48.05259385838937 0.1093850613704154
-2.5 -2.25 42 43 46.60268940512077 0.104357191978499
-2.5 -2.25 43 44 45.17587198747447 0.09960602829138449
-2.5 -2.25 44 45 43.77596386307928 0.09511267860705692
-2.5 -2.25 45 46 42.40485231552418 0.09117834107221941
-2.5 -2.25 46 47 41.06669104226955 0.08897960192968254
-2.5 -2.25 47 48 39.76201693865838 0.0886527387583769
-2.5 -2.25 48 49 38.4919202647487 0.09005097796009874
-2.5 -2.25 49 50 37.25689022829761 0.09315883084726005
-2.25 -2 0 1 3812.93082250297 1.059171745415539
-2.25 -2 1 2 -3463.665165265322 0.8767835126339171
-2.25 -2 2 3 -5535.599929852224 1.66239572530091
-2.25 -2 3 4 -4173.715252191592 1.536321332384746
-2.25 -2 4 5 -2968.862776493155 1.353910309972882
-2.25 -2 5 6 -2108.547600639333 1.192882514629195
-2.25 -2 6 7 -1510.792895438757 1.058064370955741
-2.25 -2 7 8 -1092.656034402673 0.9448151996811387
-2.25 -2 8 9 -795.7218819585983 0.8500732649318202
-2.25 -2 9 10 -581.3662963124571 0.7677643928124631
-2.25 -2 10 11 -424.1422570783589 0.697767916553218
-2.25 -2 11 12 -307.3070870446099 0.6366872872373778
-2.25 -2 12 13 -219.4594823821321 0.583204333208646
-2.25 -2 13 14 -152.772593266267 0.5360615108736084
-2.25 -2 14 15 -101.7602338889044 0.494258345944278
-2.25 -2 15 16 -62.51009401648184 0.4569898802483984
-2.25 -2 16 17 -32.18772257292949 0.4236017612464634
-2.25 -2 17 18 -8.709842102913171 0.3935570408162375
-2.25 -2 18 19 9.474725245402851 0.3664113027271974
-2.25 -2 19 20 23.53453972507941 0.341793798623288
-2.25 -2 20 21 34.35922313163599 0.3193929728343435
-2.25 -2 21 22 42.63247368491386 0.2989452439433631
-2.25 -2 22 23 48.88421651901513 0.2802262186214057
-2.25 -2 23 24 53.52833970192808 0.2630437540109211
-2.25 -2 24 25 56.89032957683935 0.2472324309081461
-2.25 -2 25 26 59.22773387027166 0.2326491181884063
-2.25 -2 26 27 60.74546920314128 0.2191693843407839
-2.25 -2 27 28 61.60738006909708 0.2066845775028315
-2.25 -2 28 29 61.94504342319181 0.1950994312885863
-2.25 -2 29 30 61.86452926949062 0.184330090990888
-2.25 -2 30 31 61.45163057449514 0.1743024765451422
-2.25 -2 31 32 60.77593707724111 0.1649509177242159
-2.25 -2 32 33 59.89402893688748 0.1562170093945523
-2.25 -2 33 34 58.85199533858116 0.1480486488947255
-2.25 -2 34 35 57.68743176351171 0.140399219081658
-2.25 -2 35 36 56.43103202867076 0.1332268966588396
-2.25 -2 36 37 55.10786339794714 0.1264940596802444
-2.25 -2 37 38 53.73839245717556 0.1201667819152232
-2.25 -2 38 39 52.33931390309476 0.1142143957718509
-2.25 -2 39 40 50.92422268254029 0.1086091176633321
-2.25 -2 40 41 49.50416114768183 0.1033257211919116
-2.25 -2 41 42 48.08806584779563 0.09834125521534944
-2.25 -2 42 43 46.68313360702092 0.09363479677372884
-2.25 -2 43 44 45.29512229093513 0.08918723597399883
-2.25 -2 44 45 43.92859857827133 0.08498108726810287
-2.25 -2 45 46 42.5860651282745 0.08165872938880508
-2.25 -2 46 47 41.27231434910732 0.08161897457452409
-2.25 -2 47 48 39.98834756283782 0.08492435445843712
-2.25 -2 48 49 38.73569433577796 0.09095199021715464
-2.25 -2 49 50 37.51522975840996 0.09732564116475803
-2 -1.75 0 1 4287.881325386892 1.075999316189752
-2 -1.75 1 2 -3058.079228920657 2.559862144011114
-2 -1.75 2 3 -5545.216539499006 2.795816595728172
-2 -1.75 3 4 -4249.09803504043 2.333837743572472
-2 -1.75 4 5 -3052.698569893824 1.938396392744816
-2 -1.75 5 6 -2186.809518985009 1.635534428682546
-2 -1.75 6 7 -1580.1755537439 1.40252638637559
-2 -1.75 7 8 -1153.020104420773 1.219495460739525
-2 -1.75 8 9 -847.902461781739 1.072370853580945
-2 -1.75 9 10 -626.4301421105533 0.9525016270169689
-2 -1.75 10 11 -463.1005832355418 0.8522519739689757
-2 -1.75 11 12 -341.0843667724803 0.7678080062777536
-2 -1.75 12 13 -248.8412153602735 0.6956789608470482
-2 -1.75 13 14 -178.4207948603914 0.6334295098474036
-2 -1.75 14 15 -124.2289779844641 0.5792248247445841
-2 -1.75 15 16 -82.26224899659428 0.531656607878279
-2 -1.75 16 17 -49.61030611441993 0.489625944382126
-2 -1.75 17 18 -24.1272238303568 0.4522626713345683
-2 -1.75 18 19 -4.210187266525736 0.4188687170180166
-2 -1.75 19 20 11.35195248392779 0.3888775109757238
-2 -1.75 20 21 23.48401962226797 0.3618243883231499
-2 -1.75 21 22 32.89889816411232 0.3373246604570633
-2 -1.75 22 23 40.15079576773917 0.3150571273746282
-2 -1.75 23 24 45.67387905537146 0.2947515147590384
-2 -1.75 24 25 49.81063385230436 0.2761787861698032
-2 -1.75 25 26 52.83291282901382 0.2591435880837852
-2 -1.75 26 27 54.95771524445036 0.2434782988264716
-2 -1.75 27 28 56.35912848434282 0.2290382973893279
-2 -1.75 28 29 57.17744358654409 0.2156981682240092
-2 -1.75 29 30 57.52616945086118 0.2033486343195809
-2 -1.75 30 31 57.49747039364536 0.1918940589156903
-2 -1.75 31 32 57.16641059009561 0.1812503965294551
-2 -1.75 32 33 56.59428846425254 0.1713435032810053
-2 -1.75 33 34 55.83127180756503 0.1621077319172144
-2 -1.75 34 35 54.91849184751965 0.1534847608845753
-2 -1.75 35 36 53.88971599238812 0.1454226099984081
-2 -1.75 36 37 52.77269044951083 0.1378748103097905
-2 -1.75 37 38 51.59022276025178 0.1307997011941387
-2 -1.75 38 39 50.36105829146891 0.124159831194124
-2 -1.75 39 40 49.10059265789636 0.1179214464500361
-2 -1.75 40 41 47.82145300424224 0.1120540510482822
-2 -1.75 41 42 46.53397377864189 0.1065300289325421
-2 -1.75 42 43 45.24658750566806 0.1013243165097027
-2 -1.75 43 44 43.96614664114264 0.09641411889207722
-2 -1.75 44 45 42.69818940576152 0.09177866279601017
-2 -1.75 45 46 41.44605942441802 0.08776056502162019
-2 -1.75 46 47 40.21536184436857 0.08571018650445147
-2 -1.75 47 48 39.00776206772042 0.08581085382470104
-2 -1.75 48 49 37.82540364491402 0.09087148928006923
-2 -1.75 49 50 36.66970869718423 0.0977267027884553
-1.75 -1.5 0 1 4715.816055396045 0.9388137340469969
-1.75 -1.5 1 2 -2678.151063197649 0.748255810392254
-1.75 -1.5 2 3 -5537.906775673979 1.693615877719708
-1.75 -1.5 3 4 -4291.480256780232 1.639242736111637
-1.75 -1.5 4 5 -3097.562918269996 1.467221801646933
-1.75 -1.5 5 6 -2225.711771271388 1.29356996076669
-1.75 -1.5 6 7 -1612.349830818666 1.140757416167664
-1.75 -1.5 7 8 -1179.315411141096 1.01078866060707
-1.75 -1.5 8 9 -869.3717139178575 0.900774356090697
-1.75 -1.5 9 10 -644.0052652146669 0.808265447550588
-1.75 -1.5 10 11 -477.5454119000146 0.7286096620221173
-1.75 -1.5 11 12 -353.002558321773 0.6603819754015717
-1.75 -1.5 12 13 -258.7118528718283 0.6012789483845494
-1.75 -1.5 13 14 -186.6240044893193 0.549703575203386
-1.75 -1.5 14 15 -131.0678589156373 0.5043906884519508
-1.75 -1.5 15 16 -87.97989117187103 0.4643319909100078
-1.75 -1.5 16 17 -54.40282516571006 0.4287174949879537
-1.75 -1.5 17 18 -28.15373338959193 0.396890898823356
-1.75 -1.5 18 19 -7.600458884898217 0.3683158192563981
-1.75 -1.5 19 20 8.491568563961664 0.3425502093707294
-1.75 -1.5 20 21 21.06598529376402 0.3192268688086678
-1.75 -1.5 21 22 30.85087324176186 0.2980384948195462
-1.75 -1.5 22 23 38.41278401224702 0.278726114559939
-1.75 -1.5 23 24 44.19595954088254 0.2610700636799334
-1.75 -1.5 24 25 48.55114646616255 0.2448828896638963
-1.75 -1.5 25 26 51.75699868718709 0.2300037241178141
-1.75 -1.5 26 27 54.0361363998768 0.2162937839650231
-1.75 -1.5 27 28 55.56730883582384 0.2036327509241728
-1.75 -1.5 28 29 56.49468602862373 0.191915832846489
-1.75 -1.5 29 30 56.9350142164983 0.1810513677688808
-1.75 -1.5 30 31 56.98316709558753 0.1709588524950578
-1.75 -1.5 31 32 56.71648224980788 0.1615673156988784
-1.75 -1.5 32 33 56.19817029379868 0.1528139643664547
-1.75 -1.5 33 34 55.48001098557609 0.1446430535067417
-1.75 -1.5 34 35 54.60449725482806 0.1370049363558302
-1.75 -1.5 35 36 53.60654901072178 0.1298552635101509
-1.75 -1.5 36 37 52.51488963175217 0.1231543040945404
-1.75 -1.5 37 38 51.35315651926896 0.1168663672342601
-1.75 -1.5 38 39 50.14080084390025 0.110959308598704
-1.75 -1.5 39 40 48.89381931659767 0.1054041065456591
-1.75 -1.5 40 41 47.62535161886484 0.1001744967670659
-1.75 -1.5 41 42 46.34616968018213 0.09524665766018711
-1.75 -1.5 42 43 45.06507978121408 0.09059893630594081
-1.75 -1.5 43 44 43.78925392689786 0.08621161124374492
-1.75 -1.5 44 45 42.52450370155364 0.0820666849051936
-1.75 -1.5 45 46 41.27437485723371 0.07885454838677489
-1.75 -1.5 46 47 40.04473444229117 0.0791551188521161
-1.75 -1.5 47 48 38.837387240374 0.08304798993854481
-1.75 -1.5 48 49 37.65462353624099 0.08987758389862843
-1.75 -1.5 49 50 36.49799780205387 0.09708943806711429
-1.5 -1.25 0 1 5119.146766399082 3.30972044655269
-1.5 -1.25 1 2 -2301.19352904511 4.16910750688031
-1.5 -1.25 2 3 -5514.380248026468 1.676706194772333
-1.5 -1.25 3 4 -4327.261558312183 1.601039179724847
-1.5 -1.25 4 5 -3144.246898546707 1.426445041668529
-1.5 -1.25 5 6 -2271.361409732748 1.259144782380034
-1.5 -1.25 6 7 -1653.787611806924 1.114544633163101
-1.5 -1.25 7 8 -1215.948551758696 0.9919675285314331
-1.5 -1.25 8 9 -901.4421702873715 0.8889326306862936
-1.5 -1.25 9 10 -672.0005557894447 0.7999450398909743
-1.5 -1.25 10 11 -501.9889100452378 0.724602503384044
-1.5 -1.25 11 12 -374.3905814190257 0.659203592115672
-1.5 -1.25 12 13 -277.4805318128303 0.6022470888912815
-1.5 -1.25 13 14 -203.148575869232 0.5522955568313407
-1.5 -1.25 14 15 -145.6673061512731 0.5082062981630774
-1.5 -1.25 15 16 -100.9240044972387 0.4690639046001567
-1.5 -1.25 16 17 -65.91948122696499 0.4341287063263837
-1.5 -1.25 17 18 -38.43554814737968 0.402797788351722
-1.5 -1.25 18 19 -16.81055531885818 0.3745755125233833
-1.5 -1.25 19 20 0.2146883837533551 0.3490511228559982
-1.5 -1.25 20 21 13.60437842721649 0.3258816071964771
-1.5 -1.25 21 22 24.10379089516152 0.3047784805664632
-1.5 -1.25 22 23 32.29389055328329 0.2854974993681867
-1.5 -1.25 23 24 38.63103445224579 0.2678305925557635
-1.5 -1.25 24 25 43.47618302096612 0.251599479451202
-1.5 -1.25 25 26 47.11662760459069 0.2385238641340538
-1.5 -1.25 26 27 49.78231559645405 0.2269389356776401
-1.5 -1.25 27 28 51.65823126316911 0.2161148724140834
-1.5 -1.25 28 29 52.89386658460216 0.2059873935878336
-1.5 -1.25 29 30 53.61052404346867 0.1964987695415676
-1.5 -1.25 30 31 53.90698951332877 0.187597072715769
-1.5 -1.25 31 32 53.86396936300844 0.1792355148967177
-1.5 -1.25 32 33 53.54758316741345 0.1713718651304158
-1.5 -1.25 33 34 53.0121294001932 0.1639679374057332
-1.5 -1.25 34 35 52.30228756426487 0.1569891416299928
-1.5 -1.25 35 36 51.4548806652524 0.1504040888359668
-1.5 -1.25 36 37 50.50029257411035 0.1441842445969699
-1.5 -1.25 37 38 49.46361301357734 0.138303624127732
-1.5 -1.25 38 39 48.365566385796 0.1327385243720123
-1.5 -1.25 39 40 47.22326817591841 0.1274672868441242
-1.5 -1.25 40 41 46.05084330070184 0.1224700898908125
-1.5 -1.25 41 42 44.8599331936677 0.1177287632048891
-1.5 -1.25 42 43 43.66011311000881 0.1132266249621922
-1.5 -1.25 43 44 42.45923650608898 0.1089483369377888
-1.5 -1.25 44 45 41.26372004961627 0.1048797753342923
-1.5 -1.25 45 46 40.07762697310358 0.101344707101123
-1.5 -1.25 46 47 38.90733925891624 0.09958779009814346
-1.5 -1.25 47 48 37.75506953902089 0.09977113584196923
-1.5 -1.25 48 49 36.62349132890213 0.1017847359441678
-1.5 -1.25 49 50 35.51449435995863 0.1044094379988481
-1.25 -1 0 1 5448.31653355044 1.571634610851202
-1.25 -1 1 2 -2015.950288373448 0.6508424387327858
-1.25 -1 2 3 -5513.849651583349 1.831451571695762
-1.25 -1 3 4 -4366.983700846185 1.783328650035356
-1.25 -1 4 5 -3186.926482823077 1.589470496392672
-1.25 -1 5 6 -2309.407928909854 1.400539399280092
-1.25 -1 6 7 -1686.084013148525 1.237818576707882
-1.25 -1 7 8 -1242.955039266546 1.100739101849066
-1.25 -1 8 9 -923.9449449352792 0.9859239342191949
-1.25 -1 9 10 -690.7664015309174 0.8875030816698763
-1.25 -1 10 11 -517.6738894393388 0.80415089009342
-1.25 -1 11 12 -387.5419609278597 0.7320098378945253
-1.25 -1 12 13 -288.5426207800024 0.6692636637990521
-1.25 -1 13 14 -212.4816912921476 0.6142824228603568
-1.25 -1 14 15 -153.5638949269946 0.5657810125419003
-1.25 -1 15 16 -107.6221799115312 0.5227362161918043
-1.25 -1 16 17 -71.61393423546315 0.4843250169770873
-1.25 -1 17 18 -43.28619801374202 0.449878862352256
-1.25 -1 18 19 -20.94937025066156 0.4188495873058665
-1.25 -1 19 20 -3.321686542573389 0.3907838121916031
-1.25 -1 20 21 10.57936958200321 0.3653035192011765
-1.25 -1 21 22 21.5140183594151 0.3420911666150331
-1.25 -1 22 23 30.07547363627361 0.3208781672465044
-1.25 -1 23 24 36.73017930454921 0.3014358842594091
-1.25 -1 24 25 41.84743878265613 0.2835685319336912
-1.25 -1 25 26 45.7214728036638 0.2671075292843798
-1.25 -1 26 27 48.58800664764033 0.2519069731301115
-1.25 -1 27 28 50.63686010962567 0.2378399823547709
-1.25 -1 28 29 52.02158610669744 0.2247957230548205
-1.25 -1 29 30 52.86690872396196 0.2126769730764888
-1.25 -1 30 31 53.27450567724691 0.2013981148483479
-1.25 -1 31 32 53.32753458754701 0.1908834714198027
-1.25 -1 32 33 53.09419857466889 0.1810659195151937
-1.25 -1 33 34 52.63057175817244 0.1718857273424515
-1.25 -1 34 35 51.98285066110691 0.1632895762126782
-1.25 -1 35 36 51.18915742097323 0.1552297319756499
-1.25 -1 36 37 50.28099095109678 0.1476633417827483
-1.25 -1 37 38 49.28440006068098 0.1405518335775812
-1.25 -1 38 39 48.22093577398846 0.1338604010626392
-1.25 -1 39 40 47.10842740527244 0.1275575619476622
-1.25 -1 40 41 45.96161743098463 0.1216147752996061
-1.25 -1 41 42 44.79268248712492 0.1160061113968451
-1.25 -1 42 43 43.61166242329324 0.1107079636088557
-1.25 -1 43 44 42.42681462582487 0.1056987984782469
-1.25 -1 44 45 41.24490746610894 0.1009589362798498
-1.25 -1 45 46 40.07028908889578 0.09684698531244149
-1.25 -1 46 47 38.90965332164279 0.09477022666564168
-1.25 -1 47 48 37.76542487974561 0.0949306450510969
-1.25 -1 48 49 36.64048188501889 0.09773944924787883
-1.25 -1 49 50 35.53689711464426 0.1054586419145374
-1 -0.75 0 1 5726.90379499681 1.917112603139527
-1 -0.75 1 2 -1756.332315534965 1.787245755399712
-1 -0.75 2 3 -5488.966741133467 1.594759542133818
-1 -0.75 3 4 -4377.527942695438 1.532710389849854
-1 -0.75 4 5 -3203.187675835538 1.368194077715624
-1 -0.75 5 6 -2325.133283696537 1.212401816540818
-1 -0.75 6 7 -1699.931734132602 1.078871466075965
-1 -0.75 7 8 -1254.806716146945 0.9658865355971945
-1 -0.75 8 9 -933.9968527224796 0.8707060447205862
-1 -0.75 9 10 -699.276230098802 0.7880225546230196
-1 -0.75 10 11 -524.8835798855712 0.7176382885939298
-1 -0.75 11 12 -393.6659290691091 0.6561257090195861
-1 -0.75 12 13 -293.7608660529795 0.6022044525654799
-1 -0.75 13 14 -216.9440289657323 0.5546185554689622
-1 -0.75 14 15 -157.3943753207152 0.5123686763518452
-1 -0.75 15 16 -110.9234039428165 0.4746512759553268
-1 -0.75 16 17 -74.47083692028923 0.4408136841025138
-1 -0.75 17 18 -45.76922210162684 0.4103207257859618
-1 -0.75 18 19 -23.11707586143189 0.3827296983134755
-1 -0.75 19 20 -5.222878445732022 0.3576714112999467
-1 -0.75 20 21 8.903913126497855 0.3348356644806454
-1 -0.75 21 22 20.03014057929408 0.3139600137901578
-1 -0.75 22 23 28.75449555464729 0.2948209914153514
-1 -0.75 23 24 35.54796647489593 0.2772271837146094
-1 -0.75 24 25 40.78363754580744 0.2610137262895341
-1 -0.75 25 26 44.75888337774518 0.246037890552301
-1 -0.75 26 27 47.71206695995215 0.2321755180602157
-1 -0.75 27 28 49.83521953525428 0.2193181208577981
-1 -0.75 28 29 51.2837524320629 0.207370505775753
-1 -0.75 29 30 52.18395494196136 0.1962488166798864
-1 -0.75 30 31 52.63882582460951 0.1858789115459011
-1 -0.75 31 32 52.73263990503949 0.1761950097973755
-1 -0.75 32 33 52.53454691712443 0.1671385570328874
-1 -0.75 33 34 52.10142449964326 0.1586572715253304
-1 -0.75 34 35 51.48015239602898 0.150704334119107
-1 -0.75 35 36 50.70943461468477 0.1432377022078961
-1 -0.75 36 37 49.82126638192523 0.1362195225539878
-1 -0.75 37 38 48.84212044898464 0.1296156290717927
-1 -0.75 38 39 47.79391045176322 0.1233951093769649
-1 -0.75 39 40 46.69477624730871 0.1175299330539128
-1 -0.75 40 41 45.55972657305614 0.1119946259447321
-1 -0.75 41 42 44.40116660031271 0.1067659912784862
-1 -0.75 42 43 43.22933252633175 0.1018228627097327
-1 -0.75 43 44 42.05265057601702 0.09714589140030146
-1 -0.75 44 45 40.87803441706546 0.09271735698969222
-1 -0.75 45 46 39.70993828279131 0.08928624493127711
-1 -0.75 46 47 38.55520016420925 0.08965061976748184
-1 -0.75 47 48 37.41631837045455 0.09390503260100225
-1 -0.75 48 49 36.29625092653723 0.1013448997372827
-1 -0.75 49 50 35.19713620924946 0.1092039459715287
-0.75 -0.5 0 1 5942.764914116113 2.664529351172013
-0.75 -0.5 1 2 -1559.184941345596 2.065960431175099
-0.75 -0.5 2 3 -5473.545338430056 1.600375412483205
-0.75 -0.5 3 4 -4390.226183581361 1.544557272930063
-0.75 -0.5 4 5 -3220.74485098571 1.379995996975294
-0.75 -0.5 5 6 -2342.343528541776 1.222415774014161
-0.75 -0.5 6 7 -1715.532070358447 1.086763791343675
-0.75 -0.5 7 8 -1268.592236368166 0.9718707900929977
-0.75 -0.5 8 9 -946.0742681674756 0.87516130182909
-0.75 -0.5 9 10 -709.8368619423341 0.7912745060080993
-0.75 -0.5 10 11 -534.1237416407553 0.7199977372230806
-0.75 -0.5 11 12 -401.7715434693882 0.6578097240376217
-0.75 -0.5 12 13 -300.8939814544337 0.6033828122524032
-0.75 -0.5 13 14 -223.2438404824848 0.5554188129147337
-0.75 -0.5 14 15 -162.9792204452103 0.5131664094464289
-0.75 -0.5 15 16 -115.8934582829559 0.4779113829314444
-0.75 -0.5 16 17 -78.91081169215727 0.4459735152831277
-0.75 -0.5 17 18 -49.75080321533233 0.4169558122855597
-0.75 -0.5 18 19 -26.70103154800609 0.3905155007548058
-0.75 -0.5 19 20 -8.460840052397998 0.3663568630407347
-0.75 -0.5 20 21 5.967963371992482 0.3442245189341041
-0.75 -0.5 21 22 17.35863318898919 0.3238974643712757
-0.75 -0.5 22 23 26.31524829089096 0.3051839283359077
-0.75 -0.5 23 24 33.3133337377833 0.2879169992782711
-0.75 -0.5 24 25 38.72980397351489 0.2719509354917825
-0.75 -0.5 25 26 42.86527610366772 0.2571580628091526
-0.75 -0.5 26 27 45.96086548776032 0.2434261692189421
-0.75 -0.5 27 28 48.21094600194374 0.2306563146526359
-0.75 -0.5 28 29 49.77292818788385 0.2187609877421129
-0.75 -0.5 29 30 50.77481195891073 0.2076625501871197
-0.75 -0.5 30 31 51.32106354082021 0.197291920465769
-0.75 -0.5 31 32 51.49721982135009 0.187587457189031
-0.75 -0.5 32 33 51.37351863701747 0.178494008402863
-0.75 -0.5 33 34 51.00777803008839 0.1699620991769615
-0.75 -0.5 34 35 50.44769243282019 0.1619472367534636
-0.75 -0.5 35 36 49.73267328329268 0.1544093123596184
-0.75 -0.5 36 37 48.89533150316777 0.1473120859606779
-0.75 -0.5 37 38 47.96267690302193 0.1406227409969454
-0.75 -0.5 38 39 46.95709261405517 0.1343114977083191
-0.75 -0.5 39 40 45.89712980688438 0.1283512772564463
-0.75 -0.5 40 41 44.7981583229913 0.1227174083390551
-0.75 -0.5 41 42 43.67290100908605 0.1173873716707958
-0.75 -0.5 42 43 42.53187410031774 0.1123405744281707
-0.75 -0.5 43 44 41.38375116904655 0.1075581532343181
-0.75 -0.5 44 45 40.23566477936663 0.1030227997949819
-0.75 -0.5 45 46 39.09224993629812 0.09911863136184855
-0.75 -0.5 46 47 37.96054025983153 0.09733590838272548
-0.75 -0.5 47 48 36.84317441689359 0.09787233985045268
-0.75 -0.5 48 49 35.74324751021911 0.1017380232899315
-0.75 -0.5 49 50 34.66301927963431 0.1097873851806794
-0.5 -0.25 0 1 6084.884781927552 2.590083634774406
-0.5 -0.25 1 2 -1435.37660098692 1.445460899122539
-0.5 -0.25 2 3 -5468.231678032869 1.5767719705485
-0.5 -0.25 3 4 -4401.864270258495 1.538467407058179
-0.5 -0.25 4 5 -3234.470003697846 1.384357637160157
-0.5 -0.25 5 6 -2355.063891896523 1.274348661641866
-0.5 -0.25 6 7 -1726.647554524454 1.158390995828137
-0.5 -0.25 7 8 -1278.126203950043 1.050741373861133
-0.5 -0.25 8 9 -954.2077630403583 0.9546881882115765
-0.5 -0.25 9 10 -716.7692793259257 0.8705494352836872
-0.5 -0.25 10 11 -540.0424835020685 0.7956554447358657
-0.5 -0.25 11 12 -406.8376029834062 0.7299165651351267
-0.5 -0.25 12 13 -305.2430957137719 0.6717471687648485
-0.5 -0.25 13 14 -226.9891731906639 0.6200655390247264
-0.5 -0.25 14 15 -166.2147880511118 0.5739524518685766
-0.5 -0.25 15 16 -118.6973715329311 0.5326348656752019
-0.5 -0.25 16 17 -81.34808429275358 0.4954644939386929
-0.5 -0.25 17 18 -51.87569472467317 0.4618971175160852
-0.5 -0.25 18 19 -28.55896804664553 0.4314745069931792
-0.5 -0.25 19 20 -10.08997704505168 0.4038092825118805
-0.5 -0.25 20 21 4.535471935255373 0.378572479278327
-0.5 -0.25 21 22 16.09560379157119 0.3554834219727561
-0.5 -0.25 22 23 25.1986281300201 0.3343015032496954
-0.5 -0.25 23 24 32.32351475993653 0.3148195047080573
-0.5 -0.25 24 25 37.8500605596945 0.296858159019097
-0.5 -0.25 25 26 42.08130244240112 0.2802617068144855
-0.5 -0.25 26 27 45.26039358667799 0.2648942534733513
-0.5 -0.25 27 28 47.58342916613458 0.2506367656498625
-0.5 -0.25 28 29 49.20927785063247 0.2373845875269666
-0.5 -0.25 29 30 50.26717815591985 0.2250453748392007
-0.5 -0.25 30 31 50.86265121808731 0.2135373691938613
-0.5 -0.25 31 32 51.08213466731513 0.2027879509941144
-0.5 -0.25 32 33 50.99663732498482 0.1927324199130579
-0.5 -0.25 33 34 50.6646387059576 0.1833129628526632
-0.5 -0.25 34 35 50.13440204671446 0.1744777768046393
-0.5 -0.25 35 36 49.44582897536259 0.1661803219633555
-0.5 -0.25 36 37 48.63195375086354 0.1583786808658876
-0.5 -0.25 37 38 47.7201525343491 0.1510350085735211
-0.5 -0.25 38 39 46.73312612082009 0.1441150584775607
-0.5 -0.25 39 40 45.68970165775517 0.1375877723529589
-0.5 -0.25 40 41 44.6054891905253 0.131424923719526
-0.5 -0.25 41 42 43.49342101143185 0.1256008088903465
-0.5 -0.25 42 43 42.36419629730477 0.1200919757522756
-0.5 -0.25 43 44 41.22664868094182 0.1148769874658833
-0.5 -0.25 44 45 40.08805099509851 0.1099362144118401
-0.5 -0.25 45 46 38.95315221749939 0.1056333667018894
-0.5 -0.25 46 47 37.82911234172718 0.1033929576839622
-0.5 -0.25 47 48 36.71865608123792 0.1034203439143356
-0.5 -0.25 48 49 35.62496248996604 0.1055883685056702
-0.5 -0.25 49 50 34.55036652844623 0.1111181190407364
-0.25 0 0 1 6156.397071900506 2.715242270211991
-0.25 0 1 2 -1372.628960601902 1.947089425701055
-0.25 0 2 3 -5464.722624586038 1.599358345865312
-0.25 0 3 4 -4406.307864449217 1.550753597394518
-0.25 0 4 5 -3239.617254029358 1.388237239654628
-0.25 0 5 6 -2359.573304891358 1.231169817638682
-0.25 0 6 7 -1730.345942489007 1.095489949246395
-0.25 0 7 8 -1281.093399134142 0.9803165268133981
-0.25 0 8 9 -956.56636769636 0.8825406787976104
-0.25 0 9 10 -718.6336464286928 0.8033367356185248
-0.25 0 10 11 -541.5073466260687 0.7374091472263798
-0.25 0 11 12 -407.9807813697371 0.6789645351736188
-0.25 0 12 13 -306.1267464575967 0.6268022770887339
-0.25 0 13 14 -227.6631059662818 0.5801333966223955
-0.25 0 14 15 -166.7190102899756 0.5382512904441327
-0.25 0 15 16 -119.0641366794259 0.5005406619717494
-0.25 0 16 17 -81.60350024921263 0.4664724448293743
-0.25 0 17 18 -52.04097748587355 0.4355940049725642
-0.25 0 18 19 -28.65141911313731 0.4075184955628499
-0.25 0 19 20 -10.12374859688975 0.3819148982734524
-0.25 0 20 21 4.548774538423004 0.3584992724157389
-0.25 0 21 22 16.14644455618736 0.3370272916437402
-0.25 0 22 23 25.27915964602585 0.3172879768835351
-0.25 0 23 24 32.42727267174973 0.299098473219699
-0.25 0 24 25 37.97171705077631 0.2822997085782182
-0.25 0 25 26 42.21646633295165 0.266752788565826
-0.25 0 26 27 45.40544749924277 0.2523359980698556
-0.25 0 27 28 47.73539635502391 0.2389423017243868
-0.25 0 28 29 49.36571290527968 0.2264772546858326
-0.25 0 29 30 50.42607701348095 0.2148572506874233
-0.25 0 30 31 51.02237686867772 0.2040080467542564
-0.25 0 31 32 51.24135566065502 0.1938635183873887
-0.25 0 32 33 51.15427675885564 0.1843646026356549
-0.25 0 33 34 50.81983182578631 0.175458400877309
-0.25 0 34 35 50.28646093980706 0.1670974108087864
-0.25 0 35 36 49.59421312344841 0.1592388697895056
-0.25 0 36 37 48.77624543553117 0.1518441898693688
-0.25 0 37 38 47.86003626701256 0.1448784706542506
-0.25 0 38 39 46.86837142139274 0.138310077235248
-0.25 0 39 40 45.82014861906896 0.1321102754905925
-0.25 0 40 41 44.73103637173642 0.1262529123792243
-0.25 0 41 42 43.61401527325688 0.1207141393664635
-0.25 0 42 43 42.47982426507406 0.115472167860237
-0.25 0 43 44 41.33732957216233 0.1105070570838794
-0.25 0 44 45 40.19383059010795 0.1058005252540342
-0.25 0 45 46 39.05409241309906 0.1017344918433504
-0.25 0 46 47 37.92530345652068 0.09979577396118243
-0.25 0 47 48 36.8101965265692 0.1001884967170543
-0.25 0 48 49 35.71196119965055 0.1029188445899995
-0.25 0 49 50 34.63294076272538 0.1111007931812151
0 0.25 0 1 6156.137908461106 2.715248780432671
0 0.25 1 2 -1373.13552054756 1.947113887972329
0 0.25 2 3 -5465.095313302537 1.599320005346263
0 0.25 3 4 -4406.465160191357 1.550660839687325
0 0.25 4 5 -3239.636106411921 1.388145796551269
0 0.25 5 6 -2359.525149126649 1.23110829710627
0 0.25 6 7 -1730.271129910139 1.095460366334105
0 0.25 7 8 -1281.012157371556 0.9803115757623855
0 0.25 8 9 -956.4877541391006 0.8825513766570903
0 0.25 9 10 -718.5610726051377 0.8033547944652483
0 0.25 10 11 -541.4417720588172 0.7374319410191617
0 0.25 11 12 -407.9216761597404 0.6789883833691678
0 0.25 12 13 -306.0732583708163 0.6268256007498931
0 0.25 13 14 -227.6143317598114 0.5801553845742938
0 0.25 14 15 -166.6741491140886 0.5382715827600617
0 0.25 15 16 -119.022538113069 0.5005591529842703
0 0.25 16 17 -81.56466299210251 0.4664891660290919
0 0.25 17 18 -52.00452786761707 0.4356090568655086
0 0.25 18 19 -28.61708406763319 0.407532009223554
0 0.25 19 20 -10.091329937929 0.3819270140720717
0 0.25 20 21 4.579421817689763 0.3585101286172933
0 0.25 21 22 16.17542931869502 0.3370370187377603
0 0.25 22 23 25.30656730140186 0.3172966950246269
0 0.25 23 24 32.45317422051835 0.2991062914581629
0 0.25 24 25 37.99617525237954 0.2823067249563746
0 0.25 25 26 42.23953970903153 0.2667590908020319
0 0.25 26 27 45.427192766801 0.2523416641208976
0 0.25 27 28 47.75586976197951 0.2389474010585837
0 0.25 28 29 49.38497082838001 0.2264818490152635
0 0.25 29 30 50.44417608364051 0.2148613944892482
0 0.25 30 31 51.03937381305298 0.2040117885923791
0 0.25 31 32 51.2573069938785 0.1938669010969021
0 0.25 32 33 51.16923841186178 0.1843676644956616
0 0.25 33 34 50.83385876851298 0.1754611755551083
0 0.25 34 35 50.29960683263425 0.1670999282617459
0 0.25 35 36 49.60653001691924 0.1592411567608364
0 0.25 36 37 48.78778352454685 0.1518462698534911
0 0.25 37 38 47.87084370381774 0.1448803647002438
0 0.25 38 39 46.87849418207588 0.1383118041024728
0 0.25 39 40 45.82963041979497 0.1321118517052887
0 0.25 40 41 44.73991862794668 0.1262543529272502
0 0.25 41 42 43.62233709530835 0.1207154572543321
0 0.25 42 43 42.48762248386055 0.115473374963855
0 0.25 43 44 41.34463878797641 0.1105081639080813
0 0.25 44 45 40.20068324018126 0.1058015412189715
0 0.25 45 46 39.06051882389954 0.1017354369997784
0 0.25 46 47 37.93133200998125 0.09979670898394136
0 0.25 47 48 36.81585367762003 0.1001894799299556
0 0.25 48 49 35.71727161353652 0.1029199189377005
0 0.25 49 50 34.63792738820999 0.1111019097944464
0.25 0.5 0 1 6084.135719844411 2.590088280124025
0.25 0.5 1 2 -1436.834081782071 1.445458218472249
0.25 0.5 2 3 -5469.29383205464 1.576666366521501
0.25 0.5 3 4 -4402.305693225211 1.538309509362767
0.25 0.5 4 5 -3234.519485982655 1.384227706629322
0.25 0.5 5 6 -2354.927174625437 1.274279965258768
0.25 0.5 6 7 -1726.438336851312 1.158373462058499
0.25 0.5 7 8 -1277.900419736777 1.05075903103008
0.25 0.5 8 9 -953.9887432439332 0.9553555176906661
0.25 0.5 9 10 -716.5694393803906 0.869944980271692
0.25 0.5 10 11 -539.8606288089827 0.7957044669662369
0.25 0.5 11 12 -406.6731957119541 0.7299650575593294
0.25 0.5 12 13 -305.0936730120034 0.6717931745735045
0.25 0.5 13 14 -226.8522153362533 0.6201081471197056
0.25 0.5 14 15 -166.0881130755486 0.5739913531571018
0.25 0.5 15 16 -118.5792455902763 0.5326700813992524
0.25 0.5 16 17 -81.23720194573934 0.4954962149638045
0.25 0.5 17 18 -51.7711085088838 0.4619256121480525
0.25 0.5 18 19 -28.46000658198818 0.431500069389722
0.25 0.5 19 20 -9.996169569078347 0.4038322051699658
0.25 0.5 20 21 4.624457905571262 0.3785930387732467
0.25 0.5 21 22 16.18001052070599 0.3555018728949614
0.25 0.5 22 23 25.27864280864617 0.3343180758908587
0.25 0.5 23 24 32.39929400177869 0.3148344056678877
0.25 0.5 24 25 37.92174662715684 0.2968715720843547
0.25 0.5 25 26 42.1490333329516 0.2802737955055227
0.25 0.5 26 27 45.32430873702128 0.2649051622058089
0.25 0.5 27 28 47.64367214987681 0.25064662264925
0.25 0.5 28 29 49.26599710768005 0.2373935059997087
0.25 0.5 29 30 50.32052650619062 0.225053454994439
0.25 0.5 30 31 50.91278469500082 0.2135446997476187
0.25 0.5 31 32 51.12921103367432 0.2027946106532102
0.25 0.5 32 33 51.04081451156981 0.1927384782872757
0.25 0.5 33 34 50.70607332096597 0.1833184815252376
0.25 0.5 34 35 50.17324804403006 0.174482810864055
0.25 0.5 35 36 49.482236520698 0.1661849199932377
0.25 0.5 36 37 48.66606830192438 0.1583828861728894
0.25 0.5 37 38 47.75211412818277 0.1510388596666789
0.25 0.5 38 39 46.76306885505983 0.1441185898623357
0.25 0.5 39 40 45.7177533410437 0.1375910144776918
0.25 0.5 40 41 44.63177114193445 0.1314279041093185
0.25 0.5 41 42 43.51804798292346 0.1256035518269942
0.25 0.5 42 43 42.38727649728133 0.1200945030603303
0.25 0.5 43 44 41.24828387938118 0.114879318891024
0.25 0.5 44 45 40.10833668975908 0.1099383673984009
0.25 0.5 45 46 38.97217777995445 0.1056353872851575
0.25 0.5 46 47 37.8469614340263 0.103394999377182
0.25 0.5 47 48 36.7354067477641 0.1034225595547693
0.25 0.5 48 49 35.6406875307961 0.1055908808798459
0.25 0.5 49 50 34.56513370654702 0.1111208685823249
0.5 0.75 0 1 5941.473595998361 2.664534704534381
0.5 0.75 1 2 -1561.663091280775 2.065970006535998
0.5 0.75 2 3 -5475.2900767881 1.600309112586671
0.5 0.75 3 4 -4390.89125842015 1.544445298079989
0.5 0.75 4 5 -3220.759261557521 1.379900110069046
0.5 0.75 5 6 -2342.067318378163 1.222359686813238
0.5 0.75 6 7 -1715.154301500058 1.08674323908581
0.5 0.75 7 8 -1268.201196287881 0.9718767171341069
0.5 0.75 8 9 -945.7059046792333 0.8751735315776996
0.5 0.75 9 10 -709.5023270194592 0.7913051493489723
0.5 0.75 10 11 -533.8246429157552 0.7200272297843632
0.5 0.75 11 12 -401.503460349541 0.6578397414808613
0.5 0.75 12 13 -300.6518953077625 0.6034118390322538
0.5 0.75 13 14 -223.0230078774596 0.5554460718756067
0.5 0.75 14 15 -162.7756827573066 0.5131915570118498
0.5 0.75 15 16 -115.7041342644111 0.4779342354892067
0.5 0.75 16 17 -78.73341042927018 0.4459941837845484
0.5 0.75 17 18 -49.58367538958146 0.4169744720410322
0.5 0.75 18 19 -26.54301507480386 0.3905323501927237
0.5 0.75 19 20 -8.311124142836206 0.366372100616728
0.5 0.75 20 21 6.109947933854755 0.3442383306535173
0.5 0.75 21 22 17.49329757483588 0.3239100188188075
0.5 0.75 22 23 26.44290631307786 0.3051953746564863
0.5 0.75 23 24 33.43424406419433 0.2879274677221522
0.5 0.75 24 25 38.84419815422223 0.2719605387086108
0.5 0.75 25 26 42.97337612704916 0.2571668981682499
0.5 0.75 26 27 46.06289388403422 0.2434343203830027
0.5 0.75 27 28 48.30713083251123 0.2306638538002019
0.5 0.75 28 29 49.86350467331374 0.2187679772007362
0.5 0.75 29 30 50.86002201364613 0.2076690437232603
0.5 0.75 30 31 51.40115411620741 0.1972979650860861
0.5 0.75 31 32 51.57244066735302 0.1875930938657138
0.5 0.75 32 33 51.44411989022717 0.1784992729365661
0.5 0.75 33 34 51.07400788039092 0.1699670233576828
0.5 0.75 34 35 50.50979501756854 0.1619518485746201
0.5 0.75 35 36 49.79088688446751 0.1544136368614044
0.5 0.75 36 37 48.9498870739842 0.1473161455148003
0.5 0.75 37 38 48.01379692085038 0.1406265556834658
0.5 0.75 38 39 47.0049902372628 0.1343150855468151
0.5 0.75 39 40 45.94200830236059 0.1283546545410598
0.5 0.75 40 41 44.84021072898628 0.1227205902780725
0.5 0.75 41 42 43.71230999675868 0.1173903715141391
0.5 0.75 42 43 42.56881199587372 0.1123434046765722
0.5 0.75 43 44 41.4183801075547 0.107560825049091
0.5 0.75 44 45 40.26813695887768 0.1030253237694358
0.5 0.75 45 46 39.12270785558644 0.09912106263289285
0.5 0.75 46 47 37.98911731996611 0.09733846787018277
0.5 0.75 47 48 36.86999511588124 0.09787525463339389
0.5 0.75 48 49 35.76842801249467 0.1017414405700551
0.5 0.75 49 50 34.68666773811898 0.1097911797486443
0.75 1 0 1 5725.010278820432 1.917034934733537
0.75 1 1 2 -1759.938297769218 1.786768715981334
0.75 1 2 3 -5491.456911185131 1.594191541693193
0.75 1 3 4 -4378.428472649788 1.532517675451576
0.75 1 4 5 -3203.151471604453 1.368367740396084
0.75 1 5 6 -2324.689757499019 1.212793856812753
0.75 1 6 7 -1699.352852872289 1.079346273143791
0.75 1 7 8 -1254.216884350621 0.9666163696673784
0.75 1 8 9 -933.4461913450309 0.8703023610098523
0.75 1 9 10 -698.7808413492144 0.7889898775224565
0.75 1 10 11 -524.4424581010785 0.7179569449181445
0.75 1 11 12 -393.2729302035436 0.6563907190558056
0.75 1 12 13 -293.4082375131641 0.6024224673359857
0.75 1 13 14 -216.6245111595715 0.5547966313381079
0.75 1 14 15 -157.1018949175873 0.5125134376195196
0.75 1 15 16 -110.6531878463977 0.4747685881454608
0.75 1 16 17 -74.21927932467452 0.4409085727230525
0.75 1 17 18 -45.53366832367669 0.4103974099693842
0.75 1 18 19 -22.89560018594648 0.3827916712472134
0.75 1 19 20 -5.014088801986418 0.3577215373970642
0.75 1 20 21 9.101033221609669 0.3348762748887923
0.75 1 21 22 20.2163530676462 0.3139929953762056
0.75 1 22 23 28.93039664873913 0.2948478645224393
0.75 1 23 24 35.71404936760587 0.2772491690377014
0.75 1 24 25 40.94033500078535 0.2610318012468384
0.75 1 25 26 44.90659538248542 0.2460528359245011
0.75 1 26 27 47.85117765581413 0.2321879566544233
0.75 1 27 28 49.96610669372456 0.2193285486573617
0.75 1 28 29 51.40679193412961 0.2073793173399725
0.75 1 29 30 52.29952205616871 0.1962563257705334
0.75 1 30 31 52.74729455692125 0.1858853677459898
0.75 1 31 32 52.83438130393404 0.1762006111564485
0.75 1 32 33 52.62992692284047 0.1671434614738421
0.75 1 33 34 52.19080171904687 0.1586616044080267
0.75 1 34 35 51.56387603078332 0.1507081954481869
0.75 1 35 36 50.78784267289922 0.1432411718334582
0.75 1 36 37 49.89468422773109 0.1362226641190535
0.75 1 37 38 48.91085970429629 0.1296184937278148
0.75 1 38 39 47.85826823440931 0.1233977382467501
0.75 1 39 40 46.75503471384684 0.1175323591293867
0.75 1 40 41 45.61615272675215 0.1119968762365587
0.75 1 41 42 44.45401232401258 0.1067680875727089
0.75 1 42 43 43.27883479808679 0.101824822884498
0.75 1 43 44 42.0990318305374 0.09714773019836276
0.75 1 44 45 40.92150301792265 0.0927190865289137
0.75 1 45 46 39.75068892445245 0.08928792839066389
0.75 1 46 47 38.59341485656577 0.08965250693668753
0.75 1 47 48 37.45216669519277 0.09390736312793101
0.75 1 48 49 36.32989089852586 0.1013478497515737
0.75 1 49 50 35.22871476442023 0.1092074995429977
1 1.25 0 1 5445.801667662661 1.571900918675645
1 1.25 1 2 -2020.734290937147 0.6534945154441025
1 1.25 2 3 -5517.146080219267 1.831868093914277
1 1.25 3 4 -4368.168334030855 1.782969301458459
1 1.25 4 5 -3186.864328120018 1.588787116019735
1 1.25 5 6 -2308.798400997418 1.399845823960279
1 1.25 6 7 -1685.28858042208 1.23723125024911
1 1.25 7 8 -1242.142334058673 1.100280431612068
1 1.25 8 9 -923.1830449118343 0.9850769478106477
1 1.25 9 10 -690.079844777712 0.8877477514066532
1 1.25 10 11 -517.0631611593867 0.8039540006280003
1 1.25 11 12 -386.9992620996941 0.7318650597345143
1 1.25 12 13 -288.0578535200257 0.6691590760872564
1 1.25 13 14 -212.045090829065 0.6142089720039046
1 1.25 14 15 -153.1670830577791 0.5657317292532064
1 1.25 15 16 -107.2584067665148 0.5227056553707162
1 1.25 16 17 -71.27796094220776 0.4843088774619538
1 1.25 17 18 -42.97404720392205 0.4498737260844353
1 1.25 18 19 -20.65805394631343 0.4188527339686951
1 1.25 19 20 -3.048959820693199 0.3907930808299225
1 1.25 20 21 10.83521201150415 0.3653172005940821
1 1.25 21 22 21.75430075484928 0.3421079172286013
1 1.25 22 23 30.30125779911168 0.320896939075682
1 1.25 23 24 36.94235020201893 0.3014558676247964
1 1.25 24 25 42.0467644164886 0.2835891082009459
1 1.25 25 26 45.90864470564406 0.26712823209191
1 1.25 26 27 48.76366625492415 0.2519274572413073
1 1.25 27 28 50.8016151452232 0.2378599974460006
1 1.25 28 29 52.17602009375935 0.2248150933652987
1 1.25 29 30 53.01158594258072 0.212695580762338
1 1.25 30 31 53.40997322320709 0.2014158862496816
1 1.25 31 32 53.45432269899641 0.1909003667006915
1 1.25 32 33 53.21282002115208 0.1810819241653875
1 1.25 33 34 52.74152081976149 0.1719008457156076
1 1.25 34 35 52.08660202902945 0.1633038259711122
1 1.25 35 36 51.28616521964068 0.1552431404677984
1 1.25 36 37 50.37168798786968 0.1476759427088722
1 1.25 37 38 49.36919734809965 0.140563664514954
1 1.25 38 39 48.30022233081104 0.1338715020399154
1 1.25 39 40 47.18257031860406 0.1275679737704194
1 1.25 40 41 46.03096215076147 0.1216245386869268
1 1.25 41 42 44.85755331330176 0.1160152662665149
1 1.25 42 43 43.67236315261448 0.1107165486257676
1 1.25 43 44 42.48362931779917 0.1057068506755101
1 1.25 44 45 41.29810129914136 0.1009664907979344
1 1.25 45 46 40.12010900750761 0.09685416742758274
1 1.25 46 47 38.95632969006985 0.0947774888836674
1 1.25 47 48 37.80917171428615 0.09493843308899187
1 1.25 48 49 36.68149814219132 0.09774805659781552
1 1.25 49 50 35.57536741137835 0.1054676807531533
1.25 1.5 0 1 5116.15619130077 3.309800015670177
1.25 1.5 1 2 -2306.792776629581 4.169507128966162
1.25 1.5 2 3 -5518.091012042862 1.677973586761955
1.25 1.5 3 4 -4328.466758738456 1.601708974951993
1.25 1.5 4 5 -3144.054299957997 1.42635575257736
1.25 1.5 5 6 -2270.597434700835 1.258529814761382
1.25 1.5 6 7 -1652.852927690911 1.11368703738331
1.25 1.5 7 8 -1215.019018711527 0.9913316744226703
1.25 1.5 8 9 -900.5847313269005 0.8872309989208855
1.25 1.5 9 10 -671.2336036745678 0.7997888927228578
1.25 1.5 10 11 -501.310022680736 0.7239713484861293
1.25 1.5 11 12 -373.788286266597 0.6586820758737321
1.25 1.5 12 13 -276.9423203972965 0.6018232416356071
1.25 1.5 13 14 -202.6630120144118 0.551955360380902
1.25 1.5 14 15 -145.2248954599879 0.5079360878255865
1.25 1.5 15 16 -100.5172778612143 0.4688513811065462
1.25 1.5 16 17 -65.54275399042763 0.433963251510586
1.25 1.5 17 18 -38.08457882485664 0.4026704535050951
1.25 1.5 18 19 -16.48220747274581 0.3744788674345366
1.25 1.5 19 20 0.5227386024869247 0.3489790584214429
1.25 1.5 20 21 13.89387697479287 0.3258291349696427
1.25 1.5 21 22 24.37608490427533 0.3047415479662121
1.25 1.5 22 23 32.55005969457079 0.2854728272395277
1.25 1.5 23 24 38.87198401775754 0.2678155370386764
1.25 1.5 24 25 43.70270766062799 0.2515919151030893
1.25 1.5 25 26 47.32945334814212 0.2385221014704937
1.25 1.5 26 27 49.9821262961525 0.2269415375317829
1.25 1.5 27 28 51.84568419282812 0.2161206964114645
1.25 1.5 28 29 53.06960073654466 0.205995546454511
1.25 1.5 29 30 53.77516369808586 0.1965085560049815
1.25 1.5 30 31 54.06114491231142 0.1876079537357443
1.25 1.5 31 32 54.00823574710637 0.1792470750367116
1.25 1.5 32 33 53.68253902946077 0.1713837865344696
1.25 1.5 33 34 53.13833449816343 0.1639799789064323
1.25 1.5 34 35 52.42028103223936 0.1570011222395281
1.25 1.5 35 36 51.56517940923436 0.1504158750799287
1.25 1.5 36 37 50.60339004462008 0.1441957396330054
1.25 1.5 37 38 49.55997838032675 0.1383147599793993
1.25 1.5 38 39 48.45564410278917 0.1327492550704089
1.25 1.5 39 40 47.30747789883378 0.127477583777731
1.25 1.5 40 41 46.12958011148021 0.1224799372847096
1.25 1.5 41 42 44.93356807854002 0.1177381552065237
1.25 1.5 42 43 43.72899364256739 0.1132355633919525
1.25 1.5 43 44 42.52368768595545 0.1089568287106546
1.25 1.5 44 45 41.32404525664975 0.1048878316274821
1.25 1.5 45 46 40.13410875041268 0.1013524447641918
1.25 1.5 46 47 38.96024101667709 0.09959569837016576
1.25 1.5 47 48 37.80463600542103 0.09977970884765397
1.25 1.5 48 49 36.66994995769113 0.1017943629966805
1.25 1.5 49 50 35.55805616023713 0.1044201164075476
1.5 1.75 0 1 4712.245569606629 0.9394330622653129
1.5 1.75 1 2 -2684.772131900806 0.7532126125477142
1.5 1.75 2 3 -5542.176515748692 1.696343432712165
1.5 1.75 3 4 -4292.737928118615 1.640499211434276
1.5 1.75 4 5 -3097.191429830751 1.466869897889245
1.5 1.75 5 6 -2224.706625121963 1.292265292315122
1.5 1.75 6 7 -1611.1785304951 1.139102644324638
1.5 1.75 7 8 -1178.17646195384 1.009020156851703
1.5 1.75 8 9 -868.3358772454535 0.8994054048291437
1.5 1.75 9 10 -643.0867028494458 0.8069644479508429
1.5 1.75 10 11 -476.7407939836839 0.7275388537621754
1.5 1.75 11 12 -352.2948003607364 0.6595063674236624
1.5 1.75 12 13 -258.0846446552537 0.6005715034556226
1.5 1.75 13 14 -186.062759828676 0.5491368968223985
1.5 1.75 14 15 -130.5605510587341 0.5039398854634549
1.5 1.75 15 16 -87.51704509061119 0.4639755944639806
1.5 1.75 16 17 -53.97717741007204 0.4284374972454129
1.5 1.75 17 18 -27.75980125944602 0.3966724353167694
1.5 1.75 18 19 -7.234127619674155 0.3681467388169393
1.5 1.75 19 20 8.833398069044279 0.3424206399125039
1.5 1.75 20 21 21.3856779762566 0.3191288230975871
1.5 1.75 21 22 31.15027500529527 0.2979655294352649
1.5 1.75 22 23 38.69338062295424 0.2786730432685446
1.5 1.75 23 24 44.45899061515627 0.2610327197081147
1.5 1.75 24 25 48.7976850329228 0.2448579303617415
1.5 1.75 25 26 51.98800517975667 0.2299884720032545
1.5 1.75 26 27 54.25249416770816 0.2162860977442623
1.5 1.75 27 28 55.76984663423286 0.2036309201287377
1.5 1.75 28 29 56.68419157761275 0.1919184941840888
1.5 1.75 29 30 57.11224181672333 0.1810574357749503
1.5 1.75 30 31 57.14884143721815 0.17096746562428
1.5 1.75 31 32 56.87129990724196 0.1615777912150537
1.5 1.75 32 33 56.34279992337184 0.1528257633091546
1.5 1.75 33 34 55.61509289872419 0.1446557515134005
1.5 1.75 34 35 54.73064279507486 0.1370182012847542
1.5 1.75 35 36 53.72433999391427 0.1298688364196601
1.5 1.75 36 37 52.62487798742592 0.1231679846001301
1.5 1.75 37 38 51.45586420059556 0.116880001857657
1.5 1.75 38 39 50.23672001984073 0.1109727806132768
1.5 1.75 39 40 48.98341283124529 0.1054173290913159
1.5 1.75 40 41 47.70905368721856 0.1001874059975393
1.5 1.75 41 42 46.42438678042072 0.09525920824891844
1.5 1.75 42 43 45.13819170211713 0.09061109754391546
1.5 1.75 43 44 43.8576149316217 0.08622336352354971
1.5 1.75 44 45 42.58844377068198 0.08207801751981621
1.5 1.75 45 46 41.33420067825173 0.07886554114760963
1.5 1.75 46 47 40.10073148627319 0.07916615123956264
1.5 1.75 47 48 38.88982027797414 0.08305943064777928
1.5 1.75 48 49 37.7037382888318 0.08988970187194861
1.5 1.75 49 50 36.54402191183539 0.09710220181486155
1.75 2 0 1 4284.044414525043 1.076328354677677
1.75 2 1 2 -3065.175315896889 2.560406350138136
1.75 2 2 3 -5549.77845702547 2.795939122280381
1.75 2 3 4 -4250.452747167139 2.33344516184285
1.75 2 4 5 -3052.326640150415 1.937807552944698
1.75 2 5 6 -2185.756222758238 1.634995493884515
1.75 2 6 7 -1578.930864276617 1.402111852146551
1.75 2 7 8 -1151.796301265314 1.219369236202539
1.75 2 8 9 -846.7802097204399 1.071999219393595
1.75 2 9 10 -625.4276795468272 0.9523524733740211
1.75 2 10 11 -462.2179537253251 0.852162785760376
1.75 2 11 12 -340.3053179018968 0.7677525825207433
1.75 2 12 13 -248.1495586238284 0.6956481652340247
1.75 2 13 14 -177.8016208699535 0.633416991851574
1.75 2 14 15 -123.6697480844321 0.5792259928483997
1.75 2 15 16 -81.75292312749093 0.5316680082466355
1.75 2 16 17 -49.14306832257807 0.4896449000733317
1.75 2 17 18 -23.69607923929675 0.4522870711086973
1.75 2 18 19 -3.810557931835092 0.4188968850048981
1.75 2 19 20 11.72358006695617 0.38890811908253
1.75 2 20 21 23.83037979963149 0.3618563915386778
1.75 2 21 22 33.22216607850476 0.3373572461047452
1.75 2 22 23 40.45275099007586 0.315089673004891
1.75 2 23 24 45.95602380930666 0.2947835531209845
1.75 2 24 25 50.07427622783223 0.276209975230519
1.75 2 25 26 53.07922388633631 0.2591736862083239
1.75 2 26 27 55.18776718276717 0.2435071438457375
1.75 2 27 28 56.57391942115692 0.229065789429934
1.75 2 28 29 57.37791311374087 0.2157242554779079
1.75 2 29 30 57.71320801097897 0.2033733016611756
1.75 2 30 31 57.67192465750736 0.1919173183338459
1.75 2 31 32 57.32908636011319 0.1812722803228421
1.75 2 32 33 56.74595214268805 0.1713640574338312
1.75 2 33 34 55.97265112088633 0.1621270123123211
1.75 2 34 35 55.0502762688705 0.1535028291578039
1.75 2 35 36 54.01255712765209 0.1454395311920895
1.75 2 36 37 52.88720254020734 0.137890650509933
1.75 2 37 38 51.69698337142 0.1308145263689757
1.75 2 38 39 50.46060920879711 0.1241737057615644
1.75 2 39 40 49.19344098316469 0.1179344326999817
1.75 2 40 41 47.90807242494253 0.1120662085651364
1.75 2 41 42 46.61480597535677 0.1065414144017429
1.75 2 42 43 45.32204366382308 0.1013349831001805
1.75 2 43 44 44.03660902913902 0.09642411678014329
1.75 2 44 45 42.76401298973249 0.09178803885855377
1.75 2 45 46 41.50757310129219 0.08776948010961401
1.75 2 46 47 40.27287107807294 0.08571921661586381
1.75 2 47 48 39.06154940058261 0.08582056253956512
1.75 2 48 49 37.87573068053098 0.09088195213794634
1.75 2 49 50 36.71681727506612 0.09773775115918865
2 2.25 0 1 3808.67609158543 1.05914735513345
2 2.25 1 2 -3471.453108003424 0.876452384689398
2 2.25 2 3 -5540.44124957116 1.662003502506901
2 2.25 3 4 -4174.948884326461 1.535966998653299
2 2.25 4 5 -2968.220608494635 1.353804448670575
2 2.25 5 6 -2107.217817959202 1.19301200032187
2 2.25 6 7 -1509.312711487648 1.058326936098393
2 2.25 7 8 -1091.246076073534 0.9451430795040516
2 2.25 8 9 -794.4552380919436 0.8498523809533284
2 2.25 9 10 -580.2566257041012 0.7685952122960342
2 2.25 10 11 -423.1794176209769 0.6980221337411808
2 2.25 11 12 -306.4691022086652 0.6369062462613249
2 2.25 12 13 -218.7252124221327 0.5833906582945363
2 2.25 13 14 -152.1233283751176 0.5362191870377538
2 2.25 14 15 -101.1805251936562 0.4943915795076719
2 2.25 15 16 -61.98766489261538 0.4571025893841976
2 2.25 16 17 -31.71302889424578 0.4236973856189621
2 2.25 17 18 -8.275546659439669 0.3936385046614438
2 2.25 18 19 9.874247357715831 0.3664810461008894
2 2.25 19 20 23.9036208084101 0.3418538353751622
2 2.25 20 21 34.70123866167398 0.3194449541505538
2 2.25 21 22 42.95010067439989 0.2989905189812474
2 2.25 22 23 49.17962670936015 0.2802658883061388
2 2.25 23 24 53.80334077195016 0.263078716664483
2 2.25 24 25 57.1464663780805 0.2472634206656288
2 2.25 25 26 59.46635975534593 0.2326767362426332
2 2.25 26 27 60.96779547660924 0.2191941245652507
2 2.25 27 28 61.81450974651 0.2067068471903315
2 2.25 28 29 62.13799395099659 0.1951195676627409
2 2.25 29 30 62.04424762454187 0.1843483745524771
2 2.25 30 31 61.61900321645498 0.174319141943496
2 2.25 31 32 60.93179650617782 0.1649661620345665
2 2.25 32 33 60.03915808184814 0.1562309994468138
2 2.25 33 34 58.9871306094314 0.1480615260494221
2 2.25 34 35 57.8132653258811 0.140411104463548
2 2.25 35 36 56.54821366245909 0.1332378941611495
2 2.25 36 37 55.21700216439598 0.1265042592722853
2 2.25 37 38 53.84005830610613 0.1201762613359015
2 2.25 38 39 52.43403929178032 0.1142232231282578
2 2.25 39 40 51.01250423484714 0.1086173526678401
2 2.25 40 41 49.58646136118216 0.1033334163504033
2 2.25 41 42 48.16481483813789 0.09834845698327987
2 2.25 42 43 46.75473087596399 0.09364154646377669
2 2.25 43 44 45.36193849776572 0.08919357029163812
2 2.25 44 45 43.99097729694722 0.08498703918992957
2 2.25 45 46 42.64432417943681 0.08166441408038151
2 2.25 46 47 41.32674852282429 0.08162480655539768
2 2.25 47 48 40.03922916358678 0.08493072528978438
2 2.25 48 49 38.78327519877246 0.09095918297833638
2 2.25 49 50 37.55974244076472 0.09733363009181023
2.25 2.5 0 1 3303.128751494472 1.854069678088863
2.25 2.5 1 2 -3879.683380967991 0.9640755448590748
2.25 2.5 2 3 -5492.073576180502 1.693452150758519
2.25 2.5 3 4 -4067.169023552729 1.559400943372243
2.25 2.5 4 5 -2863.813793505364 1.378465592186042
2.25 2.5 5 6 -2017.902674987439 1.24949867556163
2.25 2.5 6 7 -1435.389569100995 1.124695931866446
2.25 2.5 7 8 -1030.54649291098 1.012511080917922
2.25 2.5 8 9 -744.576787006783 0.9146023111761227
2.25 2.5 9 10 -539.1112340627024 0.829291665447464
2.25 2.5 10 11 -389.0873296070172 0.7544420733625189
2.25 2.5 11 12 -278.0815301568664 0.6890826955638791
2.25 2.5 12 13 -194.9804363846356 0.6315918350017631
2.25 2.5 13 14 -132.1803951086863 0.5807774181132473
2.25 2.5 14 15 -84.36977351128189 0.5356479918177058
2.25 2.5 15 16 -47.77234198876158 0.4953821464588746
2.25 2.5 16 17 -19.65996574820315 0.4592986885998593
2.25 2.5 17 18 1.967180943877793 0.4268307921723704
2.25 2.5 18 19 18.59438653280154 0.3975046354013144
2.25 2.5 19 20 31.33785665204994 0.3709221068792802
2.25 2.5 20 21 41.04534251263499 0.3467469249170594
2.25 2.5 21 22 48.3668410882857 0.3246935217663358
2.25 2.5 22 23 53.80498231720571 0.3045181317971318
2.25 2.5 23 24 57.75141482643016 0.2860116257797662
2.25 2.5 24 25 60.51340110935337 0.2689937248437653
2.25 2.5 25 26 62.33347439689362 0.2533083068295285
2.25 2.5 26 27 63.40411731028064 0.23881957912421
2.25 2.5 27 28 63.87882726100543 0.2254089430915538
2.25 2.5 28 29 63.8805312638458 0.212972410035889
2.25 2.5 29 30 63.50803687703313 0.2014184631542567
2.25 2.5 30 31 62.84101470629452 0.1906662776219178
2.25 2.5 31 32 61.94387342951552 0.1806442331681466
2.25 2.5 32 33 60.86879287333613 0.1712886647819959
2.25 2.5 33 34 59.65811224966563 0.1625428088070038
2.25 2.5 34 35 58.34622105796996 0.1543559097973188
2.25 2.5 35 36 56.96106393065259 0.146682461424469
2.25 2.5 36 37 55.52534394844582 0.1394815575847586
2.25 2.5 37 38 54.05748914302734 0.1327163367857563
2.25 2.5 38 39 52.57243198790087 0.1263535036571179
2.25 2.5 39 40 51.08224044510899 0.1203629166651431
2.25 2.5 40 41 49.59663073794673 0.1147172302105357
2.25 2.5 41 42 48.12338527601258 0.1093915847473655
2.25 2.5 42 43 46.66869441179563 0.1043633357580208
2.25 2.5 43 44 45.23743665197875 0.09961181797780659
2.25 2.5 44 45 43.83340900276721 0.09511813771840177
2.25 2.5 45 46 42.45847476631658 0.09118358512424604
2.25 2.5 46 47 41.11676594040776 0.08898508246104696
2.25 2.5 47 48 39.80879845774822 0.08865891392350347
2.25 2.5 48 49 38.53564340508265 0.09005822021332209
2.25 2.5 49 50 37.29777192294932 0.09316705100381319
2.5 2.75 0 1 2744.395866523942 2.578414639579732
2.5 2.75 1 2 -4319.91822733994 1.10719846077007
2.5 2.75 2 3 -5435.582305036507 2.454421212244633
2.5 2.75 3 4 -3946.449896364244 2.479314048126097
2.5 2.75 4 5 -2745.166036192049 2.223595249407655
2.5 2.75 5 6 -1914.224693860883 1.956180155211805
2.5 2.75 6 7 -1347.689394631848 1.721458357404539
2.5 2.75 7 8 -957.0195466282648 1.522733312717314
2.5 2.75 8 9 -682.9598677683698 1.355300386997234
2.5 2.75 9 10 -487.3229732095665 1.214125137389337
2.5 2.75 10 11 -345.3886947303934 1.093551188519123
2.5 2.75 11 12 -241.0376989760096 0.9901693929393246
2.5 2.75 12 13 -163.4350281822183 0.9007494774640452
2.5 2.75 13 14 -105.2000395244165 0.8228412156924648
2.5 2.75 14 15 -61.19929269649083 0.7545051612731902
2.5 2.75 15 16 -27.79806273919553 0.6941953412919428
2.5 2.75 16 17 -2.38059502715646 0.6406692000648131
2.5 2.75 17 18 16.96339967871199 0.592919447584178
2.5 2.75 18 19 31.64753467131936 0.5501225893310185
2.5 2.75 19 20 42.73032593475557 0.5115999100641727
2.5 2.75 20 21 51.0128273618418 0.4767877078426342
2.5 2.75 21 22 57.10702174067012 0.4452144101511286
2.5 2.75 22 23 61.48442215538694 0.4164828377764492
2.5 2.75 23 24 64.5110708355021 0.3902563439903874
2.5 2.75 24 25 66.47305164169381 0.3662478954714077
2.5 2.75 25 26 67.59529693075456 0.3442114024821933
2.5 2.75 26 27 68.05559499780611 0.3239347829546356
2.5 2.75 27 28 67.99512239080457 0.3052343745209295
2.5 2.75 28 29 67.52643294963258 0.2879504010616073
2.5 2.75 29 30 66.73956683360097 0.2719432714082756
2.5 2.75 30 31 65.70675702235565 0.2570905384703884
2.5 2.75 31 32 64.48608043242842 0.2432843868134752
2.5 2.75 32 33 63.12430848859555 0.2304295450610121
2.5 2.75 33 34 61.65914592609249 0.2184415422528364
2.5 2.75 34 35 60.12099881483027 0.2072452448016375
2.5 2.75 35 36 58.53437794653456 0.1967736219851298
2.5 2.75 36 37 56.91901805219686 0.1869667011928631
2.5 2.75 37 38 55.29077433579045 0.1777706784462262
2.5 2.75 38 39 53.66234354317771 0.1691371592206656
2.5 2.75 39 40 52.04384606353091 0.1610225074668698
2.5 2.75 40 41 50.44329755709529 0.1533872854814571
2.5 2.75 41 42 48.86699219203257 0.1461957702543947
2.5 2.75 42 43 47.31981505563155 0.1394155344655254
2.5 2.75 43 44 45.80549748027363 0.133017082513226
2.5 2.75 44 45 44.3268262171606 0.1269735330354309
2.5 2.75 45 46 42.88480910442249 0.1214818669567936
2.5 2.75 46 47 41.48272086417111 0.1173544186224313
2.5 2.75 47 48 40.12041604972231 0.1147048985091857
2.5 2.75 48 49 38.79834743782129 0.1134774524004378
2.5 2.75 49 50 37.5164366774799 0.1128651871116561
2.75 3 0 1 2124.878100206466 2.176005511682387
2.75 3 1 2 -4756.863999947468 3.656971134858093
2.75 3 2 3 -5320.592071072449 5.674603425352963
2.75 3 3 4 -3770.669893844009 4.954838989587445
2.75 3 4 5 -2581.728592007438 4.162407109299278
2.75 3 5 6 -1775.495205859884 3.513825918684527
2.75 3 6 7 -1232.798297476082 3.000722329268209
2.75 3 7 8 -862.3754726461916 2.592541547171678
2.75 3 8 9 -604.8510202922926 2.263317993539223
2.75 3 9 10 -422.594463799514 1.994540095529958
2.75 3 10 11 -291.5470976163806 1.770498665372678
2.75 3 11 12 -195.9533304607533 1.583187245714956
2.75 3 12 13 -125.5263303992156 1.423912659277409
2.75 3 13 14 -73.18533913241458 1.287362792330571
2.75 3 14 15 -34.05601422758559 1.169284001545588
2.75 3 15 16 -4.705171914259836 1.066392950219677
2.75 3 16 17 17.32556572074122 0.9761204666885059
2.75 3 17 18 33.82287641560879 0.8964308769706602
2.75 3 18 19 46.10262993854155 0.8256926502854208
2.75 3 19 20 55.14551417720622 0.7625844131930073
2.75 3 20 21 61.69018443165146 0.7060256986656348
2.75 3 21 22 66.29826157581147 0.65512524469025
2.75 3 22 23 69.40035302734702 0.6091419171658642
2.75 3 23 24 71.3290761594069 0.5674548356587303
2.75 3 24 25 72.34304791727152 0.5295402898072726
2.75 3 25 26 72.64450940780387 0.4949537260221116
2.75 3 26 27 72.39240909626244 0.4633155606223469
2.75 3 27 28 71.71220772804185 0.4342999101895528
2.75 3 28 29 70.70329120045648 0.4076255675096191
2.75 3 29 30 69.44462040860691 0.3830487212228911
2.75 3 30 31 67.99906965762329 0.3603570408926033
2.75 3 31 32 66.41678108351147 0.3393648397212171
2.75 3 32 33 64.73777482140144 0.3199090941859869
2.75 3 33 34 62.99399205320219 0.3018461494396076
2.75 3 34 35 61.21090288308983 0.2850489777122807
2.75 3 35 36 59.40877812284094 0.2694048847061128
2.75 3 36 37 57.60369990842713 0.2548135816720174
2.75 3 37 38 55.80836825242994 0.2411855572664206
2.75 3 38 39 54.03274727423604 0.2284406963457035
2.75 3 39 40 52.28458482902531 0.2165071039215862
2.75 3 40 41 50.56983180186424 0.2053200990783975
2.75 3 41 42 48.89298136242363 0.1948213516956926
2.75 3 42 43 47.25734428936977 0.1849581387705141
2.75 3 43 44 45.66527293014011 0.1756827014677446
2.75 3 44 45 44.11834376836239 0.1669516879896842
2.75 3 45 46 42.61654545738389 0.1588807626071855
2.75 3 46 47 41.16212644177128 0.1520235966979069
2.75 3 47 48 39.7541600006104 0.146459320256434
2.75 3 48 49 38.39236891100498 0.1421616912880503
2.75 3 49 50 37.0760277433869 0.1385630777912338
3 3.25 0 1 1445.671825300955 1.326264538755968
3 3.25 1 2 -5121.535744353084 8.644736115793009
3 3.25 2 3 -5092.430586419026 9.704193657321484
3 3.25 3 4 -3504.953098441132 8.016713497110114
3 3.25 4 5 -2351.513057383206 6.556999371853728
3 3.25 5 6 -1587.730177311089 5.441389749472167
3 3.25 6 7 -1081.787760975118 4.589047925209759
3 3.25 7 8 -740.9560409977857 3.925973257410531
3 3.25 8 9 -506.7988089453982 3.399923732082291
3 3.25 9 10 -342.9456976333629 2.974631559676613
3 3.25 10 11 -226.4510114172394 2.625417490618395
3 3.25 11 12 -142.4987651735423 2.33472427344036
3 3.25 12 13 -81.40970396899888 2.089642745184543
3 3.25 13 14 -36.63015648970645 1.880866153611207
3 3.25 14 15 -3.668732480599374 1.701354970544463
3 3.25 15 16 20.6167201400026 1.545733699937615
3 3.25 16 17 38.46164907932985 1.409834462433139
3 3.25 17 18 51.48047757729125 1.290381013100585
3 3.25 18 19 60.85480222070237 1.184765878774946
3 3.25 19 20 67.45974573434546 1.090890439662571
3 3.25 20 21 71.95028973612227 1.007048340288716
3 3.25 21 22 74.82122250812233 0.9318392407379807
3 3.25 22 23 76.44938571923035 0.8641041508066197
3 3.25 23 24 77.12385236174407 0.8028763450785332
3 3.25 24 25 77.06775237429383 0.7473436785152189
3 3.25 25 26 76.45423761515451 0.6968193496001776
3 3.25 26 27 75.41828197975218 0.6507189959268077
3 3.25 27 28 74.06548674392855 0.6085425884130509
3 3.25 28 29 72.47870907267605 0.5698599982055866
3 3.25 29 30 70.72309217608256 0.5342994012027293
3 3.25 30 31 68.84991098113443 0.5015378944296157
3 3.25 31 32 66.89953237847834 0.471293849688345
3 3.25 32 33 64.90370826988493 0.443320643963695
3 3.25 33 34 62.88736210793343 0.4174014866472545
3 3.25 34 35 60.86998824444561 0.3933451281706515
3 3.25 35 36 58.86675337411776 0.3709822808893783
3 3.25 36 37 56.8893673761205 0.3501626185289698
3 3.25 37 38 54.9467746776038 0.3307522491207076
3 3.25 38 39 53.04570516772017 0.3126315768442929
3 3.25 39 40 51.19111465317556 0.2956934855290931
3 3.25 40 41 49.38653813578924 0.2798417885932121
3 3.25 41 42 47.6343738414277 0.264989901966075
3 3.25 42 43 45.93611217339216 0.2510597030789878
3 3.25 43 44 44.29252062628677 0.2379805469089381
3 3.25 44 45 42.70379336546551 0.22568841432101
3 3.25 45 46 41.16877393672041 0.2142286826620437
3 3.25 46 47 39.68852821049498 0.2039428409389206
3 3.25 47 48 38.26126728682775 0.1948617472724888
3 3.25 48 49 36.88590239599652 0.1869537743353561
3 3.25 49 50 35.56099342700165 0.1798265465533908
3.25 3.5 0 1 732.8595054660148 0.4586949918572705
3.25 3.5 1 2 -5295.784596053067 19.10326494754325
3.25 3.5 2 3 -4679.479358410497 15.60889183295052
3.25 3.5 3 4 -3108.074489791204 11.90068313778024
3.25 3.5 4 5 -2030.941192094727 9.331292659217061
3.25 3.5 5 6 -1337.782086257461 7.528107298936561
3.25 3.5 6 7 -887.7994844431805 6.215189700030967
3.25 3.5 7 8 -589.762932775491 5.226285577059167
3.25 3.5 8 9 -388.1951724818093 4.460135849573771
3.25 3.5 9 10 -249.2720864199773 3.852483140171502
3.25 3.5 10 11 -151.9673269662576 3.361198026253189
3.25 3.5 11 12 -83.04434013993318 2.95739359604657
3.25 3.5 12 13 -33.8116818492831 2.620948245850922
3.25 3.5 13 14 1.566106783601072 2.337242673222859
3.25 3.5 14 15 26.99422830729145 2.095543535379147
3.25 3.5 15 16 45.19938863932657 1.887769510466865
3.25 3.5 16 17 58.10508183654247 1.707735858523357
3.25 3.5 17 18 67.08887952533667 1.550635981559581
3.25 3.5 18 19 73.15063610144875 1.412682853893215
3.25 3.5 19 20 77.02462781215718 1.290855959749681
3.25 3.5 20 21 79.2556708421273 1.182719420698699
3.25 3.5 21 22 80.25164633629959 1.086289128233567
3.25 3.5 22 23 80.32029366232575 0.9999342261155864
3.25 3.5 23 24 79.69533908023129 0.9223030697151745
3.25 3.5 24 25 78.55528421400214 0.8522668906297118
3.25 3.5 25 26 77.03707119770161 0.7888764457087557
3.25 3.5 26 27 75.24612558530339 0.7313283092200569
3.25 3.5 27 28 73.26380773818067 0.6789384103868622
3.25 3.5 28 29 71.15298982176023 0.6311210736854818
3.25 3.5 29 30 68.96226328611436 0.5873722802335913
3.25 3.5 30 31 66.72913642417802 0.5472561972473493
3.25 3.5 31 32 64.48248070469907 0.5103942595702079
3.25 3.5 32 33 62.24441383162997 0.4764562604427856
3.25 3.5 33 34 60.03175733049878 0.4451530359288547
3.25 3.5 34 35 57.8571705366565 0.416230422697233
3.25 3.5 35 36 55.73003689315183 0.3894642394027008
3.25 3.5 36 37 53.65715952555962 0.3646560968098725
3.25 3.5 37 38 51.64330917703796 0.3416298824087962
3.25 3.5 38 39 49.6916572498339 0.3202287970237482
3.25 3.5 39 40 47.80411900147243 0.3003128460577785
3.25 3.5 40 41 45.9816262538277 0.2817567061095183
3.25 3.5 41 42 44.22434445264838 0.2644479043709774
3.25 3.5 42 43 42.53184574765768 0.2482852584313778
3.25 3.5 43 44 40.90324714778276 0.2331775346119545
3.25 3.5 44 45 39.33732084245938 0.2190422904404794
3.25 3.5 45 46 37.83177552406806 0.2058977278951628
3.25 3.5 46 47 36.38643304075606 0.1940347745549693
3.25 3.5 47 48 34.99868342193808 0.1834741366701768
3.25 3.5 48 49 33.66664844071595 0.1741831840764719
3.25 3.5 49 50 32.38820462145397 0.1658010623953396
3.5 3.75 0 1 68.98580730869281 1.785173806072836
3.5 3.75 1 2 -5089.133074016437 25.61462366599227
3.5 3.75 2 3 -4000.874107955782 17.4207114477023
3.5 3.75 3 4 -2547.175693750291 12.47722464651746
3.5 3.75 4 5 -1609.641570296942 9.43907681030886
3.5 3.75 5 6 -1025.955776043332 7.427084717624667
3.5 3.75 6 7 -656.1819972822268 6.014131432461268
3.5 3.75 7 8 -416.3977919566703 4.976809316350049
3.5 3.75 8 9 -257.4670986045837 4.188708349511989
3.5 3.75 9 10 -150.145032547744 3.573710459129881
3.5 3.75 10 11 -76.58035141615073 3.083143985761655
3.5 3.75 11 12 -25.45008133329679 2.683429824476203
3.5 3.75 12 13 10.03711399515441 2.355427134042344
3.5 3.75 13 14 34.55543007856988 2.080415810363955
3.5 3.75 14 15 51.60354634084297 1.848273602588769
3.5 3.75 15 16 63.208693037854 1.650256360125689
3.5 3.75 16 17 70.88608584141241 1.479915179589377
3.5 3.75 17 18 75.70908428892835 1.332284383277185
3.5 3.75 18 19 78.44811451450676 1.203484024097026
3.5 3.75 19 20 79.66249879725876 1.090442739640776
3.5 3.75 20 21 79.76228517706528 0.9907006937299487
3.5 3.75 21 22 79.05058179867365 0.9022669829419772
3.5 3.75 22 23 77.75298775494917 0.8235148124218202
3.5 3.75 23 24 76.03833808004759 0.7531033277549147
3.5 3.75 24 25 74.03351089901656 0.6899185619498081
3.5 3.75 25 26 71.8341173320191 0.6330282905042208
3.5 3.75 26 27 69.51229925346416 0.5816471413176137
3.5 3.75 27 28 67.12247106967669 0.5351093585446249
3.5 3.75 28 29 64.70558389380494 0.4928473438149289
3.5 3.75 29 30 62.29231698433495 0.4543746037938635
3.5 3.75 30 31 59.90548318382017 0.4192720912139642
3.5 3.75 31 32 57.56185348929137 0.3871771824984894
3.5 3.75 32 33 55.27354895632573 0.3577747215155211
3.5 3.75 33 34 53.04910798813492 0.3307896948363538
3.5 3.75 34 35 50.89430844186657 0.3059812049450099
3.5 3.75 35 36 48.8128034013701 0.2831374830283367
3.5 3.75 36 37 46.80661452692436 0.2620717399823645
3.5 3.75 37 38 44.87651599838875 0.2426186972837421
3.5 3.75 38 39 43.02233399402272 0.2246316725538876
3.5 3.75 39 40 41.24318066719582 0.207980120252834
3.5 3.75 40 41 39.53763718833309 0.1925475474313579
3.5 3.75 41 42 37.90389693994321 0.1782297408125211
3.5 3.75 42 43 36.33987752639447 0.1649332526470401
3.5 3.75 43 44 34.84330828374218 0.1525741035015768
3.5 3.75 44 45 33.41179847228331 0.1410766671853874
3.5 3.75 45 46 32.04221558855575 0.1304881496800551
3.5 3.75 46 47 30.73330288165683 0.1212032968903679
3.5 3.75 47 48 29.48190833197648 0.1132915498418943
3.5 3.75 48 49 28.28559295469078 0.1067507721978609
3.5 3.75 49 50 27.14177421032005 0.1011575795830342
3.75 4 0 1 -430.3481637240695 2.030663771281148
3.75 4 1 2 -4354.382590517884 29.89791236537496
3.75 4 2 3 -3035.238230177106 14.40127727124611
3.75 4 3 4 -1832.180566916558 8.642755389274578
3.75 4 4 5 -1106.518144270607 5.765168500379111
3.75 4 5 6 -672.7350013100613 4.094245773124497
3.75 4 6 7 -406.3757847897175 3.029792617849484
3.75 4 7 8 -238.4087520783555 2.30753193926728
3.75 4 8 9 -130.0489114467462 1.794184688323916
3.75 4 9 10 -58.90760306474976 1.416657190902721
3.75 4 10 11 -11.73856519694607 1.133012212422642
3.75 4 11 12 19.74182721726652 0.9148744674752091
3.75 4 12 13 40.78994807001334 0.7362066497039674
3.75 4 13 14 54.60295705341537 0.6084013124222158
3.75 4 14 15 63.36098141771924 0.4948687660755258
3.75 4 15 16 68.70404705398573 0.4066555013555252
3.75 4 16 17 71.60665207860211 0.335425180650398
3.75 4 17 18 72.78761119800919 0.2780855131060911
3.75 4 18 19 72.75470197197086 0.2323786570299663
3.75 4 19 20 71.87039005931734 0.2127391631650163
3.75 4 20 21 70.39562254433588 0.1976006063107547
3.75 4 21 22 68.51950885357354 0.183846528135573
3.75 4 22 23 66.37974835514308 0.1713127303810773
3.75 4 23 24 64.07688540390171 0.159859050525476
3.75 4 24 25 61.68438178005695 0.1493652252366338
3.75 4 25 26 59.25581403328781 0.1397275608513283
3.75 4 26 27 56.83006856040402 0.1308562373452587
3.75 4 27 28 54.43512552043217 0.1283162777677249
3.75 4 28 29 52.09083734581841 0.1309300363831244
3.75 4 29 30 49.81098373588821 0.1336974318355776
3.75 4 30 31 47.60480127564162 0.1363953390751117
3.75 4 31 32 45.47812836524733 0.138891312777129
3.75 4 32 33 43.43426632700383 0.1411126040252412
3.75 4 33 34 41.47462966765144 0.1430248341210305
3.75 4 34 35 39.59923872569176 0.1446177803942024
3.75 4 35 36 37.80709382058524 0.1458960612872023
3.75 4 36 37 36.09645985571024 0.1468730895095955
3.75 4 37 38 34.46508295859249 0.1475671733206072
3.75 4 38 39 32.91035531859666 0.1479990203903807
3.75 4 39 40 31.42944039922858 0.1481901577333614
3.75 4 40 41 30.01936779145529 0.1481619482703189
3.75 4 41 42 28.67710468827232 0.1479349973993142
3.75 4 42 43 27.39960937533847 0.1475288131885493
3.75 4 43 44 26.18387086716406 0.1469616314797797
3.75 4 44 45 25.02693783571385 0.1462503467594003
3.75 4 45 46 23.92543872233535 0.1454818632803094
3.75 4 46 47 22.8774790502308 0.144917000736363
3.75 4 47 48 21.87989162785697 0.1445688293022298
3.75 4 48 49 20.93012659967767 0.1444084881193829
3.75 4 49 50 20.02557069227028 0.1442232038513914
4 5 0 1 -1209.292859598056 3.85097323326216
4 5 1 2 -4885.70457146405 10.78223860849417
4 5 2 3 -2798.831578741882 6.850684979393812
4 5 3 4 -1463.733042134175 4.850787828992098
4 5 4 5 -756.9368334549802 3.538845030765185
4 5 5 6 -377.558456123624 2.681172148468697
4 5 6 7 -165.5725256228598 2.138592301595106
4 5 7 8 -43.77166108129995 1.769640370042131
4 5 8 9 27.21079103939473 1.495189750337298
4 5 9 10 68.51264298183162 1.279849850122473
4 5 10 11 91.96116535879582 1.110256412633969
4 5 11 12 104.4648906800746 0.9743410951774214
4 5 12 13 110.1675372553765 0.8611297948739278
4 5 13 14 111.5946719506686 0.7640658988494849
4 5 14 15 110.3332243303415 0.6820150126183252
4 5 15 16 107.4065219314947 0.6126526114109947
4 5 16 17 103.484077415111 0.5530493669549691
4 5 17 18 99.00343585494801 0.5008220734933189
4 5 18 19 94.25033827324285 0.4546401898451649
4 5 19 20 89.41207366996071 0.4137828995977087
4 5 20 21 84.61147313059405 0.3776393656547372
4 5 21 22 79.92807677128016 0.3455568550992042
4 5 22 23 75.4117177062906 0.3169082334312939
4 5 23 24 71.09174010865127 0.291172777584031
4 5 24 25 66.98347835720227 0.267952584122348
4 5 25 26 63.09281866865658 0.2469432621974699
4 5 26 27 59.41936232574221 0.2278970550810819
4 5 27 28 55.95859025559545 0.2105986397605249
4 5 28 29 52.70334066477119 0.1948551418187891
4 5 29 30 49.64482510525085 0.1804941699352026
4 5 30 31 46.77333415075711 0.1673640254002187
4 5 31 32 44.07872993387129 0.1553331626730169
4 5 32 33 41.55078830793161 0.144288349179928
4 5 33 34 39.17943275637597 0.1341320456118325
4 5 34 35 36.95488977960267 0.1247796835926862
4 5 35 36 34.86778751786228 0.1161572797885012
4 5 36 37 32.90921377864896 0.1081995461082148
4 5 37 38 31.07074545502678 0.1008484721692689
4 5 38 39 29.34445810637443 0.09405227517451963
4 5 39 40 27.72292203148453 0.08776460425370948
4 5 40 41 26.19918939882557 0.08194390797190651
4 5 41 42 24.76677560646533 0.07655290579324271
4 5 42 43 23.41963714418283 0.07155812592453928
4 5 43 44 22.1521475646399 0.06692949387741225
4 5 44 45 20.95907263730891 0.06263996090630475
4 5 45 46 19.83504915138305 0.05911246541805593
4 5 46 47 18.77620338163111 0.05795069821960823
4 5 47 48 17.77787522112768 0.0594244088388223
4 5 48 49 16.83620141329048 0.06336238077551021
4 5 49 50 15.94719217643515 0.06763876819946081
-5 5 0 50 -549732.3996849492 98.06663369086618
