#ylo yhi qTlo qThi PDF0  uncertainty
-5 -4 0 1 -1115.046278759193 3.624132784008606
-5 -4 1 2 -4670.452031375266 10.26837572399826
-5 -4 2 3 -2682.735424765788 6.553349470967487
-5 -4 3 4 -1412.210317262399 4.607322810069285
-5 -4 4 5 -738.0913803254766 3.359849491255563
-5 -4 5 6 -373.9747819815229 2.565626994018357
-5 -4 6 7 -169.1059597795074 2.059749605365361
-5 -4 7 8 -50.5085324162128 1.71041750483458
-5 -4 8 9 19.24196890658413 1.447983197481816
-5 -4 9 10 60.25600062475507 1.241005268566016
-5 -4 10 11 83.91185001185227 1.077388519092093
-5 -4 11 12 96.85410269097713 0.9455053748849045
-5 -4 12 13 103.0886204054358 0.8353927721549549
-5 -4 13 14 105.072600576129 0.7419472192859232
-5 -4 14 15 104.358548838502 0.6622504942898663
-5 -4 15 16 101.9508847312982 0.5948825525518083
-5 -4 16 17 98.51102766054447 0.5369831091962857
-5 -4 17 18 94.47392136780519 0.4862255456334706
-5 -4 18 19 90.1256758410014 0.4413268835732433
-5 -4 19 20 85.65546380866635 0.4016011489947333
-5 -4 20 21 81.18869614777196 0.3664621362037985
-5 -4 21 22 76.80774266911627 0.3352759799013549
-5 -4 22 23 72.56527640823359 0.3074311182213689
-5 -4 23 24 68.49336386168102 0.2824197517087483
-5 -4 24 25 64.60987891197624 0.2598544385264603
-5 -4 25 26 60.92303624161789 0.2394391787468709
-5 -4 26 27 57.43454863511576 0.2209330777251349
-5 -4 27 28 54.14179851774057 0.2041266159958956
-5 -4 28 29 51.03932926640907 0.188831960633964
-5 -4 29 30 48.11987781521185 0.1748811498049562
-5 -4 30 31 45.37509751374002 0.1621263759246366
-5 -4 31 32 42.79606732008079 0.1504394974645465
-5 -4 32 33 40.37364954079929 0.1397102518689593
-5 -4 33 34 38.09873801559215 0.12984369409714
-5 -4 34 35 35.96242642308179 0.1207575315819885
-5 -4 35 36 33.95611849566276 0.1123797900376289
-5 -4 36 37 32.07159638468373 0.1046469658939963
-5 -4 37 38 30.30105925747475 0.09750264269718427
-5 -4 38 39 28.63714100121558 0.0908964673602887
-5 -4 39 40 27.07291347055829 0.08478337488457109
-5 -4 40 41 25.60187994688365 0.07912297400774068
-5 -4 41 42 24.21796207678737 0.07387903224618622
-5 -4 42 43 22.91548265433904 0.06901902743863425
-5 -4 43 44 21.68914592978296 0.06451374811999538
-5 -4 44 45 20.53401659277976 0.06033693271767243
-5 -4 45 46 19.44501843506523 0.05690015578512479
-5 -4 46 47 18.41849475872887 0.05576640916281314
-5 -4 47 48 17.45002341918382 0.05726801582613626
-5 -4 48 49 16.53594190952701 0.06116409070023181
-5 -4 49 50 15.67244803766201 0.0653880752037555
-4 -3.75 0 1 -363.5055484699186 1.984692753384809
-4 -3.75 1 2 -4177.728692025072 28.97835819195467
-4 -3.75 2 3 -2932.761629243759 13.81339994688737
-4 -3.75 3 4 -1780.289978631967 8.230967355919137
-4 -3.75 4 5 -1082.224634215624 5.457959664506054
-4 -3.75 5 6 -662.7021870919502 3.855225774044283
-4 -3.75 6 7 -403.7873302328208 2.83825962930193
-4 -3.75 7 8 -239.7073753484644 2.150659194615299
-4 -3.75 8 9 -133.3778134377897 1.663848719156154
-4 -3.75 9 10 -63.25582246907584 1.307556158011683
-4 -3.75 10 11 -16.40827663677931 1.040433574870614
-4 -3.75 11 12 15.16958413977761 0.8323023813115177
-4 -3.75 12 13 36.28627529084804 0.6710577620483565
-4 -3.75 13 14 50.1650750244886 0.5453474714214778
-4 -3.75 14 15 59.2295667291138 0.4443658862803359
-4 -3.75 15 16 64.84139966230919 0.3637429243249228
-4 -3.75 16 17 68.0148175261574 0.2994956064718055
-4 -3.75 17 18 69.45940741618188 0.2487542950720074
-4 -3.75 18 19 69.67787530743834 0.2265109279808296
-4 -3.75 19 20 69.03013474478888 0.2100312722145161
-4 -3.75 20 21 67.77610779241934 0.1951066526454404
-4 -3.75 21 22 66.10479648764345 0.1815465740927312
-4 -3.75 22 23 64.15433254406167 0.1691892768600488
-4 -3.75 23 24 62.02599667635616 0.1578966587318528
-4 -3.75 24 25 59.79414375846417 0.1475502096114926
-4 -3.75 25 26 57.51330850365565 0.1380477374559689
-4 -3.75 26 27 55.22334414806113 0.1353553902353369
-4 -3.75 27 28 52.9531724708138 0.1379371703849489
-4 -3.75 28 29 50.72354279972029 0.1406442449475847
-4 -3.75 29 30 48.54907669303907 0.1432524872459053
-4 -3.75 30 31 46.43979308451935 0.1456319640884129
-4 -3.75 31 32 44.40225239643797 0.1477138322732297
-4 -3.75 32 33 42.4404190704166 0.1494679404633556
-4 -3.75 33 34 40.55631456691832 0.1508881045421382
-4 -3.75 34 35 38.75051346190735 0.151982574454652
-4 -3.75 35 36 37.02252137003688 0.1527679175513607
-4 -3.75 36 37 35.37106340001905 0.1532651225709282
-4 -3.75 37 38 33.7943045693935 0.1534971400996505
-4 -3.75 38 39 32.29001825124192 0.1534873509324073
-4 -3.75 39 40 30.85571477562316 0.1532586346087196
-4 -3.75 40 41 29.48873942874216 0.1528328246654977
-4 -3.75 41 42 28.18634682390677 0.1522304133135587
-4 -3.75 42 43 26.94575704158615 0.1514704153584105
-4 -3.75 43 44 25.76419767799237 0.1505703327918383
-4 -3.75 44 45 24.63893496390588 0.1495461815893058
-4 -3.75 45 46 23.56680998161007 0.148480783143734
-4 -3.75 46 47 22.54608267152381 0.1476241621967527
-4 -3.75 47 48 21.57376556685091 0.1469902044062986
-4 -3.75 48 49 20.64745987494437 0.146552102742045
-4 -3.75 49 50 19.76469256068196 0.1461053946329701
-3.75 -3.5 0 1 142.0742064849662 1.74241186259586
-3.75 -3.5 1 2 -4884.198455616333 24.94174246069385
-3.75 -3.5 2 3 -3877.490733019858 16.91783849589492
-3.75 -3.5 3 4 -2482.087678271228 12.10238759190906
-3.75 -3.5 4 5 -1577.310525222764 9.148156704291221
-3.75 -3.5 5 6 -1011.097111054592 7.1937108450872
-3.75 -3.5 6 7 -650.7546985848046 5.822132446676029
-3.75 -3.5 7 8 -416.0980571656103 4.81571832229861
-3.75 -3.5 8 9 -259.9189776326839 4.051500691579285
-3.75 -3.5 9 10 -153.9943354390161 3.455123468217948
-3.75 -3.5 10 11 -81.11448839268428 2.979647897937917
-3.75 -3.5 11 12 -30.44926615758322 2.593246915442257
-3.75 -3.5 12 13 4.962498425423519 2.274764345556995
-3.75 -3.5 13 14 29.74827902399045 2.008708199051048
-3.75 -3.5 14 15 46.99894951834995 1.783993670054047
-3.75 -3.5 15 16 58.84755802507243 1.592357582555868
-3.75 -3.5 16 17 66.78596061451628 1.427543147739654
-3.75 -3.5 17 18 71.87335770076515 1.284733632841759
-3.75 -3.5 18 19 74.87169776478106 1.160166203428643
-3.75 -3.5 19 20 76.3353727533696 1.050862745506136
-3.75 -3.5 20 21 76.67173093890142 0.9544385129765881
-3.75 -3.5 21 22 76.18258662383403 0.8689636900732918
-3.75 -3.5 22 23 75.093127995168 0.7928616402787186
-3.75 -3.5 23 24 73.57232706301414 0.7248330424938302
-3.75 -3.5 24 25 71.74753056141191 0.6637985878333649
-3.75 -3.5 25 26 69.71500968473521 0.608855178660582
-3.75 -3.5 26 27 67.54766694401809 0.5592420819699305
-3.75 -3.5 27 28 65.30071924082694 0.5143145113279185
-3.75 -3.5 28 29 63.01592453817636 0.473522815114914
-3.75 -3.5 29 30 60.72474982381314 0.4363959404435307
-3.75 -3.5 30 31 58.4507623836717 0.4025281891997347
-3.75 -3.5 31 32 56.21144638090212 0.3715685317809471
-3.75 -3.5 32 33 54.01959084877438 0.3432119250423886
-3.75 -3.5 33 34 51.884355737117 0.3171922124016612
-3.75 -3.5 34 35 49.81209449622472 0.293276282803302
-3.75 -3.5 35 36 47.80699140160999 0.2712592377622322
-3.75 -3.5 36 37 45.87155709867119 0.2509603709647729
-3.75 -3.5 37 38 44.0070150881146 0.2322198073323604
-3.75 -3.5 38 39 42.2136039012878 0.214895679648013
-3.75 -3.5 39 40 40.49081379839525 0.198861746310166
-3.75 -3.5 40 41 38.83757247225765 0.1840053731835787
-3.75 -3.5 41 42 37.25239079609933 0.1702258165508073
-3.75 -3.5 42 43 35.73347724494722 0.157432757685869
-3.75 -3.5 43 44 34.27882766130598 0.1455450472339054
-3.75 -3.5 44 45 32.88629554126004 0.1344896265790216
-3.75 -3.5 45 46 31.55298944820997 0.1243188095100549
-3.75 -3.5 46 47 30.27782532693588 0.1154412014545546
-3.75 -3.5 47 48 29.05785673746375 0.1079323004597956
-3.75 -3.5 48 49 27.89081720112382 0.1017925197569915
-3.75 -3.5 49 50 26.77428513578229 0.0965892546167941
-3.5 -3.25 0 1 806.249609503844 0.4636813118838422
-3.5 -3.25 1 2 -5081.438866830769 18.40615195691931
-3.5 -3.25 2 3 -4547.27781822565 15.10899712771451
-3.5 -3.25 3 4 -3036.619297569122 11.53513271153981
-3.5 -3.25 4 5 -1994.247746542537 9.051312709281641
-3.5 -3.25 5 6 -1319.987184550747 7.305845825431382
-3.5 -3.25 6 7 -880.4129859277336 6.033937331397278
-3.5 -3.25 7 8 -588.1683591260937 5.075449954798622
-3.5 -3.25 8 9 -389.8099193057546 4.332520869993822
-3.5 -3.25 9 10 -252.6585233094138 3.743086656414576
-3.5 -3.25 10 11 -156.3444281171867 3.266523405479344
-3.5 -3.25 11 12 -87.8349212975138 2.874637277940296
-3.5 -3.25 12 13 -38.70661904685289 2.548073693286738
-3.5 -3.25 13 14 -3.284980985177526 2.272664118418695
-3.5 -3.25 14 15 22.2890940920031 2.037997225125319
-3.5 -3.25 15 16 40.69760819312785 1.83624047159429
-3.5 -3.25 16 17 53.83631296657654 1.661398260768535
-3.5 -3.25 17 18 63.06548444411601 1.508810141155728
-3.5 -3.25 18 19 69.37422039102728 1.374803640541548
-3.5 -3.25 19 20 73.49018810416237 1.256449187588138
-3.5 -3.25 20 21 75.95425284707915 1.151383937482729
-3.5 -3.25 21 22 77.17205996698124 1.05768304154874
-3.5 -3.25 22 23 77.45022287633412 0.9737641802609398
-3.5 -3.25 23 24 77.02205844309015 0.8983158038624572
-3.5 -3.25 24 25 76.06611736667656 0.8302425248966097
-3.5 -3.25 25 26 74.71967863128214 0.7686230915574431
-3.5 -3.25 26 27 73.08867894924572 0.7126777054311424
-3.5 -3.25 27 28 71.25508856206989 0.6617423616417319
-3.5 -3.25 28 29 69.28243796556302 0.6152485225425984
-3.5 -3.25 29 30 67.21999217032015 0.5727068836933858
-3.5 -3.25 30 31 65.1059265954363 0.5336943078329022
-3.5 -3.25 31 32 62.96975959904574 0.4978432338329243
-3.5 -3.25 32 33 60.83422709771702 0.4648330336988559
-3.5 -3.25 33 34 58.7167353650068 0.4343829152123818
-3.5 -3.25 34 35 56.63049270703729 0.4062460593810654
-3.5 -3.25 35 36 54.58539511458218 0.3802047509524485
-3.5 -3.25 36 37 52.58872229225108 0.356066312667224
-3.5 -3.25 37 38 50.64568675950184 0.3336596936833731
-3.5 -3.25 38 39 48.75986849526342 0.3128325938771332
-3.5 -3.25 39 40 46.93355998905423 0.2934490287077707
-3.5 -3.25 40 41 45.16804092436533 0.2753872589543206
-3.5 -3.25 41 42 43.46379724447578 0.2585380231885557
-3.5 -3.25 42 43 41.82069621353065 0.2428030235457535
-3.5 -3.25 43 44 40.23812648465585 0.2280936232594923
-3.5 -3.25 44 45 38.71511024667532 0.2143297229988464
-3.5 -3.25 45 46 37.24960474480777 0.2015312615187618
-3.5 -3.25 46 47 35.84160853563824 0.1899896383114982
-3.5 -3.25 47 48 34.48872510599931 0.1797269146885792
-3.5 -3.25 48 49 33.18925529849264 0.1707116928087129
-3.5 -3.25 49 50 31.9412434923353 0.1625855102951413
-3.25 -3 0 1 1514.487193807548 1.351241843147636
-3.25 -3 1 2 -4914.229427973132 8.352939595640795
-3.25 -3 2 3 -4961.968340234485 9.438976616787965
-3.25 -3 3 4 -3433.186516278955 7.80791548867538
-3.25 -3 4 5 -2313.834651039676 6.39029900310874
-3.25 -3 5 6 -1568.846454286696 5.305147338307678
-3.25 -3 6 7 -1073.40423579674 4.475374939810456
-3.25 -3 7 8 -738.5098674170836 3.829538022298788
-3.25 -3 8 9 -507.7402041192463 3.31693823978113
-3.25 -3 9 10 -345.8010531336438 2.902596099311157
-3.25 -3 10 11 -230.3106466456795 2.562182378277822
-3.25 -3 11 12 -146.8896662776565 2.278700912351211
-3.25 -3 12 13 -86.00794942979815 2.039722291848906
-3.25 -3 13 14 -41.24745678869817 1.836119348615104
-3.25 -3 14 15 -8.191881669040868 1.661037456822141
-3.25 -3 15 16 16.25427087273738 1.50924113969257
-3.25 -3 16 17 34.29709393370536 1.376670319840842
-3.25 -3 17 18 47.53239418670353 1.26013298119507
-3.25 -3 18 19 57.12993012968855 1.157088333246942
-3.25 -3 19 20 63.95732857317523 1.065491175990105
-3.25 -3 20 21 68.66489087522382 0.9836784084553523
-3.25 -3 21 22 71.74456824975925 0.9102850551336211
-3.25 -3 22 23 73.5715796088258 0.8441812955204989
-3.25 -3 23 24 74.43417732259365 0.7844246592581815
-3.25 -3 24 25 74.55519951740962 0.7302233193774436
-3.25 -3 25 26 74.10785201110895 0.6809076109649471
-3.25 -3 26 27 73.22738489069485 0.6359077160883505
-3.25 -3 27 28 72.01981401516508 0.5947360222174548
-3.25 -3 28 29 70.56849246216188 0.5569730581275227
-3.25 -3 29 30 68.9391018608024 0.5222561936716261
-3.25 -3 30 31 67.18347176731544 0.490270494636888
-3.25 -3 31 32 65.34252227514594 0.4607412702903585
-3.25 -3 32 33 63.44854544493188 0.433427961879644
-3.25 -3 33 34 61.52698442041924 0.408119100724236
-3.25 -3 34 35 59.59782827833067 0.3846281246353393
-3.25 -3 35 36 57.67671101150052 0.362789888558036
-3.25 -3 36 37 55.77578131810068 0.3424577394578396
-3.25 -3 37 38 53.90439387978367 0.3235010523397683
-3.25 -3 38 39 52.06966084033368 0.3058031455149242
-3.25 -3 39 40 50.27689325209352 0.2892595093554644
-3.25 -3 40 41 48.52995561042218 0.2737762947952053
-3.25 -3 41 42 46.83155129268758 0.2592690193663824
-3.25 -3 42 43 45.18345299551956 0.2456614543287307
-3.25 -3 43 44 43.58668914936965 0.2328846652682403
-3.25 -3 44 45 42.04169497873485 0.2208761813142176
-3.25 -3 45 46 40.54755498235653 0.2096825883291717
-3.25 -3 46 47 39.10550594423282 0.1996460371932428
-3.25 -3 47 48 37.71396709780493 0.1907986157502587
-3.25 -3 48 49 36.3720244497853 0.1831097914188353
-3.25 -3 49 50 35.07840237992582 0.1761885695633625
-3 -2.75 0 1 2187.432241452229 2.182849856449735
-3 -2.75 1 2 -4565.506607773192 3.508654499253923
-3 -2.75 2 3 -5198.434751440719 5.53643849206366
-3 -2.75 3 4 -3702.755560601206 4.846251208730148
-3 -2.75 4 5 -2545.653000832138 4.076069899982802
-3 -2.75 5 6 -1757.127660824613 3.443538850091312
-3 -2.75 6 7 -1224.406562215189 2.942268687794638
-3 -2.75 7 8 -859.6744199352265 2.543095236376124
-3 -2.75 8 9 -605.4385644376803 2.221106861029501
-3 -2.75 9 10 -425.0626330847272 1.957557152968904
-3 -2.75 10 11 -294.9895760196798 1.73867477883626
-3 -2.75 11 12 -199.9667835619721 1.554871935343161
-3 -2.75 12 13 -129.7750422898089 1.398768305534829
-3 -2.75 13 14 -77.48416722156435 1.264902472435159
-3 -2.75 14 15 -38.29200497347779 1.14911803123765
-3 -2.75 15 16 -8.810488219020272 1.048205233598134
-3 -2.75 16 17 13.39017692079005 0.959651527579138
-3 -2.75 17 18 30.07837908480656 0.8814654483725795
-3 -2.75 18 19 42.55822287910314 0.8120504413271075
-3 -2.75 19 20 51.80282990760145 0.7501131335559102
-3 -2.75 20 21 58.54602818681622 0.6945957153791367
-3 -2.75 21 22 63.34641801923658 0.6446254369717522
-3 -2.75 22 23 66.63278819327797 0.599476424082468
-3 -2.75 23 24 68.7367414112108 0.5585404770079772
-3 -2.75 24 25 69.9164185939494 0.5213045014924489
-3 -2.75 25 26 70.37394458349581 0.4873328923526399
-3 -2.75 26 27 70.26838955876622 0.4562536563271771
-3 -2.75 27 28 69.7254904156797 0.4277473861671506
-3 -2.75 28 29 68.8450060165282 0.401538430215447
-3 -2.75 29 30 67.70632717938184 0.3773877669793193
-3 -2.75 30 31 66.37278753187172 0.3550872152844281
-3 -2.75 31 32 64.89499895654137 0.3344546984917163
-3 -2.75 32 33 63.31344882152194 0.3153303470622835
-3 -2.75 33 34 61.66053435256703 0.2975732725066108
-3 -2.75 34 35 59.96216486150843 0.2810588820167843
-3 -2.75 35 36 58.23903002953728 0.2656766322108262
-3 -2.75 36 37 56.50760854718112 0.2513281402384557
-3 -2.75 37 38 54.78097376415417 0.2379255889311012
-3 -2.75 38 39 53.06943976941693 0.2253903733514228
-3 -2.75 39 40 51.38108138941004 0.2136519485851064
-3 -2.75 40 41 49.72215419930353 0.2026468435527704
-3 -2.75 41 42 48.09743472296907 0.1923178152553335
-3 -2.75 42 43 46.51049683874115 0.1826131196825481
-3 -2.75 43 44 44.9639368945806 0.1734858816672983
-3 -2.75 44 45 43.45955745966128 0.1648935486881434
-3 -2.75 45 46 41.99757378230916 0.1569513315283212
-3 -2.75 46 47 40.58039572834042 0.1502091174193741
-3 -2.75 47 48 39.2072931116324 0.1447457453571457
-3 -2.75 48 49 37.87815414608497 0.1405352749186865
-3 -2.75 49 50 36.59240965265917 0.1370143671696226
-2.75 -2.5 0 1 2800.508473478728 2.524366676192403
-2.75 -2.5 1 2 -4148.27929189881 1.09444741472303
-2.75 -2.5 2 3 -5325.139472934985 2.473496227935698
-2.75 -2.5 3 4 -3884.697673076751 2.484277054364432
-2.75 -2.5 4 5 -2712.197367307722 2.223065432554796
-2.75 -2.5 5 6 -1897.348722832135 1.953105501299316
-2.75 -2.5 6 7 -1339.920224764681 1.717096334899615
-2.75 -2.5 7 8 -954.4677155439363 1.517732542737382
-2.75 -2.5 8 9 -683.4233148843782 1.350647097761616
-2.75 -2.5 9 10 -489.5243705664666 1.208709136007625
-2.75 -2.5 10 11 -348.5481875520059 1.088508643250368
-2.75 -2.5 11 12 -244.7062550453868 0.985273932409066
-2.75 -2.5 12 13 -167.3332382138508 0.8960326484810089
-2.75 -2.5 13 14 -109.156139949861 0.8183175867669741
-2.75 -2.5 14 15 -65.10778140424827 0.7501791874243066
-2.75 -2.5 15 16 -31.59494117552276 0.6900654549646228
-2.75 -2.5 16 17 -6.028238065530104 0.6367302950825514
-2.75 -2.5 17 18 13.48567182112561 0.5891644101990786
-2.75 -2.5 18 19 28.34943666242839 0.5465432520818375
-2.75 -2.5 19 20 39.61446224286271 0.5081876487076403
-2.75 -2.5 20 21 48.07721318752465 0.4735338144223996
-2.75 -2.5 21 22 54.34675219530607 0.4421103235226977
-2.75 -2.5 22 23 58.89278871664305 0.4135202817747482
-2.75 -2.5 23 24 62.08031364349711 0.3874274069587547
-2.75 -2.5 24 25 64.19486847999997 0.3635450709467948
-2.75 -2.5 25 26 65.46118755962016 0.3416276047186518
-2.75 -2.5 26 27 66.05709282013584 0.3214633469937249
-2.75 -2.5 27 28 66.12394829395475 0.3028690459259043
-2.75 -2.5 28 29 65.77459499231486 0.2856853197821215
-2.75 -2.5 29 30 65.09942205823768 0.2697729519772269
-2.75 -2.5 30 31 64.17104672117551 0.2550098486666284
-2.75 -2.5 31 32 63.04794682514 0.2412885258711593
-2.75 -2.5 32 33 61.77729845579029 0.2285140218079607
-2.75 -2.5 33 34 60.39720582584215 0.2166021540554043
-2.75 -2.5 34 35 58.93846327489268 0.2054780574650735
-2.75 -2.5 35 36 57.42595471238934 0.1950749508131788
-2.75 -2.5 36 37 55.87977039430456 0.1853330929449738
-2.75 -2.5 37 38 54.31610209433325 0.1761988949303658
-2.75 -2.5 38 39 52.74796358467847 0.1676241616315481
-2.75 -2.5 39 40 51.1857726994125 0.1595654420974075
-2.75 -2.5 40 41 49.63782330613572 0.1519834704792656
-2.75 -2.5 41 42 48.1106691498326 0.1448426834964159
-2.75 -2.5 42 43 46.60943704481539 0.1381108020654524
-2.75 -2.5 43 44 45.13808308544225 0.1317584684964066
-2.75 -2.5 44 45 43.69960276456064 0.125758929693434
-2.75 -2.5 45 46 42.29521323825753 0.1203077729359064
-2.75 -2.5 46 47 40.92833978364393 0.1162121110777062
-2.75 -2.5 47 48 39.59901901738684 0.1135854093380076
-2.75 -2.5 48 49 38.30785753486768 0.1123723241672696
-2.75 -2.5 49 50 37.05492271880021 0.1117709303816455
-2.5 -2.25 0 1 3353.865917802352 1.820908500831394
-2.5 -2.25 1 2 -3726.524870115218 0.9574124842555051
-2.5 -2.25 2 3 -5392.945335322156 1.68899644429032
-2.5 -2.25 3 4 -4011.305606577188 1.556445843233401
-2.5 -2.25 4 5 -2833.731475876144 1.409970106869984
-2.5 -2.25 5 6 -2002.341249490592 1.273005221188519
-2.5 -2.25 6 7 -1428.104047152982 1.142735154212726
-2.5 -2.25 7 8 -1028.038078668707 1.026876494777605
-2.5 -2.25 8 9 -744.8519838137204 0.9261488215859613
-2.5 -2.25 9 10 -541.0077278177409 0.8380140959909067
-2.5 -2.25 10 11 -391.8920206220084 0.7619943568559943
-2.5 -2.25 11 12 -281.380623890683 0.6953542615596215
-2.5 -2.25 12 13 -198.5147953461856 0.6368440753971452
-2.5 -2.25 13 14 -135.7892821067021 0.5852068851934601
-2.5 -2.25 14 15 -87.95328186091956 0.5394052358368564
-2.5 -2.25 15 16 -51.26885365627186 0.4985843537027591
-2.5 -2.25 16 17 -23.03233848688114 0.4620383713547622
-2.5 -2.25 17 18 -1.259755582813796 0.4291818989110363
-2.5 -2.25 18 19 15.52383024931669 0.39952693238704
-2.5 -2.25 19 20 28.42782524658014 0.3726643771695977
-2.5 -2.25 20 21 38.29551702760637 0.3482493411604951
-2.5 -2.25 21 22 45.77399573203411 0.3259894312727442
-2.5 -2.25 22 23 51.36403452180321 0.3056354175660496
-2.5 -2.25 23 24 55.45614038959604 0.2869737558633209
-2.5 -2.25 24 25 58.35692456337154 0.2698205707252322
-2.5 -2.25 25 26 60.30860637409842 0.2540167875189518
-2.5 -2.25 26 27 61.50358640905949 0.2394241732704954
-2.5 -2.25 27 28 62.09543834458577 0.2259220986184133
-2.5 -2.25 28 29 62.20727197198266 0.2134048756660809
-2.5 -2.25 29 30 61.93814741563205 0.2017795575393753
-2.5 -2.25 30 31 61.36803147155143 0.1909641092107111
-2.5 -2.25 31 32 60.56165394760552 0.1808858825450796
-2.5 -2.25 32 33 59.57152741931486 0.1714803343906529
-2.5 -2.25 33 34 58.44032601657329 0.1626899482260682
-2.5 -2.25 34 35 57.20276969790973 0.1544633208426852
-2.5 -2.25 35 36 55.88712452945839 0.1467543859176145
-2.5 -2.25 36 37 54.5164029491757 0.1395217521969483
-2.5 -2.25 37 38 53.10932833096979 0.1327281358604344
-2.5 -2.25 38 39 51.68111335218174 0.126339873234701
-2.5 -2.25 39 40 50.24409051410419 0.1203265003550076
-2.5 -2.25 40 41 48.8082248194886 0.1146603888377996
-2.5 -2.25 41 42 47.38153191078675 0.1093164301259637
-2.5 -2.25 42 43 45.97042025564335 0.104271760157898
-2.5 -2.25 43 44 44.5799719334766 0.09950551960428614
-2.5 -2.25 44 45 43.21417365069274 0.09499864276987544
-2.5 -2.25 45 46 41.87507918907431 0.0910483164791554
-2.5 -2.25 46 47 40.56695907046895 0.08881729018924622
-2.5 -2.25 47 48 39.29049562830062 0.08844173734202525
-2.5 -2.25 48 49 38.0469011983291 0.08977838259729667
-2.5 -2.25 49 50 36.83678125277802 0.09265554385475031
-2.25 -2 0 1 3853.316626561746 1.040316441441837
-2.25 -2 1 2 -3337.498262931349 0.8708411512685683
-2.25 -2 2 3 -5453.58324206235 1.658683286694931
-2.25 -2 3 4 -4125.422131676764 1.533590789144603
-2.25 -2 4 5 -2941.098415344462 1.352000348433341
-2.25 -2 5 6 -2092.826998938642 1.191542305436336
-2.25 -2 6 7 -1502.234740698377 1.057095906621763
-2.25 -2 7 8 -1088.425046656529 0.944034354991023
-2.25 -2 8 9 -794.1406941804694 0.8496112978988252
-2.25 -2 9 10 -581.4177732171165 0.7671740037947014
-2.25 -2 10 11 -425.1930117940615 0.6973308268142347
-2.25 -2 11 12 -308.9636618630491 0.636292828840836
-2.25 -2 12 13 -221.4685309899935 0.58284102722926
-2.25 -2 13 14 -154.9700027119206 0.5357223504880694
-2.25 -2 14 15 -104.0389292934249 0.4939389912815856
-2.25 -2 15 16 -64.80012422557024 0.4566875928682086
-2.25 -2 16 17 -34.44367036761651 0.4233147703616799
-2.25 -2 17 18 -10.90270528715519 0.3932841634558649
-2.25 -2 18 19 7.362863517411597 0.3661517137437962
-2.25 -2 19 20 21.51406493610898 0.3415468906760814
-2.25 -2 20 21 32.43539174359194 0.319158270467327
-2.25 -2 21 22 40.8070558161736 0.2987223506209175
-2.25 -2 22 23 47.15662981326295 0.2800147847071163
-2.25 -2 23 24 51.89643773534419 0.2628434565632481
-2.25 -2 24 25 55.35095287388697 0.2470429620486777
-2.25 -2 25 26 57.77709607659551 0.2324701778833255
-2.25 -2 26 27 59.37942776395482 0.2190006769024673
-2.25 -2 27 28 60.32162538165107 0.206525809263506
-2.25 -2 28 29 60.73523009566941 0.1949503099393779
-2.25 -2 29 30 60.7263660841503 0.1841903254716489
-2.25 -2 30 31 60.38094090810557 0.1741717772053419
-2.25 -2 31 32 59.76869816377308 0.1648289969908976
-2.25 -2 32 33 58.9463959904507 0.1561035824067129
-2.25 -2 33 34 57.9603148764179 0.147943433472467
-2.25 -2 34 35 56.84824727423489 0.1403019371650571
-2.25 -2 35 36 55.64108426937423 0.1331372741207607
-2.25 -2 36 37 54.36408698249517 0.1264118273649816
-2.25 -2 37 38 53.03790994279768 0.1200916752888371
-2.25 -2 38 39 51.6794282585094 0.1141461560081114
-2.25 -2 39 40 50.30240877033134 0.1085474913355912
-2.25 -2 40 41 48.91805668428606 0.1032704609398399
-2.25 -2 41 42 47.53546216527224 0.0982921193023467
-2.25 -2 42 43 46.16196645264225 0.09359154986054058
-2.25 -2 43 44 44.80346282096298 0.08914964882580048
-2.25 -2 44 45 43.46464465772726 0.08494893669808522
-2.25 -2 45 46 42.14814445497257 0.08162713880063631
-2.25 -2 46 47 40.85884415635954 0.08156639998227987
-2.25 -2 47 48 39.59785945204226 0.08482972576591631
-2.25 -2 48 49 38.36681557369906 0.09079944156338927
-2.25 -2 49 50 37.16667960592719 0.09711492671110909
-2 -1.75 0 1 4323.342123185735 1.056181613589723
-2 -1.75 1 2 -2948.306813993048 2.562468186173557
-2 -1.75 2 3 -5475.411590732036 2.797495390492251
-2 -1.75 3 4 -4208.867404572067 2.332492376537862
-2 -1.75 4 5 -3030.277791634789 1.93511752172575
-2 -1.75 5 6 -2174.738350586525 1.631245687496125
-2 -1.75 6 7 -1574.183510765958 1.397825029766856
-2 -1.75 7 8 -1150.639957536739 1.21466297410524
-2 -1.75 8 9 -847.7085259895512 1.068145239675966
-2 -1.75 9 10 -627.4797588790875 0.9472359017359955
-2 -1.75 10 11 -464.9282164606379 0.8478371831179113
-2 -1.75 11 12 -343.3373791074066 0.763620615111827
-2 -1.75 12 13 -251.3113742012504 0.6917225866809783
-2 -1.75 13 14 -180.9760869161762 0.6296990317101968
-2 -1.75 14 15 -126.7856497246567 0.5757104873581362
-2 -1.75 15 16 -84.76760854979943 0.5283464201518121
-2 -1.75 16 17 -52.03192012456589 0.4865070770119159
-2 -1.75 17 18 -26.44600113796173 0.4493222611136313
-2 -1.75 18 19 -6.415875760300878 0.4160943168958749
-2 -1.75 19 20 9.263740962651127 0.3862573279842381
-2 -1.75 20 21 21.51379916283781 0.3593473939037553
-2 -1.75 21 22 31.04465297493414 0.3349806260229208
-2 -1.75 22 23 38.40889494332851 0.312836615390125
-2 -1.75 23 24 44.03970205531687 0.2926458458488959
-2 -1.75 24 25 48.27899890665822 0.2741799926352673
-2 -1.75 25 26 51.39836982466295 0.2572443625582098
-2 -1.75 26 27 53.61474470447399 0.2416719409695966
-2 -1.75 27 28 55.10227509280469 0.2273186623655266
-2 -1.75 28 29 56.00140391169475 0.2140596173925033
-2 -1.75 29 30 56.42584755620794 0.2017859894938129
-2 -1.75 30 31 56.46801094882164 0.190402559928749
-2 -1.75 31 32 56.20321626643499 0.1798256633876262
-2 -1.75 32 33 55.69302643346163 0.1699815000491768
-2 -1.75 33 34 54.98787277024991 0.1608047362237862
-2 -1.75 34 35 54.12914404257361 0.1522373344982573
-2 -1.75 35 36 53.15085592913806 0.1442275734847639
-2 -1.75 36 37 52.0809916118796 0.1367292196342073
-2 -1.75 37 38 50.94258316126593 0.129700826842698
-2 -1.75 38 39 49.75458750529572 0.123105139359316
-2 -1.75 39 40 48.53259875935441 0.1169085823375348
-2 -1.75 40 41 47.28942971629408 0.1110808231632439
-2 -1.75 41 42 46.0355880229643 0.1055943956112613
-2 -1.75 42 43 44.77966748694416 0.1004243733711535
-2 -1.75 43 44 43.52867053897458 0.09554808746218663
-2 -1.75 44 45 42.28827471333054 0.09094488080958034
-2 -1.75 45 46 41.06196335199448 0.08695814910341776
-2 -1.75 46 47 39.85544256667234 0.08494110102839476
-2 -1.75 47 48 38.6704993765963 0.08507634739521022
-2 -1.75 48 49 37.50938023804247 0.09070830996479833
-2 -1.75 49 50 36.37360487563171 0.0975166964497956
-1.75 -1.5 0 1 4747.946547842543 0.9335083735779859
-1.75 -1.5 1 2 -2579.899369942743 0.8016153632915605
-1.75 -1.5 2 3 -5474.188735513904 1.727377874581054
-1.75 -1.5 3 4 -4252.960817413981 1.667717917501683
-1.75 -1.5 4 5 -3074.54000133233 1.488374364539208
-1.75 -1.5 5 6 -2211.999440255632 1.308271983988322
-1.75 -1.5 6 7 -1604.324781961221 1.15049655403726
-1.75 -1.5 7 8 -1174.827413024155 1.016887515520561
-1.75 -1.5 8 9 -867.122161855586 0.9048771420023565
-1.75 -1.5 9 10 -643.187637131773 0.8092753981867887
-1.75 -1.5 10 11 -477.6461913077014 0.7288919002288299
-1.75 -1.5 11 12 -353.6949485079917 0.6597008634496976
-1.75 -1.5 12 13 -259.7799082314386 0.5999052335540621
-1.75 -1.5 13 14 -187.9237916460061 0.5478334230020299
-1.75 -1.5 14 15 -132.5023596958574 0.5021676691945556
-1.75 -1.5 15 16 -89.48322973759809 0.4618621836742141
-1.75 -1.5 16 17 -55.93013929968583 0.4260799332673017
-1.75 -1.5 17 18 -29.67453960502598 0.3941448723529469
-1.75 -1.5 18 19 -9.094226904126344 0.3655060399401849
-1.75 -1.5 19 20 7.038415982002107 0.3397105125678329
-1.75 -1.5 20 21 19.66213574107564 0.3163828983572848
-1.75 -1.5 21 22 29.50156176347309 0.2952096733915053
-1.75 -1.5 22 23 37.12080493458393 0.2759271056365671
-1.75 -1.5 23 24 42.96238542949925 0.2583118669237226
-1.75 -1.5 24 25 47.37584283429021 0.2421736694394357
-1.75 -1.5 25 26 50.63899465035172 0.2273494408696113
-1.75 -1.5 26 27 52.97389271799432 0.2136986801068657
-1.75 -1.5 27 28 54.55891222727257 0.2010997250947661
-1.75 -1.5 28 29 55.53799011221804 0.1894467330477019
-1.75 -1.5 29 30 56.02774157112708 0.1786472185429616
-1.75 -1.5 30 31 56.1229828457881 0.1686200354252521
-1.75 -1.5 31 32 55.90104671624562 0.1592937105171855
-1.75 -1.5 32 33 55.4251762037124 0.1506050611824013
-1.75 -1.5 33 34 54.74720927771574 0.1424980420993503
-1.75 -1.5 34 35 53.90971445685602 0.1349227770573461
-1.75 -1.5 35 36 52.94769839829371 0.1278347438703746
-1.75 -1.5 36 37 51.88997780696354 0.1211940842211015
-1.75 -1.5 37 38 50.76028664164357 0.1149650156165958
-1.75 -1.5 38 39 49.57817342624435 0.1091153312998998
-1.75 -1.5 39 40 48.35973127655637 0.1036159703772471
-1.75 -1.5 40 41 47.11819409969729 0.09844064726393224
-1.75 -1.5 41 42 45.86442502696048 0.09356553409322069
-1.75 -1.5 42 43 44.6073179614848 0.08896898312534253
-1.75 -1.5 43 44 43.35412860916983 0.08463128706380021
-1.75 -1.5 44 45 42.1107481516207 0.08053446982379897
-1.75 -1.5 45 46 40.88080621326475 0.07736418470961533
-1.75 -1.5 46 47 39.67022644850235 0.07768313473847464
-1.75 -1.5 47 48 38.48088918230926 0.08157172915896799
-1.75 -1.5 48 49 37.31514771490205 0.08838071898896502
-1.75 -1.5 49 50 36.17461893083393 0.09557098011682445
-1.5 -1.25 0 1 5146.341424269895 3.236449009224594
-1.5 -1.25 1 2 -2217.387106514586 3.996386346029411
-1.5 -1.25 2 3 -5460.96542814171 1.689364869276924
-1.5 -1.25 3 4 -4295.256943862477 1.614036475683703
-1.5 -1.25 4 5 -3125.302574241719 1.437621378375149
-1.5 -1.25 5 6 -2260.25424040993 1.2680134879515
-1.5 -1.25 6 7 -1647.460597046442 1.121287701492696
-1.5 -1.25 7 8 -1212.586470572997 0.9972583316732135
-1.5 -1.25 8 9 -899.9459160496563 0.8915358646253881
-1.5 -1.25 9 10 -671.6884592391521 0.8031428542596274
-1.5 -1.25 10 11 -502.4285634780949 0.7262749871131647
-1.5 -1.25 11 12 -375.3056083245133 0.6602291346679815
-1.5 -1.25 12 13 -278.689358119414 0.6027715906764048
-1.5 -1.25 13 14 -204.5307332610853 0.5524311902103662
-1.5 -1.25 14 15 -147.1421139971383 0.5080396866242053
-1.5 -1.25 15 16 -102.4371577199747 0.468662342311169
-1.5 -1.25 16 17 -67.43443344897105 0.4335448077943986
-1.5 -1.25 17 18 -39.92786753055293 0.4020729502275907
-1.5 -1.25 18 19 -18.26416205979558 0.3737424960310992
-1.5 -1.25 19 20 -1.189930037758813 0.3481359914252422
-1.5 -1.25 20 21 12.25496938970264 0.3249051901864037
-1.5 -1.25 21 22 22.81297354777064 0.3037574883713244
-1.5 -1.25 22 23 31.0630621237774 0.2844453784136691
-1.5 -1.25 23 24 37.46021157829523 0.2667581879153241
-1.5 -1.25 24 25 42.36443266849483 0.25051555023755
-1.5 -1.25 25 26 46.06237576690967 0.2379342837871449
-1.5 -1.25 26 27 48.78356911092817 0.2262312394819009
-1.5 -1.25 27 28 50.71273735490684 0.2153070585280598
-1.5 -1.25 28 29 51.99922746357709 0.2050948229473784
-1.5 -1.25 29 30 52.76427887129296 0.1955345991924066
-1.5 -1.25 30 31 53.10667257942953 0.1865726083169903
-1.5 -1.25 31 32 53.10715085016614 0.1781605003847186
-1.5 -1.25 32 33 52.83189715853888 0.1702547205698662
-1.5 -1.25 33 34 52.33529252688078 0.1628159566549513
-1.5 -1.25 34 35 51.66211080000471 0.1558086566210651
-1.5 -1.25 35 36 50.84927611395767 0.1492006068787848
-1.5 -1.25 36 37 49.92727662431008 0.1429625637910196
-1.5 -1.25 37 38 48.92130687605402 0.137067931034409
-1.5 -1.25 38 39 47.85219477522952 0.1314924760843003
-1.5 -1.25 39 40 46.73715669698748 0.1262140815279992
-1.5 -1.25 40 41 45.59041496087923 0.1212125260908624
-1.5 -1.25 41 42 44.42370435204145 0.1164692912750262
-1.5 -1.25 42 43 43.24668909295258 0.1119673912317904
-1.5 -1.25 43 44 42.06730705752454 0.1076912209932089
-1.5 -1.25 44 45 40.89205473934811 0.1036264230780879
-1.5 -1.25 45 46 39.72507786384185 0.1000939827922638
-1.5 -1.25 46 47 38.57281572176458 0.09832967461797251
-1.5 -1.25 47 48 37.43755471862724 0.09849755210332477
-1.5 -1.25 48 49 36.32203069245836 0.1004926795124016
-1.5 -1.25 49 50 35.22819384166851 0.1031043812596036
-1.25 -1 0 1 5472.228293321177 1.520550080850105
-1.25 -1 1 2 -1942.323926881363 0.6513374950523811
-1.25 -1 2 3 -5468.148393383 1.904661779953696
-1.25 -1 3 4 -4339.698994611863 1.831620283671425
-1.25 -1 4 5 -3170.652522741405 1.623107783679708
-1.25 -1 5 6 -2299.713956597668 1.424906220233619
-1.25 -1 6 7 -1680.408297357419 1.256002674782511
-1.25 -1 7 8 -1239.783099664627 1.114880976179853
-1.25 -1 8 9 -922.3595141659948 0.9959257324937776
-1.25 -1 9 10 -690.1970703794136 0.8966262163462065
-1.25 -1 10 11 -517.7592852816251 0.8109921202673356
-1.25 -1 11 12 -388.0484843668237 0.7375378134697571
-1.25 -1 12 13 -289.3163089118066 0.6737646055854133
-1.25 -1 13 14 -213.4196947039277 0.6179682087899765
-1.25 -1 14 15 -154.5967715452696 0.5688114341586172
-1.25 -1 15 16 -108.7027268962315 0.5252337847696391
-1.25 -1 16 17 -72.70999212244624 0.4863850456587754
-1.25 -1 17 18 -44.37592251403021 0.451576477717207
-1.25 -1 18 19 -22.01806973562361 0.4202447000020058
-1.25 -1 19 20 -4.359672761538377 0.3919247024469042
-1.25 -1 20 21 9.578262945603001 0.366229464689764
-1.25 -1 21 22 20.55346947327507 0.3428343962501419
-1.25 -1 22 23 29.15740159923098 0.3214653328408217
-1.25 -1 23 24 35.85526293129635 0.3018891833417927
-1.25 -1 24 25 41.01548843771377 0.2839065725908577
-1.25 -1 25 26 44.93169840960832 0.2673460043298784
-1.25 -1 26 27 47.83921161824742 0.2520591895771893
-1.25 -1 27 28 49.92758198384729 0.2379172816396835
-1.25 -1 28 29 51.35019855120174 0.2248078166898429
-1.25 -1 29 30 52.23169536211367 0.212632213100114
-1.25 -1 30 31 52.67371326922455 0.201303712889976
-1.25 -1 31 32 52.75941101637579 0.1907456775519115
-1.25 -1 32 33 52.55701962268233 0.1808901695666217
-1.25 -1 33 34 52.12265960152394 0.1716767638426346
-1.25 -1 34 35 51.50258624434412 0.163051549231664
-1.25 -1 35 36 50.73498831612483 0.1549662831979224
-1.25 -1 36 37 49.85143589783155 0.1473776751679864
-1.25 -1 37 38 48.87805107825614 0.1402467741847036
-1.25 -1 38 39 47.836458514436 0.1335384460232492
-1.25 -1 39 40 46.74456024868579 0.1272209223883496
-1.25 -1 40 41 45.61716969728263 0.1212654133789784
-1.25 -1 41 42 44.46653204491571 0.1156457708584108
-1.25 -1 42 43 43.30275290767406 0.110338196702522
-1.25 -1 43 44 42.13415241771168 0.1053209891747564
-1.25 -1 44 45 40.9675585512303 0.1005743197817888
-1.25 -1 45 46 39.80738194739774 0.09645515935865767
-1.25 -1 46 47 38.66035911982343 0.09436574928035653
-1.25 -1 47 48 37.52897099904206 0.09450878899133053
-1.25 -1 48 49 36.41614275648672 0.09747563083879547
-1.25 -1 49 50 35.32399354604212 0.1051694521974926
-1 -0.75 0 1 5749.135159737659 1.921658406108064
-1 -0.75 1 2 -1689.001828948332 1.734161938000697
-1 -0.75 2 3 -5448.029858994565 1.587048064936485
-1 -0.75 3 4 -4352.989103862308 1.527064994633902
-1 -0.75 4 5 -3188.30476271015 1.364013958945425
-1 -0.75 5 6 -2316.03005429402 1.209337416462675
-1 -0.75 6 7 -1694.387205814417 1.076657562490808
-1 -0.75 7 8 -1251.507169486192 0.9643074730118123
-1 -0.75 8 9 -932.1441023836492 0.8689587348741931
-1 -0.75 9 10 -698.3669974804375 0.7879485613074012
-1 -0.75 10 11 -524.5987434614317 0.7171498972167986
-1 -0.75 11 12 -393.7952417681172 0.655833109441043
-1 -0.75 12 13 -294.1642334178143 0.6020593274943914
-1 -0.75 13 14 -217.5264711818736 0.5545850976281383
-1 -0.75 14 15 -158.0906728291704 0.5124200863843968
-1 -0.75 15 16 -111.6883446941824 0.4747672940200074
-1 -0.75 16 17 -75.27288593594835 0.4409788470426868
-1 -0.75 17 18 -46.58632992559546 0.4105231285249602
-1 -0.75 18 19 -23.93385268296061 0.3829601042912379
-1 -0.75 19 20 -6.028657742756877 0.3579226070252767
-1 -0.75 20 21 8.1164207792458 0.3351019844599918
-1 -0.75 21 22 19.26579546646872 0.3142369889110885
-1 -0.75 22 23 28.01640386684733 0.295105083619973
-1 -0.75 23 24 34.83796569316155 0.2775155853880162
-1 -0.75 24 25 40.10264834449504 0.2613042066524727
-1 -0.75 25 26 44.10716651114797 0.2463286767424933
-1 -0.75 26 27 47.08941182850242 0.2324652029776015
-1 -0.75 27 28 49.2410831816461 0.2196055905852036
-1 -0.75 28 29 50.71736228561485 0.2076548825176487
-1 -0.75 29 30 51.64438486971005 0.1965294133239841
-1 -0.75 30 31 52.1250524072808 0.1861551956276188
-1 -0.75 31 32 52.24358399195762 0.1764665742466802
-1 -0.75 32 33 52.06910417391714 0.1674050972314993
-1 -0.75 33 34 51.65848770354643 0.1589185656890984
-1 -0.75 34 35 51.0586275269157 0.1509602284395734
-1 -0.75 35 36 50.3082522773509 0.1434880981326768
-1 -0.75 36 37 49.43938971366646 0.1364643665547841
-1 -0.75 37 38 48.47855038602785 0.1298549041392863
-1 -0.75 38 39 47.44768901375545 0.1236288284181657
-1 -0.75 39 40 46.36498834156583 0.1177581325239431
-1 -0.75 40 41 45.24550070241651 0.1122173619825445
-1 -0.75 41 42 44.1016747627782 0.1069833352685028
-1 -0.75 42 43 42.94378953161311 0.1020348982434752
-1 -0.75 43 44 41.78031294492683 0.09735271132141067
-1 -0.75 44 45 40.61819899429048 0.09291906175250184
-1 -0.75 45 46 39.46194565868404 0.08948121691093942
-1 -0.75 46 47 38.3184189911762 0.08983098566315037
-1 -0.75 47 48 37.19015758435899 0.09406285287032828
-1 -0.75 48 49 36.08015287481064 0.1014739334257986
-1 -0.75 49 50 34.99057615729302 0.1093033489633605
-0.75 -0.5 0 1 5963.333866639857 2.681300428918035
-0.75 -0.5 1 2 -1497.528542049449 2.072329121894389
-0.75 -0.5 2 3 -5437.844101858115 1.593362894512219
-0.75 -0.5 3 4 -4369.544062635711 1.539881619729164
-0.75 -0.5 4 5 -3208.586250221086 1.376552381227427
-0.75 -0.5 5 6 -2335.16931980959 1.219727520387433
-0.75 -0.5 6 7 -1711.368942665583 1.084593126387
-0.75 -0.5 7 8 -1266.295174145753 0.9700794720814058
-0.75 -0.5 8 9 -944.9578045040457 0.873004017793649
-0.75 -0.5 9 10 -709.4734689276693 0.7907027675415579
-0.75 -0.5 10 11 -534.2472018239423 0.7189262450283123
-0.75 -0.5 11 12 -402.2072671623228 0.6568941164022553
-0.75 -0.5 12 13 -301.5274049958693 0.6025969183076898
-0.75 -0.5 13 14 -223.9983849029907 0.5558848769677562
-0.75 -0.5 14 15 -163.8031529180012 0.5165926593525245
-0.75 -0.5 15 16 -116.7516022534753 0.4811065563752157
-0.75 -0.5 16 17 -79.77920049839872 0.4489634900517994
-0.75 -0.5 17 18 -50.61316303688909 0.4197623947480549
-0.75 -0.5 18 19 -27.54642624531766 0.3931572235908189
-0.75 -0.5 19 20 -9.282068904049765 0.3688496018312987
-0.75 -0.5 20 21 5.17547101710079 0.3465819730726455
-0.75 -0.5 21 22 16.59758976450962 0.3261315362217801
-0.75 -0.5 22 23 25.58705262752505 0.3073050236698008
-0.75 -0.5 23 24 32.61845871436969 0.2899342682936757
-0.75 -0.5 24 25 38.06807441499814 0.2738724676324533
-0.75 -0.5 25 26 42.23606909741704 0.2589910452495925
-0.75 -0.5 26 27 45.36325533263584 0.2451770168579083
-0.75 -0.5 27 28 47.6438093117747 0.2323307777224171
-0.75 -0.5 28 29 49.23502011322853 0.2203642411414873
-0.75 -0.5 29 30 50.26482134355695 0.2091992682631684
-0.75 -0.5 30 31 50.83765264287604 0.1987663401529762
-0.75 -0.5 31 32 51.03905267518064 0.1890034312381444
-0.75 -0.5 32 33 50.93928103748692 0.1798550508341972
-0.75 -0.5 33 34 50.59619132608555 0.1712714242790926
-0.75 -0.5 34 35 50.05752274921082 0.1632077922593256
-0.75 -0.5 35 36 49.36273736749803 0.1556238084001618
-0.75 -0.5 36 37 48.54450009281612 0.1484830202754818
-0.75 -0.5 37 38 47.62987627957335 0.1417524204306737
-0.75 -0.5 38 39 46.6413048431038 0.1354020572281942
-0.75 -0.5 39 40 45.5973920385311 0.1294046969565499
-0.75 -0.5 40 41 44.51356143177657 0.1237355279178521
-0.75 -0.5 41 42 43.40258778557103 0.118371903490402
-0.75 -0.5 42 43 42.27503714833614 0.1132931148787688
-0.75 -0.5 43 44 41.13963062704772 0.1084801931813983
-0.75 -0.5 44 45 40.00354595128164 0.1039157335570785
-0.75 -0.5 45 46 38.87146539761693 0.09997969415046139
-0.75 -0.5 46 47 37.75045471788491 0.09814728017537358
-0.75 -0.5 47 48 36.64319518950651 0.09861590106244615
-0.75 -0.5 48 49 35.55281766237542 0.1017358923795062
-0.75 -0.5 49 50 34.48161680360676 0.1097693223905129
-0.5 -0.25 0 1 6104.581874394934 2.600326762814827
-0.5 -0.25 1 2 -1377.007942551723 1.436187869356485
-0.5 -0.25 2 3 -5435.900679372768 1.571975320083993
-0.5 -0.25 3 4 -4383.691137234122 1.535671767525372
-0.5 -0.25 4 5 -3224.046657489302 1.400261029068507
-0.5 -0.25 5 6 -2349.065587786448 1.288052547573888
-0.5 -0.25 6 7 -1723.272147168922 1.170255909285864
-0.5 -0.25 7 8 -1276.349749864993 1.061101915124143
-0.5 -0.25 8 9 -953.4260028032691 0.9638176809577508
-0.5 -0.25 9 10 -716.613935739857 0.8786589783652002
-0.5 -0.25 10 11 -540.2827209783068 0.8029172521465335
-0.5 -0.25 11 12 -407.3260240781046 0.7364630614470368
-0.5 -0.25 12 13 -305.8835539658235 0.677684948046533
-0.5 -0.25 13 14 -227.718154060643 0.6254805698390072
-0.5 -0.25 14 15 -166.9899470936421 0.5789147869310423
-0.5 -0.25 15 16 -119.4903556914624 0.5372021604770021
-0.5 -0.25 16 17 -82.13993330821995 0.4996846495465292
-0.5 -0.25 17 18 -52.65383556961501 0.4658102832065141
-0.5 -0.25 18 19 -29.3152152832738 0.4351146110653365
-0.5 -0.25 19 20 -10.81918148062346 0.4072052145012105
-0.5 -0.25 20 21 3.836348976159798 0.3817490112427863
-0.5 -0.25 21 22 15.42813206545429 0.3584619338850698
-0.5 -0.25 22 23 24.56335753209828 0.3371005585794564
-0.5 -0.25 23 24 31.7202921425976 0.3174553116510203
-0.5 -0.25 24 25 37.27825464061823 0.2993449426685814
-0.5 -0.25 25 26 41.53996416105667 0.2826120124295386
-0.5 -0.25 26 27 44.74837070367391 0.2671191940062447
-0.5 -0.25 27 28 47.0994481748528 0.2527462272813056
-0.5 -0.25 28 29 48.75200238199147 0.2393873992538445
-0.5 -0.25 29 30 49.83525038684638 0.226949450418808
-0.5 -0.25 30 31 50.45472094202194 0.2153498269617996
-0.5 -0.25 31 32 50.69687938258016 0.2045152141244057
-0.5 -0.25 32 33 50.63277577419035 0.1943803022216684
-0.5 -0.25 33 34 50.32093964398155 0.184886741474815
-0.5 -0.25 34 35 49.80968953752432 0.1759822551757535
-0.5 -0.25 35 36 49.13898517583397 0.1676198830723792
-0.5 -0.25 36 37 48.34191988775342 0.159757333984084
-0.5 -0.25 37 38 47.44592859726936 0.152356429704902
-0.5 -0.25 38 39 46.47376965809207 0.1453826249578741
-0.5 -0.25 39 40 45.44432595986274 0.1388045938139714
-0.5 -0.25 40 41 44.37326107429891 0.1325938691777541
-0.5 -0.25 41 42 43.27355835858316 0.1267245297295507
-0.5 -0.25 42 43 42.15596546175925 0.121172926990855
-0.5 -0.25 43 44 41.02936184877268 0.1159174461770762
-0.5 -0.25 44 45 39.90106355337332 0.1109382958057168
-0.5 -0.25 45 46 38.77586426707546 0.1065947435115859
-0.5 -0.25 46 47 37.66095470878503 0.1042952489586873
-0.5 -0.25 47 48 36.55909946267971 0.104244552858604
-0.5 -0.25 48 49 35.47351096652923 0.1063205515583294
-0.5 -0.25 49 50 34.40655666863103 0.111052623180993
-0.25 0 0 1 6176.003370127446 2.726029714203413
-0.25 0 1 2 -1315.105322155784 1.940439891516639
-0.25 0 2 3 -5433.304750603189 1.592289494295339
-0.25 0 3 4 -4388.713591304049 1.546146372723055
-0.25 0 4 5 -3229.485996188704 1.385012598564307
-0.25 0 5 6 -2353.674069432968 1.228825928898831
-0.25 0 6 7 -1726.948008796704 1.093747365794748
-0.25 0 7 8 -1279.220884136751 0.9789996141079674
-0.25 0 8 9 -955.6458850065151 0.8836884159970863
-0.25 0 9 10 -718.3164750412907 0.810128903099363
-0.25 0 10 11 -541.5752131108179 0.7435639616322001
-0.25 0 11 12 -408.2939173564714 0.6845737003661529
-0.25 0 12 13 -306.5938094162584 0.6319416707740843
-0.25 0 13 14 -228.2235209442576 0.5848648589702808
-0.25 0 14 15 -167.3321740842111 0.5426257283733554
-0.25 0 15 16 -119.702661584965 0.5046003872750164
-0.25 0 16 17 -82.24888668289418 0.4702529456934189
-0.25 0 17 18 -52.68078477515428 0.4391252996059464
-0.25 0 18 19 -29.27738193226037 0.4108261753024219
-0.25 0 19 20 -10.7305028462672 0.3850209401506137
-0.25 0 20 21 3.964565647302607 0.3614226765919116
-0.25 0 21 22 15.586697143523 0.3397845871949832
-0.25 0 22 23 24.74479458997871 0.3198936265745621
-0.25 0 23 24 31.91851649377497 0.3015651989228763
-0.25 0 24 25 37.48831617119663 0.2846387566273218
-0.25 0 25 26 41.75784042257237 0.2689741465908781
-0.25 0 26 27 44.9707996094603 0.2544485738516211
-0.25 0 27 28 47.3237921235916 0.2409540716887238
-0.25 0 28 29 48.97613748164292 0.22839538802581
-0.25 0 29 30 50.05747583717471 0.2166882133093223
-0.25 0 30 31 50.67368469183214 0.2057576895725433
-0.25 0 31 32 50.91151697934345 0.1955371517512617
-0.25 0 32 33 50.84225995588292 0.1859670606203003
-0.25 0 33 34 50.52463870171198 0.1769940953065276
-0.25 0 34 35 50.00713286688313 0.1685703790197022
-0.25 0 35 36 49.32983473299925 0.1606528148801209
-0.25 0 36 37 48.52594650994138 0.1532025164966853
-0.25 0 37 38 47.62299233765788 0.146184315428047
-0.25 0 38 39 46.64380344185116 0.1395663362412259
-0.25 0 39 40 45.60732199134492 0.1333196272526629
-0.25 0 40 41 44.52925952867218 0.1274178394645276
-0.25 0 41 42 43.4226379710322 0.1218369460749357
-0.25 0 42 43 42.2982356984308 0.1165549973451651
-0.25 0 43 44 41.16495639204578 0.1115519049518642
-0.25 0 44 45 40.03013488856544 0.1068092532188566
-0.25 0 45 46 38.8985734869608 0.1027048345649938
-0.25 0 46 47 37.77748515294218 0.1007105672842935
-0.25 0 47 48 36.66963607281573 0.1010302186940685
-0.25 0 48 49 35.5782434851468 0.1035185028825228
-0.25 0 49 50 34.50567757704596 0.1111210268269265
0 0.25 0 1 6175.812075695973 2.726035114768033
0 0.25 1 2 -1315.487719245253 1.94045839535574
0 0.25 2 3 -5433.602554319483 1.592248648314324
0 0.25 3 4 -4388.858156067039 1.546057189086223
0 0.25 4 5 -3229.525652462991 1.384926575703133
0 0.25 5 6 -2353.658850728653 1.228769293610895
0 0.25 6 7 -1726.90793470521 1.093721590331749
0 0.25 7 8 -1279.171821976334 0.978997385640492
0 0.25 8 9 -955.5954272623617 0.8837010515339669
0 0.25 9 10 -718.2678382129211 0.8101486760969666
0 0.25 10 11 -541.5295957718167 0.7435877719933267
0 0.25 11 12 -408.2513095457066 0.6845982989724559
0 0.25 12 13 -306.5538743928455 0.6319655606405598
0 0.25 13 14 -228.185835496243 0.5848872810601488
0 0.25 14 15 -167.2963600619164 0.542646356966809
0 0.25 15 16 -119.668429959487 0.5046191400928663
0 0.25 16 17 -82.21603981382509 0.4702698709056443
0 0.25 17 18 -52.64920133771466 0.4391405100599336
0 0.25 18 19 -29.24699700132783 0.410839811566999
0 0.25 19 20 -10.70128901400744 0.3850331497843967
0 0.25 20 21 3.992613798656521 0.3614336036201152
0 0.25 21 22 15.61357469872587 0.3397943668042159
0 0.25 22 23 24.7704944083107 0.3199023825449674
0 0.25 23 24 31.94303440282567 0.301573043224234
0 0.25 24 25 37.51165393422218 0.2846457897188625
0 0.25 25 26 41.78000710054505 0.2689804580311072
0 0.25 26 27 44.99181182632231 0.254454243342189
0 0.25 27 28 47.34367363090462 0.240959169890232
0 0.25 28 29 48.99491831383807 0.2283999775163375
0 0.25 29 30 50.0751912647487 0.2166923495529704
0 0.25 30 31 50.69037411283227 0.2057614216902677
0 0.25 31 32 50.92722284189267 0.1955405233165462
0 0.25 32 33 50.85702676322239 0.1859701100781854
0 0.25 33 34 50.53851213230382 0.1769968568527361
0 0.25 34 35 50.0201590193422 0.1685728827768436
0 0.25 35 36 49.34205949693222 0.1606550878496329
0 0.25 36 37 48.5374150552114 0.1532045824348401
0 0.25 37 38 47.63374871255957 0.1461861954401078
0 0.25 38 39 46.65389026692088 0.1395680491500398
0 0.25 39 40 45.61678023515589 0.1333211897348851
0 0.25 40 41 44.53812835406092 0.127419266429121
0 0.25 41 42 43.43095463903973 0.1218382508729604
0 0.25 42 43 42.30603551885594 0.1165561915918475
0 0.25 43 44 41.17227271326618 0.1115529993392164
0 0.25 44 45 40.03699911557931 0.106810257127557
0 0.25 45 46 38.90501511006147 0.1027057681964049
0 0.25 46 47 37.78353183173527 0.1007114920284881
0 0.25 47 48 36.67531367871476 0.101031193869446
0 0.25 48 49 35.5835761999335 0.103519574295782
0 0.25 49 50 34.51068794783353 0.1111221500003616
0.25 0.5 0 1 6104.036174077262 2.600332873882671
0.25 0.5 1 2 -1378.094115331049 1.436199923037432
0.25 0.5 2 3 -5436.740165084615 1.571882734280843
0.25 0.5 3 4 -4384.096084073826 1.535517004023074
0.25 0.5 4 5 -3224.159425352083 1.400127325840246
0.25 0.5 5 6 -2349.027818122313 1.287975134195936
0.25 0.5 6 7 -1723.166828758438 1.170228199393839
0.25 0.5 7 8 -1276.219967318849 1.061109487787057
0.25 0.5 8 9 -953.2920093165149 0.9638462928065642
0.25 0.5 9 10 -716.4841367166364 0.8786962075817188
0.25 0.5 10 11 -540.1601843779549 0.8029604741945897
0.25 0.5 11 12 -407.2106189412907 0.7365068801281629
0.25 0.5 12 13 -305.7743662469529 0.6777272096201453
0.25 0.5 13 14 -227.6141000515258 0.6255201854348039
0.25 0.5 14 15 -166.8901061732934 0.5789512980068365
0.25 0.5 15 16 -119.3940707414852 0.5372354664580861
0.25 0.5 16 17 -82.04680270420795 0.4997148435088043
0.25 0.5 17 18 -52.56366242787112 0.4658375555582199
0.25 0.5 18 19 -29.2279470427186 0.435139194127081
0.25 0.5 19 20 -10.73485495590671 0.4072273514592355
0.25 0.5 20 21 3.917651483130157 0.3817689397487426
0.25 0.5 21 22 15.50631479023241 0.3584798773484586
0.25 0.5 22 23 24.63833274136289 0.3371167226654543
0.25 0.5 23 24 31.79199317549308 0.3174698831614123
0.25 0.5 24 25 37.34664261483169 0.299358089847735
0.25 0.5 25 26 41.60503020596923 0.2826238859863714
0.25 0.5 26 27 44.81013522166245 0.2671299286717883
0.25 0.5 27 28 47.15795827525801 0.252755943033642
0.25 0.5 28 29 48.80732832321553 0.2393962030409311
0.25 0.5 29 30 49.8874816077373 0.2269574373616701
0.25 0.5 30 31 50.50396207081133 0.2153570816302894
0.25 0.5 31 32 50.74324646548962 0.2045218118527653
0.25 0.5 32 33 50.67639286494057 0.1943863099909252
0.25 0.5 33 34 50.36193581728332 0.1848922190041706
0.25 0.5 34 35 49.84819634911804 0.1759872554310311
0.25 0.5 35 36 49.17513455285223 0.1676244535497111
0.25 0.5 36 37 48.37584242046523 0.1597615168301997
0.25 0.5 37 38 47.47775218958708 0.1523602624193481
0.25 0.5 38 39 46.50361849413429 0.1453861413382484
0.25 0.5 39 40 45.4723197383384 0.138807823931645
0.25 0.5 40 41 44.39951447157802 0.1325968396589667
0.25 0.5 41 42 43.29818067856058 0.1267272648043061
0.25 0.5 42 43 42.17906043922687 0.1211754481549572
0.25 0.5 43 44 41.05102757501669 0.1159197726813127
0.25 0.5 44 45 39.9213924985732 0.1109404450880169
0.25 0.5 45 46 38.79494335401449 0.1065967618054017
0.25 0.5 46 47 37.67886548815756 0.1042972920163831
0.25 0.5 47 48 36.57591827705687 0.1042467765741948
0.25 0.5 48 49 35.48930920925625 0.1063230822682701
0.25 0.5 49 50 34.42140093705095 0.1110554206849181
0.5 0.75 0 1 5962.377816016648 2.681308386733458
0.5 0.75 1 2 -1499.396026696174 2.072357579412993
0.5 0.75 2 3 -5439.225104759364 1.593322080453194
0.5 0.75 3 4 -4370.152064826209 1.539778708067963
0.5 0.75 4 5 -3208.706500649241 1.37644988852669
0.5 0.75 5 6 -2335.056393013713 1.219655710619737
0.5 0.75 6 7 -1711.16183479987 1.084553711446324
0.5 0.75 7 8 -1266.06142013685 0.9700663195175865
0.5 0.75 8 9 -944.725441947433 0.8736708701271592
0.5 0.75 9 10 -709.2564632860449 0.7900243720704898
0.5 0.75 10 11 -534.0449570597393 0.7189441063874795
0.5 0.75 11 12 -402.0191529478097 0.6569145863214176
0.5 0.75 12 13 -301.3509566006605 0.6026181428027131
0.5 0.75 13 14 -223.8312169611459 0.5559057199004004
0.5 0.75 14 15 -163.6433729504383 0.5166124401610614
0.5 0.75 15 16 -116.5978899197023 0.4811250127776051
0.5 0.75 16 17 -79.63074138489242 0.4489805427633375
0.5 0.75 17 18 -50.46953305423494 0.4197780680531376
0.5 0.75 18 19 -27.4074728983494 0.3931715959022883
0.5 0.75 19 20 -9.147809180981312 0.3688627761117261
0.5 0.75 20 21 5.304930067624355 0.3465940594440284
0.5 0.75 21 22 16.72210828921106 0.3261426422099495
0.5 0.75 22 23 25.70649632785944 0.3073152493908902
0.5 0.75 23 24 32.7327223471807 0.2899437045185849
0.5 0.75 24 25 38.17709428155842 0.2738811950250651
0.5 0.75 25 26 42.3398277904073 0.2589991349610509
0.5 0.75 26 27 45.46178133681485 0.2451845313613481
0.5 0.75 27 28 47.73717341494989 0.2323377716352967
0.5 0.75 28 29 49.3233300489195 0.2203707623493124
0.5 0.75 29 30 50.34821565384118 0.2092053587254573
0.5 0.75 30 31 50.91629442073315 0.1987720369709551
0.5 0.75 31 32 51.11312360218665 0.1890087670600882
0.5 0.75 32 33 51.00897595874892 0.1798600547689443
0.5 0.75 33 34 50.66171348204506 0.1712761221798421
0.5 0.75 34 35 50.1190797014267 0.163212207423066
0.5 0.75 35 36 49.42053760620968 0.1556279617624048
0.5 0.75 36 37 48.59875027942485 0.1484869306783597
0.5 0.75 37 38 47.68077906202063 0.1417561049854868
0.5 0.75 38 39 46.68905717318381 0.1354055315792572
0.5 0.75 39 40 45.64218392200013 0.1294079753059663
0.5 0.75 40 41 44.55557504269098 0.1237386233806299
0.5 0.75 41 42 43.44199688263768 0.118374827969913
0.5 0.75 42 43 42.31200673819649 0.1132958793926415
0.5 0.75 43 44 41.17431682584345 0.1084828078490811
0.5 0.75 44 45 40.03609600193994 0.103918207844132
0.5 0.75 45 46 38.90201779160617 0.09998208285360805
0.5 0.75 46 47 37.77913940230854 0.09814980633878136
0.5 0.75 47 48 36.67013387837497 0.09861879552958773
0.5 0.75 48 49 35.57812421949029 0.1017393299868467
0.5 0.75 49 50 34.5053974765419 0.1097731569418139
0.75 1 0 1 5747.688504578893 1.921579255941058
0.75 1 1 2 -1691.796986687757 1.733663385460314
0.75 1 2 3 -5450.042222436342 1.586496075606492
0.75 1 3 4 -4353.819899056389 1.526921243454433
0.75 1 4 5 -3188.412716986708 1.364240545106338
0.75 1 5 6 -2315.804480844416 1.209768230196964
0.75 1 6 7 -1694.034520087164 1.07715505731747
0.75 1 7 8 -1251.125456964713 0.964794281293618
0.75 1 8 9 -931.7734501334448 0.8700457183786865
0.75 1 9 10 -698.0247837293523 0.7876449140502332
0.75 1 10 11 -524.2848036804471 0.7174653270946213
0.75 1 11 12 -393.5071538878656 0.6560940930143434
0.75 1 12 13 -293.8976511859514 0.6022731724975838
0.75 1 13 14 -217.2772615020265 0.5547591793074769
0.75 1 14 15 -157.8554921209118 0.512561164727617
0.75 1 15 16 -111.4647408717278 0.4748812759728173
0.75 1 16 17 -75.05919607953456 0.4410707545636741
0.75 1 17 18 -46.38150957936455 0.4105971572313428
0.75 1 18 19 -23.73730167037411 0.3830197169400777
0.75 1 19 20 -5.840069979588634 0.357970636329081
0.75 1 20 21 8.297175122473391 0.3351407319553041
0.75 1 21 22 19.43875625432725 0.3142683141782101
0.75 1 22 23 28.18158034682824 0.2951304828431928
0.75 1 23 24 34.99537455333291 0.2775362580216567
0.75 1 24 25 40.25233586309696 0.2613211112237557
0.75 1 25 26 44.24921937943066 0.2463425776806949
0.75 1 26 27 47.22396029061542 0.2324767084913387
0.75 1 27 28 49.36829925751954 0.2196151840134837
0.75 1 28 29 50.83745509441894 0.2076629472496928
0.75 1 29 30 51.75759447314329 0.1965362532905073
0.75 1 30 31 52.2316431362367 0.1861610516556634
0.75 1 31 32 52.34383787403294 0.1764716369539072
0.75 1 32 33 52.16331484092075 0.167409517521744
0.75 1 33 34 51.74695497903389 0.1589224631438975
0.75 1 34 35 51.14165278041133 0.1509636977007392
0.75 1 35 36 50.38613455622914 0.1434912144427155
0.75 1 36 37 49.51242261404622 0.1364671894520848
0.75 1 37 38 48.54701959665016 0.1298574810616267
0.75 1 38 39 47.51187045808695 0.1236311972386714
0.75 1 39 40 46.42514683372769 0.117760323476433
0.75 1 40 41 45.30188903801343 0.1122193994683325
0.75 1 41 42 44.15453317089856 0.106985238679118
0.75 1 42 43 42.99334541988264 0.1020366835489732
0.75 1 43 44 41.82678087943054 0.09735439157561888
0.75 1 44 45 40.66178086174546 0.09292064732429803
0.75 1 45 46 39.50283091713283 0.08948277101656077
0.75 1 46 47 38.35678513886069 0.08983276349396352
0.75 1 47 48 37.22617056775519 0.09406509995446874
0.75 1 48 49 36.11396770635307 0.1014768306968698
0.75 1 49 50 35.02233728790455 0.1093068810451484
1 1.25 0 1 5470.241532838049 1.520855847074124
1 1.25 1 2 -1946.154111573464 0.6542810751826725
1 1.25 2 3 -5470.890407638926 1.905118427750684
1 1.25 3 4 -4340.811063397703 1.831257153973579
1 1.25 4 5 -3170.766279118876 1.622391385233106
1 1.25 5 6 -2299.363577740058 1.4241700089832
1 1.25 6 7 -1679.87927697172 1.25537430307367
1 1.25 7 8 -1239.213098849454 1.114134539985534
1 1.25 8 9 -921.8087897406126 0.9963565887389075
1 1.25 9 10 -689.6887547383162 0.8957656768208989
1 1.25 10 11 -517.2962363825418 0.8107769884867531
1 1.25 11 12 -387.627368182827 0.7373784983075751
1 1.25 12 13 -288.9310833778231 0.6736483904500141
1 1.25 13 14 -213.0642878904914 0.6178854265128656
1 1.25 14 15 -154.2660140863889 0.5687546460853067
1 1.25 15 16 -108.3925886801665 0.5251971837065431
1 1.25 16 17 -72.41750582810323 0.4863640471209927
1 1.25 17 18 -44.09899015894825 0.4515674387992243
1 1.25 18 19 -21.75524829038864 0.4202447200453531
1 1.25 19 20 -4.109981522049338 0.3919314745929457
1 1.25 20 21 9.815498226001637 0.3662411612242964
1 1.25 21 22 20.77873425607231 0.3428495769256866
1 1.25 22 23 29.37107653480018 0.3214828711241959
1 1.25 23 24 36.05768058507738 0.3019082051267281
1 1.25 24 25 41.20696923885464 0.2839264069959676
1 1.25 25 26 45.11257147222102 0.2673661422798926
1 1.25 26 27 48.00982501479291 0.2520792512006194
1 1.25 27 28 50.08830599618045 0.2379369884377809
1 1.25 28 29 51.50142451039483 0.2248269700508121
1 1.25 29 30 52.37383194638971 0.2126506765653708
1 1.25 30 31 52.8071815496761 0.2013213978004298
1 1.25 31 32 52.88463911157237 0.19076253210556
1 1.25 32 33 52.67443750511234 0.1809061693538524
1 1.25 33 34 52.23269437456003 0.1716919053914902
1 1.25 34 35 51.60565805539215 0.1630658438497236
1 1.25 35 36 50.83150696753523 0.1549797531384328
1 1.25 36 37 49.94179814989593 0.1473903499860245
1 1.25 37 38 48.96263860059571 0.1402586883632198
1 1.25 38 39 47.91563641878457 0.1335496368771398
1 1.25 39 40 46.81867612643441 0.1272314286897537
1 1.25 40 41 45.68655308519038 0.1212752742644513
1 1.25 41 42 44.53149424420371 0.1156550248612737
1 1.25 42 43 43.36358708670576 0.1103468815832029
1 1.25 43 44 42.19113394111417 0.1053291410602825
1 1.25 44 45 41.020945479359 0.1005819732981288
1 1.25 45 46 39.85741550918698 0.09646244117123083
1 1.25 46 47 38.70726477601482 0.0943731209139658
1 1.25 47 48 37.57295884907583 0.09451670657332446
1 1.25 48 49 36.45740854802577 0.09748438041615959
1 1.25 49 50 35.36271926340547 0.1051786564378913
1.25 1.5 0 1 5143.937386749697 3.236564990411629
1.25 1.5 1 2 -2221.933973507696 3.996937342970319
1.25 1.5 2 3 -5464.076472133676 1.690850421675278
1.25 1.5 3 4 -4296.39665332173 1.614697193628279
1.25 1.5 4 5 -3125.313470011406 1.437401097173528
1.25 1.5 5 6 -2259.779933069187 1.26723814600744
1.25 1.5 6 7 -1646.81984703039 1.120282495788844
1.25 1.5 7 8 -1211.923202532503 0.9959178034343573
1.25 1.5 8 9 -899.3180320088318 0.8915970739543814
1.25 1.5 9 10 -671.1150272762429 0.801622139727003
1.25 1.5 10 11 -501.9095245483527 0.7255863119597499
1.25 1.5 11 12 -374.8346002289513 0.6596632813064494
1.25 1.5 12 13 -278.2584059442754 0.6023134425579991
1.25 1.5 13 14 -204.1324838239184 0.5520643388389738
1.25 1.5 14 15 -146.7705974874746 0.5077486745298849
1.25 1.5 15 16 -102.0878794618297 0.4684335257584156
1.25 1.5 16 17 -67.1041854422117 0.4333665549158857
1.25 1.5 17 18 -39.61445268899706 0.401935541722198
1.25 1.5 18 19 -17.96612152653688 0.3736379114258794
1.25 1.5 19 20 -0.9063106822306963 0.3480576659307994
1.25 1.5 20 21 12.52479705171527 0.3248477814563732
1.25 1.5 21 22 23.06944939528751 0.3037166670735609
1.25 1.5 22 23 31.30652987396638 0.284417648699311
1.25 1.5 23 24 37.69098029441898 0.2667407347724431
1.25 1.5 24 25 42.58281441216809 0.2505061132526968
1.25 1.5 25 26 46.2687062029953 0.2379310845941822
1.25 1.5 26 27 48.97821644501209 0.2262327370967478
1.25 1.5 27 28 50.89610367536147 0.21531204285462
1.25 1.5 28 29 52.17174545747923 0.2051023469139487
1.25 1.5 29 30 52.92640600959692 0.1955439244099053
1.25 1.5 30 31 53.2588841931406 0.1865831615077909
1.25 1.5 31 32 53.24993303035126 0.1781718384253054
1.25 1.5 32 33 52.96574005179127 0.1702665037035656
1.25 1.5 33 34 52.46068434804801 0.1628279261010125
1.25 1.5 34 35 51.77953271536353 0.1558206172181626
1.25 1.5 35 36 50.95919803453057 0.1492124137004354
1.25 1.5 36 37 50.03015387842737 0.1429741109373589
1.25 1.5 37 38 49.01757769153102 0.1370791432534627
1.25 1.5 38 39 47.94227847651234 0.1315033015319084
1.25 1.5 39 40 46.82145252144898 0.1262244867533275
1.25 1.5 40 41 45.66930139145319 0.1212224916337213
1.25 1.5 41 42 44.49753887671011 0.1164788085044026
1.25 1.5 42 43 43.31580830535273 0.1119764591420693
1.25 1.5 43 44 42.13202702539786 0.1076998448731036
1.25 1.5 44 45 40.95267157753102 0.1036346124471346
1.25 1.5 45 46 39.78186833057003 0.1001018560683456
1.25 1.5 46 47 38.6260382922446 0.09833773308595999
1.25 1.5 47 48 37.48745022174705 0.09850630388899542
1.25 1.5 48 49 36.36882342160399 0.1005025263903496
1.25 1.5 49 50 35.27209224437945 0.1031153231676949
1.5 1.75 0 1 4744.984672915962 0.9344473489792728
1.5 1.75 1 2 -2585.438059999675 0.8079596984439338
1.5 1.75 2 3 -5477.858253622742 1.730592469276106
1.5 1.75 3 4 -4254.171305431678 1.668923581941746
1.5 1.75 4 5 -3074.390890252195 1.487732615951846
1.5 1.75 5 6 -2211.297537323651 1.306649243859788
1.5 1.75 6 7 -1603.455966476819 1.148571524738757
1.5 1.75 7 8 -1173.959832115048 1.015023997922752
1.5 1.75 8 9 -866.3185509252585 0.9032057262789593
1.5 1.75 9 10 -642.4636554678955 0.8078868275026254
1.5 1.75 10 11 -477.0017341534076 0.727734599131413
1.5 1.75 11 12 -353.1182534389575 0.6587605581235856
1.5 1.75 12 13 -259.2594188684575 0.59914901762814
1.5 1.75 13 14 -187.4491429902491 0.5472297201367722
1.5 1.75 14 15 -132.0651369509096 0.5016886021959532
1.5 1.75 15 16 -89.07698778565828 0.4614841260913692
1.5 1.75 16 17 -55.55012645710144 0.4257832961392686
1.5 1.75 17 18 -29.31733945370729 0.3939136162438573
1.5 1.75 18 19 -8.757415441228659 0.3653271297946911
1.5 1.75 19 20 7.356559736044346 0.3395734046913091
1.5 1.75 20 21 19.96285667597317 0.3162790909430499
1.5 1.75 21 22 29.78579747796948 0.2951323265308219
1.5 1.75 22 23 37.38930582963553 0.2758707259338175
1.5 1.75 23 24 43.21579651383161 0.2582720487977828
1.5 1.75 24 25 47.61475678882982 0.242146884256919
1.5 1.75 25 26 50.86398412010431 0.2273328661114848
1.5 1.75 26 27 53.1855281272924 0.2136900605420496
1.5 1.75 27 28 54.75776988516157 0.2010972618243397
1.5 1.75 28 29 55.72465410843256 0.1894489928453283
1.5 1.75 29 30 56.20280195430951 0.1786530619291563
1.5 1.75 30 31 56.2870318076076 0.1686285579003512
1.5 1.75 31 32 56.05467393150468 0.1593041962790416
1.5 1.75 32 33 55.56896406529734 0.1506169452517823
1.5 1.75 33 34 54.88172847118182 0.1425108799806671
1.5 1.75 34 35 54.0355201165072 0.1349362207305027
1.5 1.75 35 36 53.06532695049054 0.1278485222511108
1.5 1.75 36 37 51.99994452409015 0.1212079875482668
1.5 1.75 37 38 50.86308386761038 0.1149788830835559
1.5 1.75 38 39 49.6742694133639 0.1091290408365844
1.5 1.75 39 40 48.44956955186677 0.1036294308461926
1.5 1.75 40 41 47.20219328036683 0.09845379180285987
1.5 1.75 41 42 45.94297900219192 0.0935783150828199
1.5 1.75 42 43 44.68079636672314 0.08898136804207785
1.5 1.75 43 44 43.42287752691004 0.0846432553001827
1.5 1.75 44 45 42.17509098076232 0.0805460098458308
1.5 1.75 45 46 40.94104447612787 0.07737537862234899
1.5 1.75 46 47 39.72664125001074 0.07769437497735178
1.5 1.75 47 48 38.53374190986793 0.0815833979593036
1.5 1.75 48 49 37.36468140046512 0.08839309558809909
1.5 1.75 49 50 36.22105908431905 0.09558403459415475
1.75 2 0 1 4320.086379646147 1.056506345462188
1.75 2 1 2 -2954.37844569841 2.562997803928315
1.75 2 2 3 -5479.421949525018 2.797628242029102
1.75 2 3 4 -4210.198638668884 2.332133244771554
1.75 2 4 5 -3030.131387448265 1.934559720040583
1.75 2 5 6 -2173.979542072652 1.630724174427979
1.75 2 6 7 -1573.227105610654 1.397386068021423
1.75 2 7 8 -1149.67160181539 1.214196784325563
1.75 2 8 9 -846.780814755828 1.067997960217419
1.75 2 9 10 -626.6801981594167 0.9472551143165038
1.75 2 10 11 -464.1931984302005 0.8477407241319688
1.75 2 11 12 -342.6784537979149 0.7635583527323847
1.75 2 12 13 -250.7169989647552 0.6916856650042656
1.75 2 13 14 -180.435413482739 0.6296811881307439
1.75 2 14 15 -126.2895798761547 0.5757071193629073
1.75 2 15 16 -84.3089683382068 0.5283540148630507
1.75 2 16 17 -51.60525736379282 0.4865228782509466
1.75 2 17 18 -26.04725752206923 0.4493440732327875
1.75 2 18 19 -6.042052448194454 0.4161203822175126
1.75 2 19 20 9.614874407105617 0.3862862429963942
1.75 2 20 21 21.84393740927567 0.3593780465458588
1.75 2 21 22 31.35513053408442 0.3350121451220351
1.75 2 22 23 38.70081286717357 0.3128683283454527
1.75 2 23 24 44.31401566027034 0.2926772427713646
1.75 2 24 25 48.53657595356424 0.2742106958585785
1.75 2 25 26 51.64002717893686 0.2572741005319277
1.75 2 26 27 53.8412698698354 0.2417005271277417
1.75 2 27 28 55.3144374993384 0.227345976346528
1.75 2 28 29 56.19995955330523 0.2140855908919907
1.75 2 29 30 56.61153954973167 0.2018105937345402
1.75 2 30 31 56.64156780140297 0.1904257961369944
1.75 2 31 32 56.36534905159277 0.1798475546313433
1.75 2 32 33 55.84442565064086 0.170002085449786
1.75 2 33 34 55.12920536423633 0.1608240657470388
1.75 2 34 35 54.2610508464507 0.1522554652985919
1.75 2 35 36 53.27394965880336 0.1442445667682512
1.75 2 36 37 52.19585544580718 0.1367451387482925
1.75 2 37 38 51.04976988630756 0.1297157353767019
1.75 2 38 39 49.85461917304372 0.123119100106109
1.75 2 39 40 48.62596678759195 0.1169216560740351
1.75 2 40 41 47.37659535808586 0.111093068475763
1.75 2 41 42 46.11698313284523 0.1056058682287682
1.75 2 42 43 44.85569551657682 0.100435126006126
1.75 2 43 44 43.59970770082467 0.09555816989390581
1.75 2 44 45 42.35467126236631 0.0909543394045966
1.75 2 45 46 41.1240446585555 0.08696714659583228
1.75 2 46 47 39.9135112029773 0.08495022276679716
1.75 2 47 48 38.7248357975194 0.08508616774683359
1.75 2 48 49 37.56024450978211 0.09071884428403054
1.75 2 49 50 36.42123773225757 0.09752784836758399
2 2.25 0 1 3849.583401527212 1.040287015489844
2 2.25 1 2 -3344.375691018583 0.8704807608783773
2 2.25 2 3 -5457.949571500023 1.658303236760887
2 2.25 3 4 -4126.653302708415 1.533285373995297
2 2.25 4 5 -2940.668840056744 1.351946145847568
2 2.25 5 6 -2091.764483465591 1.191706973126935
2 2.25 6 7 -1501.012016805453 1.057377287959798
2 2.25 7 8 -1087.24041370161 0.9446716426301036
2 2.25 8 9 -793.0646554186169 0.8489178894764356
2 2.25 9 10 -580.465877270844 0.768162653969813
2 2.25 10 11 -424.358243417631 0.6975809916874695
2 2.25 11 12 -308.2293473783297 0.6365073971150915
2 2.25 12 13 -220.8177656257062 0.5830231124658058
2 2.25 13 14 -154.3877382411906 0.5358761454322482
2 2.25 14 15 -103.5127962000272 0.4940687675338101
2 2.25 15 16 -64.32039724966035 0.4567972663434584
2 2.25 16 17 -34.00290029804933 0.4234077492177267
2 2.25 17 18 -10.49526468728186 0.3933633300940792
2 2.25 18 19 7.741210195321401 0.3662194651410793
2 2.25 19 20 21.86652476990457 0.3416052001335668
2 2.25 20 21 32.76443130945563 0.3192087528446481
2 2.25 21 22 41.1146195379655 0.2987663233080662
2 2.25 22 23 47.44430000162049 0.2800533208447235
2 2.25 23 24 52.16554853056255 0.2628774307905882
2 2.25 24 25 55.60266918358138 0.2470730882031066
2 2.25 25 26 58.01246675074458 0.23249703976957
2 2.25 26 27 59.59942031697278 0.2190247535295258
2 2.25 27 28 60.52714783625208 0.206547495257599
2 2.25 28 29 60.92714408446204 0.1949699317141037
2 2.25 29 30 60.90549419832485 0.1842081543507073
2 2.25 30 31 60.54807041493399 0.1741880397779266
2 2.25 31 32 59.92458255305547 0.1648438837541599
2 2.25 32 33 59.09175533941982 0.1561172540664852
2 2.25 33 34 58.09583567402461 0.1479560266758403
2 2.25 34 35 56.97458210819326 0.1403135686459882
2 2.25 35 36 55.75885161032033 0.1331480440580797
2 2.25 36 37 54.47387118909251 0.1264218224385973
2 2.25 37 38 53.1402615393373 0.1201009706949054
2 2.25 38 39 51.77486448712057 0.1141548172956487
2 2.25 39 40 50.3914143981421 0.1085555762537193
2 2.25 40 41 49.00108502703881 0.1032780199400436
2 2.25 41 42 47.61293628657688 0.09829919755609146
2 2.25 42 43 46.23428049389798 0.09359818718483
2 2.25 43 44 44.87098342398122 0.08915588069312137
2 2.25 44 45 43.52771244165214 0.08495479515170853
2 2.25 45 46 42.20707521727584 0.08163273998478296
2 2.25 46 47 40.9139311304389 0.08157216736317559
2 2.25 47 48 39.64937400280141 0.08483606047347653
2 2.25 48 49 38.41500900187097 0.09080663465560106
2 2.25 49 50 37.21178424210919 0.0971229539778191
2.25 2.5 0 1 3350.252043515376 1.820909262427626
2.25 2.5 1 2 -3733.036563403812 0.9573544750362517
2.25 2.5 2 3 -5396.848401824915 1.688827451295493
2.25 2.5 3 4 -4012.212378335791 1.556222534662651
2.25 2.5 4 5 -2833.182275491419 1.409839457661116
2.25 2.5 5 6 -2001.301868441182 1.272984144466579
2.25 2.5 6 7 -1426.975912822516 1.142780375332291
2.25 2.5 7 8 -1026.974023416431 1.026710876052957
2.25 2.5 8 9 -743.8991298992978 0.9264723232098159
2.25 2.5 9 10 -540.1672471510224 0.8381138626457778
2.25 2.5 10 11 -391.1568810845565 0.7620702751502016
2.25 2.5 11 12 -280.7323602118399 0.6954221184557592
2.25 2.5 12 13 -197.9376392150666 0.63690421275478
2.25 2.5 13 14 -135.2698662357573 0.5852601642073335
2.25 2.5 14 15 -87.48097587270945 0.5394526181989586
2.25 2.5 15 16 -50.83551646604042 0.4986267307541442
2.25 2.5 16 17 -22.6318755484624 0.4620765088330295
2.25 2.5 17 18 -0.8876568496084474 0.4292164312781886
2.25 2.5 18 19 15.87089864733002 0.3995583766843928
2.25 2.5 19 20 28.75235251892184 0.3726931521171838
2.25 2.5 20 21 38.59940264741431 0.3482757859821446
2.25 2.5 21 22 46.05873768742742 0.3260138222195116
2.25 2.5 22 23 51.63086367350229 0.3056579815427611
2.25 2.5 23 24 55.70611334109947 0.2869946812357816
2.25 2.5 24 25 58.59098574579536 0.269840015789366
2.25 2.5 25 26 60.52762798302456 0.2540348871434651
2.25 2.5 26 27 61.70839286579849 0.2394410437556026
2.25 2.5 27 28 62.28682026762363 0.2259378416749175
2.25 2.5 28 29 62.38599328457144 0.2134195811340364
2.25 2.5 29 30 62.10494816178385 0.2017933054059609
2.25 2.5 30 31 61.52362811812765 0.1909769718650871
2.25 2.5 31 32 60.70673837117465 0.1808979252411262
2.25 2.5 32 33 59.706765352329 0.1714916166975146
2.25 2.5 33 34 58.56635543801059 0.1627005248273978
2.25 2.5 34 35 57.32019944522949 0.1544732416376241
2.25 2.5 35 36 55.99653327659945 0.1467636971579122
2.25 2.5 36 37 54.61833860219321 0.1395304963326226
2.25 2.5 37 38 53.20430784001587 0.1327363521629791
2.25 2.5 38 39 51.7696229070811 0.1263475980225713
2.25 2.5 39 40 50.32658607049609 0.1203337670987665
2.25 2.5 40 41 48.88513289934855 0.1146672286465622
2.25 2.5 41 42 47.45325061877804 0.1093228716830233
2.25 2.5 42 43 46.03732045835793 0.1042778300627698
2.25 2.5 43 44 44.64239855184786 0.09951124239647691
2.25 2.5 44 45 43.27244702479209 0.09500404131424045
2.25 2.5 45 46 41.92949625362513 0.091053506704506
2.25 2.5 46 47 40.61779529081932 0.08882272928185458
2.25 2.5 47 48 39.33800585947793 0.08844789146606442
2.25 2.5 48 49 38.09132132138285 0.08978563372054552
2.25 2.5 49 50 36.8783292133524 0.09266382238187976
2.5 2.75 0 1 2797.063386236169 2.524376604585895
2.5 2.75 1 2 -4154.438446111887 1.094544357482411
2.5 2.75 2 3 -5328.742892071725 2.473416957396221
2.5 2.75 3 4 -3885.435984433016 2.484087710050183
2.5 2.75 4 5 -2711.579834577678 2.222897468405992
2.5 2.75 5 6 -1896.297653290125 1.953009182921992
2.5 2.75 6 7 -1338.808836483544 1.717059966946165
2.5 2.75 7 8 -953.434120413162 1.517738537905908
2.5 2.75 8 9 -682.5048986821207 1.350345944991103
2.5 2.75 9 10 -488.7225547616808 1.209059965801218
2.5 2.75 10 11 -347.8514167801732 1.088538509854126
2.5 2.75 11 12 -244.096248556647 0.985304133032788
2.5 2.75 12 13 -166.7939891844683 0.8960619612208297
2.5 2.75 13 14 -108.6741956621502 0.8183455261345632
2.5 2.75 14 15 -64.67246180921416 0.7502056070345016
2.5 2.75 15 16 -31.19804502891611 0.6900903535856686
2.5 2.75 16 17 -5.663588660246887 0.6367537272848228
2.5 2.75 17 18 13.82268480471384 0.5891864476582883
2.5 2.75 18 19 28.66225626291794 0.5465639682503516
2.5 2.75 19 20 39.90568614156894 0.5082071138794766
2.5 2.75 20 21 48.34884080005872 0.4735520947156403
2.5 2.75 21 22 54.60036749039557 0.4421274812555573
2.5 2.75 22 23 59.1296914489867 0.4135363764099617
2.5 2.75 23 24 62.30161100344094 0.3874424957990646
2.5 2.75 24 25 64.40153737976129 0.3635592092212515
2.5 2.75 25 26 65.65411574043037 0.3416408462488524
2.5 2.75 26 27 66.23710507561361 0.3214757438981267
2.5 2.75 27 28 66.29182250353335 0.3028806487377548
2.5 2.75 28 29 65.93107137997845 0.28569617723324
2.5 2.75 29 30 65.24520810509961 0.2697831109999879
2.5 2.75 30 31 64.30681941926616 0.2550193542123709
2.5 2.75 31 32 63.174353418252 0.2412974208002619
2.5 2.75 32 33 61.89495642118186 0.2285223467429081
2.5 2.75 33 34 60.50670257652081 0.2166099475752633
2.5 2.75 34 35 59.0403558689747 0.2054853557790053
2.5 2.75 35 36 57.52076973102709 0.1950817880673441
2.5 2.75 36 37 55.96800405908488 0.1853395010563691
2.5 2.75 37 38 54.39822064667982 0.1762049036648601
2.5 2.75 38 39 52.82440391447329 0.1676297987978395
2.5 2.75 39 40 51.25694319005169 0.1595707336211078
2.5 2.75 40 41 49.70410486119439 0.1519884403765666
2.5 2.75 41 42 48.17241635745063 0.144847354007232
2.5 2.75 42 43 46.6669794413728 0.1381151938240503
2.5 2.75 43 44 45.19172648327574 0.1317626006353878
2.5 2.75 44 45 43.74963061221757 0.1257628198713644
2.5 2.75 45 46 42.34188777100533 0.1203115077055699
2.5 2.75 46 47 40.97190388689489 0.1162160318190403
2.5 2.75 47 48 39.63969702808825 0.1135898773080652
2.5 2.75 48 49 38.34585677858556 0.112377660196744
2.5 2.75 49 50 37.09043448293832 0.1117771890359154
2.75 3 0 1 2184.345501329047 2.182861816121419
2.75 3 1 2 -4570.954511960493 3.508708014663335
2.75 3 2 3 -5201.49685788332 5.536424277642505
2.75 3 3 4 -3703.248426127544 4.846156461795823
2.75 3 4 5 -2544.987888136415 4.075963664563473
2.75 3 5 6 -1756.128408501737 3.443461308348737
2.75 3 6 7 -1223.38911613061 2.942221741647935
2.75 3 7 8 -858.7478044595196 2.543073245135638
2.75 3 8 9 -604.6276628017081 2.221095668386996
2.75 3 9 10 -424.360979485517 1.957546208715152
2.75 3 10 11 -294.3862112748081 1.738675037537678
2.75 3 11 12 -199.4427853085638 1.554875155170209
2.75 3 12 13 -129.3151224403382 1.398773426344915
2.75 3 13 14 -77.07573870990109 1.264908853777285
2.75 3 14 15 -37.9251861569328 1.149125257458679
2.75 3 15 16 -8.477735958375433 1.048213014139723
2.75 3 16 17 13.6945287036765 0.9596596470394734
2.75 3 17 18 30.35855746434936 0.8814737412094037
2.75 3 18 19 42.81738687072152 0.8120587781755984
2.75 3 19 20 52.04336507044695 0.7501214133062084
2.75 3 20 21 58.76977078868026 0.694603859584862
2.75 3 21 22 63.55482019491762 0.6446333859284752
2.75 3 22 23 66.82703642448701 0.599484133501601
2.75 3 23 24 68.91783950198112 0.5585479153742529
2.75 3 24 25 70.085244437504 0.5213116476651625
2.75 3 25 26 70.53128806491156 0.487339733681029
2.75 3 26 27 70.4149771913219 0.4562601868401073
2.75 3 27 28 69.86200086049791 0.4277536052718125
2.75 3 28 29 68.97207949774111 0.4015443414500986
2.75 3 29 30 67.82457093137253 0.3773933769874659
2.75 3 30 31 66.48277876708136 0.3550925330292055
2.75 3 31 32 64.99728636613497 0.3344597345849293
2.75 3 32 33 63.40855328108142 0.3153351132353194
2.75 3 33 34 61.74894926425969 0.2975777810868948
2.75 3 34 35 60.04435639736244 0.2810631457695115
2.75 3 35 36 58.31543742767582 0.2656806638371719
2.75 3 36 37 56.57864453875862 0.251331952395441
2.75 3 37 38 54.84702515807726 0.2379291939264233
2.75 3 38 39 53.13086819751419 0.2253937831209432
2.75 3 39 40 51.43822419189817 0.2136551745703638
2.75 3 40 41 49.77532542740556 0.2026498966851675
2.75 3 41 42 48.14692622883942 0.1923207058840284
2.75 3 42 43 46.55657942530254 0.1826158576106398
2.75 3 43 44 45.00686149949368 0.173488476156467
2.75 3 44 45 43.49955635037432 0.1648960083423551
2.75 3 45 46 42.0348615685802 0.156953710974978
2.75 3 46 47 40.61517093112533 0.150211642434388
2.75 3 47 48 39.23973888422771 0.1447486636360791
2.75 3 48 49 37.90843957031294 0.1405388208169251
2.75 3 49 50 36.62069056132404 0.1370186026198023
3 3.25 0 1 1511.877691492622 1.351247499292774
3 3.25 1 2 -4918.763950436611 8.352956351975386
3 3.25 2 3 -4964.389695661208 9.43896802230871
3 3.25 3 4 -3433.434095992441 7.807859231812228
3 3.25 4 5 -2313.160487809959 6.390235521126365
3 3.25 5 6 -1567.944325453424 5.305101931051061
3 3.25 6 7 -1072.522879901214 4.475348667608206
3 3.25 7 8 -737.72650408867 3.829576814094516
3 3.25 8 9 -507.0675414447314 3.316880166458533
3 3.25 9 10 -345.2270257006662 2.902591497456002
3 3.25 10 11 -229.823351383714 2.562184252510085
3 3.25 11 12 -146.4711866132475 2.278704246164947
3 3.25 12 13 -85.6443052230411 2.039726452750342
3 3.25 13 14 -40.92738882765661 1.836123972779824
3 3.25 14 15 -7.90666439977781 1.661042323991197
3 3.25 15 16 16.51124609981139 1.509246108616134
3 3.25 16 17 34.53076756792609 1.376675295440348
3 3.25 17 18 47.74644066165843 1.260137897442859
3 3.25 18 19 57.32708867863278 1.157093143685237
3 3.25 19 20 64.13966168980005 1.065495848169526
3 3.25 20 21 68.83397917389948 0.9836829202537303
3 3.25 21 22 71.90165341225338 0.9102893922079094
3 3.25 22 23 73.71766688968546 0.8441854495230233
3 3.25 23 24 74.57010757289402 0.7844286263389323
3 3.25 24 25 74.6816988185908 0.7302270991454052
3 3.25 25 26 74.22556521651029 0.6809112056579323
3 3.25 26 27 73.33689783120559 0.6359111298119493
3 3.25 27 28 72.12166787694866 0.5947392605601675
3 3.25 28 29 70.66319287162725 0.556976127543936
3 3.25 29 30 69.02712447942542 0.5222591013317736
3 3.25 30 31 67.26526565251402 0.4902732480821059
3 3.25 31 32 65.41851186708931 0.4607438771673447
3 3.25 32 33 63.51913175525243 0.4334304299623681
3 3.25 33 34 61.59254579890649 0.408121437598227
3 3.25 34 35 59.6587209938404 0.3846303377172542
3 3.25 35 36 57.73326978721104 0.3627919850286689
3 3.25 36 37 55.82831990096025 0.3424597262199203
3 3.25 37 38 53.95320567951754 0.3235029359322903
3 3.25 38 39 52.11501964828383 0.3058049321629878
3 3.25 39 40 50.31905403789892 0.2892612048925076
3 3.25 40 41 48.56915538018652 0.273777904780101
3 3.25 41 42 46.86800999506826 0.2592705489825882
3 3.25 42 43 45.21737445750526 0.2456629084199032
3 3.25 43 44 43.61826202371728 0.2328860483669942
3 3.25 44 45 42.07109369127932 0.2208774976777928
3 3.25 45 46 40.57494053946581 0.2096838685160193
3 3.25 46 47 39.13102711687688 0.1996474108760071
3 3.25 47 48 37.73776102116042 0.1908002284500981
3 3.25 48 49 36.39421761361632 0.1831117869313213
3 3.25 49 50 35.09911125659077 0.1761909961367163
3.25 3.5 0 1 804.1060834989294 0.4636456279304172
3.25 3.5 1 2 -5085.090729892686 18.40615804745253
3.25 3.5 2 3 -4549.094453413804 15.10899593531282
3.25 3.5 3 4 -3036.646768165338 11.53509858863927
3.25 3.5 4 5 -1993.575038054496 9.051268707658741
3.25 3.5 5 6 -1319.182518223643 7.305810972235978
3.25 3.5 6 7 -879.6629069379337 6.033913977809904
3.25 3.5 7 8 -587.5221680140262 5.075433979361015
3.25 3.5 8 9 -389.2705012421911 4.332566269933364
3.25 3.5 9 10 -252.2063768193898 3.743121570077117
3.25 3.5 10 11 -155.9633148932892 3.266413114490998
3.25 3.5 11 12 -87.51661125724809 2.874634420155411
3.25 3.5 12 13 -38.43455564305191 2.548071867368475
3.25 3.5 13 14 -3.049139447031166 2.27266307026001
3.25 3.5 14 15 22.49638227145533 2.037996780279578
3.25 3.5 15 16 40.88210779612859 1.836240500394553
3.25 3.5 16 17 54.00231557597181 1.661398661694003
3.25 3.5 17 18 63.21617369354806 1.50881083252069
3.25 3.5 18 19 69.51196371102685 1.374804555903947
3.25 3.5 19 20 73.61676099802219 1.256450272781896
3.25 3.5 20 21 76.07100664154939 1.151385148430706
3.25 3.5 21 22 77.28004464380433 1.057684342516804
3.25 3.5 22 23 77.55027544191773 0.9737655424381542
3.25 3.5 23 24 77.11486553169607 0.8983172041228172
3.25 3.5 24 25 76.15225896649133 0.8302439448562562
3.25 3.5 25 26 74.79965821583676 0.7686245166564361
3.25 3.5 26 27 73.16294397006675 0.7126791242990211
3.25 3.5 27 28 71.32404420942657 0.6617437654993237
3.25 3.5 28 29 69.34645629977211 0.6152499047135245
3.25 3.5 29 30 67.27941812227925 0.5727082391846264
3.25 3.5 30 31 65.16108189055296 0.5336956330472579
3.25 3.5 31 32 63.02094533578122 0.4978445262802242
3.25 3.5 32 33 60.88172547820551 0.4648342917685958
3.25 3.5 33 34 58.76081091153642 0.4343841379836701
3.25 3.5 34 35 56.67139318346946 0.4062472464912316
3.25 3.5 35 36 54.62335229075489 0.3802059024779262
3.25 3.5 36 37 52.62395263600595 0.3560674289948818
3.25 3.5 37 38 50.67839210445609 0.3336607754549519
3.25 3.5 38 39 48.79023671011899 0.312833641911568
3.25 3.5 39 40 46.9617656570922 0.2934500439709917
3.25 3.5 40 41 45.19424603472285 0.2753882424760776
3.25 3.5 41 42 43.48815189241213 0.2585389760879649
3.25 3.5 42 43 41.84333930108474 0.2428039469621088
3.25 3.5 43 44 40.25918641685448 0.2280945183590589
3.25 3.5 44 45 38.73470561574071 0.214330590881422
3.25 3.5 45 46 37.2678449159246 0.2015321221719106
3.25 3.5 46 47 35.85859445495413 0.1899905831474026
3.25 3.5 47 48 34.50454975182086 0.179728049719476
3.25 3.5 48 49 33.20400436655459 0.1707131262261713
3.25 3.5 49 50 31.95499582686004 0.1625872838466635
3.5 3.75 0 1 140.347728387902 1.74238261527969
3.5 3.75 1 2 -4887.069553391021 24.94174228718909
3.5 3.75 2 3 -3878.789920727656 16.91783829795879
3.5 3.75 3 4 -2481.945681515997 12.10236484938427
3.5 3.75 4 5 -1576.660759269169 9.148124848139332
3.5 3.75 5 6 -1010.393529021688 7.193684581840763
3.5 3.75 6 7 -650.1297689770006 5.82211384507648
3.5 3.75 7 8 -415.5776900258033 4.815705556838084
3.5 3.75 8 9 -259.4973966855646 4.051495217988835
3.5 3.75 9 10 -153.6675620559358 3.455114070475857
3.5 3.75 10 11 -80.82052290721026 2.979587443090109
3.5 3.75 11 12 -30.20792370233471 2.593303042540974
3.5 3.75 12 13 5.156178327716361 2.27476156669386
3.5 3.75 13 14 29.91261730246094 2.008706040734856
3.5 3.75 14 15 47.14054252070571 1.783992010697801
3.5 3.75 15 16 58.97132518682076 1.592356331016245
3.5 3.75 16 17 66.89554671975679 1.427542232167513
3.5 3.75 17 18 71.97145771754867 1.28473299514689
3.5 3.75 18 19 74.96030902684799 1.160165796086771
3.5 3.75 19 20 76.41598568067786 1.050862529420444
3.5 3.75 20 21 76.74547053660825 0.9544384559117023
3.5 3.75 21 22 76.25031589964607 0.868963765345967
3.5 3.75 22 23 75.15552261986306 0.7928618257161062
3.5 3.75 23 24 73.62992870647309 0.724833319666936
3.5 3.75 24 25 71.80078464523507 0.663798941331841
3.5 3.75 25 26 69.7642918836512 0.6088555955761366
3.5 3.75 26 27 67.59330165274537 0.5592425514821372
3.5 3.75 27 28 65.34299236061412 0.5143150243413519
3.5 3.75 28 29 63.05509228788458 0.4735233639752195
3.5 3.75 29 30 60.76104479682212 0.4363965187282143
3.5 3.75 30 31 58.48439771715397 0.4025287914893449
3.5 3.75 31 32 56.24261864738179 0.3715691535399058
3.5 3.75 32 33 54.04848209281647 0.3432125624829985
3.5 3.75 33 34 51.91113494941365 0.3171928623493132
3.5 3.75 34 35 49.83691872247311 0.2932769426566287
3.5 3.75 35 36 47.83000661885396 0.2712599053119378
3.5 3.75 36 37 45.89289894532169 0.2509610444736584
3.5 3.75 37 38 44.02680950360687 0.232220485368418
3.5 3.75 38 39 42.2319677095183 0.2148963610443755
3.5 3.75 39 40 40.50785525542661 0.1988624302305517
3.5 3.75 40 41 38.85339178946002 0.1840060589515326
3.5 3.75 41 42 37.26708064449458 0.1702265037107256
3.5 3.75 42 43 35.74712324262639 0.1574334459361524
3.5 3.75 43 44 34.29150884396027 0.1455457364378528
3.5 3.75 44 45 32.89808481479773 0.1344903167783694
3.5 3.75 45 46 31.56395398042085 0.1243195179261845
3.5 3.75 46 47 30.28802703985826 0.1154420120497952
3.5 3.75 47 48 29.06735262244976 0.1079333139744809
3.5 3.75 48 49 27.89965974627644 0.1017938400512022
3.5 3.75 49 50 26.78252259369559 0.09659092270629104
3.75 4 0 1 -364.840762250668 1.984655438950961
3.75 4 1 2 -4179.885656205549 28.97835420791016
3.75 4 2 3 -2933.622236512951 13.8133998660188
3.75 4 3 4 -1780.043650394366 8.230951967612361
3.75 4 4 5 -1081.641376112186 5.457933482076943
3.75 4 5 6 -662.1250126231801 3.855201914704034
3.75 4 6 7 -403.299836094428 2.838230902784111
3.75 4 7 8 -239.3163467985628 2.150659397175425
3.75 4 8 9 -133.0709916785079 1.663832936608022
3.75 4 9 10 -63.01897533009276 1.30735250937241
3.75 4 10 11 -16.23939534562192 1.040193393724637
3.75 4 11 12 15.34260043837548 0.830864998236948
3.75 4 12 13 36.43353670342037 0.6733114027587761
3.75 4 13 14 50.27073774905932 0.5453402273428538
3.75 4 14 15 59.31867981326695 0.4443589510488445
3.75 4 15 16 64.91778604414003 0.3637362805015196
3.75 4 16 17 68.08128149734415 0.2994892557059786
3.75 4 17 18 69.51800524604488 0.2487482629115951
3.75 4 18 19 69.73011883034042 0.226505696467566
3.75 4 19 20 69.07714217583242 0.2100268182349793
3.75 4 20 21 67.81871414263998 0.1951028746137985
3.75 4 21 22 66.14363363835776 0.1815433859484051
3.75 4 22 23 64.18988685857579 0.1691866049207438
3.75 4 23 24 62.05865017002395 0.1578944394051628
3.75 4 24 25 59.82420334558537 0.14754838743437
3.75 4 25 26 57.54102666675891 0.1380462639095166
3.75 4 26 27 55.24893348015277 0.135354274769317
3.75 4 27 28 52.97681587057809 0.1379363797342007
3.75 4 28 29 50.74540060266602 0.1406437071447622
3.75 4 29 30 48.56929165668288 0.1432521444036175
3.75 4 30 31 46.45849388104105 0.1456317706074428
3.75 4 31 32 44.41955607472377 0.1477137526316429
3.75 4 32 33 42.45643281145502 0.1494679470570592
3.75 4 33 34 40.57113695822407 0.1508881759624823
3.75 4 34 35 38.76423544742478 0.1519826940485711
3.75 4 35 36 37.03522698206628 0.152768072404948
3.75 4 36 37 35.38283034545107 0.1532653026383758
3.75 4 37 38 33.80520471892848 0.1534973375192133
3.75 4 38 39 32.30011806288104 0.1534875596221729
3.75 4 39 40 30.86507567356733 0.1532588498397349
3.75 4 40 41 29.49741814985376 0.1528330427490959
3.75 4 41 42 28.19439574096765 0.1522306314268838
3.75 4 42 43 26.95322446612042 0.1514706313162253
3.75 4 43 44 25.77112814748236 0.1505705449738506
3.75 4 44 45 24.64536951299291 0.1495463887350743
3.75 4 45 46 23.57278638478341 0.1484809909589093
3.75 4 46 47 22.55163569785447 0.1476243997940243
3.75 4 47 48 21.57892719769317 0.1469905024642973
3.75 4 48 49 20.65225954016323 0.1465524896196192
3.75 4 49 50 19.76915729208346 0.1461058764298919
4 5 0 1 -1116.713197830466 3.626081235530984
4 5 1 2 -4673.039342222493 10.26808711492046
4 5 2 3 -2683.558901716165 6.551015403437681
4 5 3 4 -1411.658188147215 4.613368482574475
4 5 4 5 -737.2329268211856 3.365033314508783
4 5 5 6 -373.2310999209394 2.565869260400294
4 5 6 7 -168.5326500737763 2.059203244861709
4 5 7 8 -50.07426483595577 1.710483571126955
4 5 8 9 19.57204611137672 1.447851837120843
4 5 9 10 60.51024920378177 1.240802946003062
4 5 10 11 84.109941081952 1.076983247149175
4 5 11 12 97.01057218477752 0.9449455028404095
4 5 12 13 103.2139840479451 0.8347869031706181
4 5 13 14 105.1744903909171 0.7414051215527095
4 5 14 15 104.4427418681536 0.6617599886813806
4 5 15 16 102.0215514288809 0.5944507530243669
4 5 16 17 98.57122562204347 0.5366113908889883
4 5 17 18 94.52589904763562 0.4859119704989743
4 5 18 19 90.17109448856024 0.4410668370489027
4 5 19 20 85.69555898052721 0.401388504256836
4 5 20 21 81.22439523516744 0.3662904519130391
4 5 21 22 76.8397501449042 0.335139179868567
4 5 22 23 72.59413525522655 0.3073237140490945
4 5 23 24 68.51949956620871 0.2823368713354733
4 5 24 25 64.63363088376434 0.2597918173856847
4 5 25 26 60.94468026820132 0.2393931459589436
4 5 26 27 57.45431297027747 0.2209005271124613
4 5 27 28 54.15987543937786 0.2041049557738469
4 5 28 29 51.05588340192092 0.1888190485633893
4 5 29 30 48.13505215569137 0.1748752252282491
4 5 30 31 45.38901778034509 0.1621259960227652
4 5 31 32 42.80884515771702 0.1504434824095612
4 5 32 33 40.38538488151885 0.139717638835321
4 5 33 34 38.10952085422387 0.129853699290262
4 5 34 35 35.97233817760417 0.1207695189169421
4 5 35 36 33.96523307223401 0.1123932449230201
4 5 36 37 32.07998103171374 0.1046614737459547
4 5 37 38 30.30877526729888 0.09751787063390925
4 5 38 39 28.64424429982072 0.09091214914932529
4 5 39 40 27.07945512441396 0.08479929868022401
4 5 40 41 25.60790660480523 0.07913897173065537
4 5 41 42 24.22351636320214 0.07389497144303013
4 5 42 43 22.92060352070056 0.06903480414717633
4 5 43 44 21.69386897324493 0.06452928131260034
4 5 44 45 20.53837434590776 0.06035215953695398
4 5 45 46 19.44904056572248 0.05691507720014966
4 5 46 47 18.42220848410333 0.05578106314675761
4 5 47 48 17.45345355484136 0.05728235034074051
4 5 48 49 16.53911114629075 0.06117797884679579
4 5 49 50 15.67537709023312 0.06540151762585503
-5 5 0 50 -539717.1735880191 95.13882362160204
