#ylo yhi qTlo qThi PDF0  uncertainty
-5 -4 0 1 -1188.531488097904 3.931937770870072
-5 -4 1 2 -4844.230274129508 10.73067706454561
-5 -4 2 3 -2774.121030264329 6.703929616063196
-5 -4 3 4 -1454.317652457968 4.697560334499193
-5 -4 4 5 -755.2454628923726 3.426943503577516
-5 -4 5 6 -379.06498012272 2.604149538147625
-5 -4 6 7 -168.3223273604199 2.075860128537983
-5 -4 7 8 -46.90949270979786 1.712646338218038
-5 -4 8 9 24.05694166920171 1.44251867288052
-5 -4 9 10 65.508175947827 1.230851812613926
-5 -4 10 11 89.16780614823904 1.065505899725793
-5 -4 11 12 101.9062327968867 0.9313760882775088
-5 -4 12 13 107.8341123255691 0.8201950301952803
-5 -4 13 14 109.4705960255834 0.7263916116820091
-5 -4 14 15 108.4014191385598 0.6465477126592685
-5 -4 15 16 105.6483617589013 0.5792018148100886
-5 -4 16 17 101.8818994324146 0.5214597623250685
-5 -4 17 18 97.54107509079245 0.4709657088472005
-5 -4 18 19 92.9132669495969 0.4264006701881303
-5 -4 19 20 88.18735996248381 0.3870491426468882
-5 -4 20 21 83.4876619261226 0.3523069797335398
-5 -4 21 22 78.89504144019111 0.3215304068107951
-5 -4 22 23 74.46050762092401 0.2941014433600693
-5 -4 23 24 70.21443648384815 0.269507244102174
-5 -4 24 25 66.17306400399875 0.2473563968229898
-5 -4 25 26 62.34306318950422 0.2273501119981293
-5 -4 26 27 58.72472218187789 0.2092457658285733
-5 -4 27 28 55.31412227648784 0.192832865978323
-5 -4 28 29 52.10462735657111 0.1779230683442057
-5 -4 29 30 49.08791017870425 0.1643481753530669
-5 -4 30 31 46.25466684638188 0.1519603337601961
-5 -4 31 32 43.59511688960495 0.1406315165905576
-5 -4 32 33 41.09935188046626 0.1302517220931742
-5 -4 33 34 38.75757485588102 0.1207263938954828
-5 -4 34 35 36.56026041632188 0.111973732560637
-5 -4 35 36 34.49825737578443 0.1039223347156045
-5 -4 36 37 32.56285024180858 0.09650932230155178
-5 -4 37 38 30.74579159592727 0.08967894148955136
-5 -4 38 39 29.0393142270815 0.0833815261896737
-5 -4 39 40 27.43612940765197 0.07757271590657483
-5 -4 40 41 25.92941593161748 0.0722128357206865
-5 -4 41 42 24.51280313108607 0.06726637827518712
-5 -4 42 43 23.18035018096793 0.0627015510136867
-5 -4 43 44 21.92652332845704 0.05848987100327402
-5 -4 44 45 20.74617214874817 0.05460579653036717
-5 -4 45 46 19.63401211326763 0.05148071486304315
-5 -4 46 47 18.58622876714014 0.05096327221394103
-5 -4 47 48 17.59822754977466 0.05329967836718757
-5 -4 48 49 16.66620210980956 0.05752688210549565
-5 -4 49 50 15.78620833115702 0.06208199933227566
-4 -3.75 0 1 -431.2329324794277 2.032612870362247
-4 -3.75 1 2 -4361.000109057371 30.02493781240958
-4 -3.75 2 3 -3045.428292115405 14.41201467444458
-4 -3.75 3 4 -1842.873473627651 8.628447371193863
-4 -3.75 4 5 -1115.551766854991 5.743872974875075
-4 -3.75 5 6 -679.6957313048779 4.071368219665375
-4 -3.75 6 7 -411.5555918255595 3.007265555249515
-4 -3.75 7 8 -242.1999364884937 2.286086211687511
-4 -3.75 8 9 -132.7920133001003 1.774245059244995
-4 -3.75 9 10 -60.87021726479793 1.398910957742468
-4 -3.75 10 11 -13.138667859576 1.113318817324652
-4 -3.75 11 12 18.63932508381004 0.8992281635885189
-4 -3.75 12 13 40.16724669595283 0.7279812351529377
-4 -3.75 13 14 54.58008330535051 0.5887986166629706
-4 -3.75 14 15 63.25497524604145 0.4826953724894221
-4 -3.75 15 16 68.75477753620908 0.3957199843086541
-4 -3.75 16 17 71.77916649187796 0.3257632522105567
-4 -3.75 17 18 73.05488556139983 0.2697682989415659
-4 -3.75 18 19 73.09567260984528 0.2293034474967831
-4 -3.75 19 20 72.26851513533109 0.2126114005986735
-4 -3.75 20 21 70.83782127897194 0.1974947101194354
-4 -3.75 21 22 68.9953722233044 0.1837602671801473
-4 -3.75 22 23 66.88094664404025 0.1712441344407574
-4 -3.75 23 24 64.59671973077144 0.1598063779234574
-4 -3.75 24 25 62.21744181404534 0.1493269334738797
-4 -3.75 25 26 59.79771467381354 0.1397022809116659
-4 -3.75 26 27 57.37724580287463 0.130842751126937
-4 -3.75 27 28 54.98467702847358 0.1328017115062478
-4 -3.75 28 29 52.64039704644139 0.1356570411128304
-4 -3.75 29 30 50.35862249722931 0.138547628874024
-4 -3.75 30 31 48.14894772252359 0.1412857112436836
-4 -3.75 31 32 46.01750534989233 0.1437644722136466
-4 -3.75 32 33 43.96783965349394 0.1459293332173092
-4 -3.75 33 34 42.00156646919562 0.1477586870897311
-4 -3.75 34 35 40.11887349500317 0.1492512745116678
-4 -3.75 35 36 38.31890054490779 0.1504180167833084
-4 -3.75 36 37 36.6000290510471 0.151276772229725
-4 -3.75 37 38 34.96010265594201 0.1518489932917757
-4 -3.75 38 39 33.3965952593493 0.1521576144060566
-4 -3.75 39 40 31.90673884620152 0.1522257379487071
-4 -3.75 40 41 30.4876204853452 0.152075836189391
-4 -3.75 41 42 29.13625557105708 0.1517292885299881
-4 -3.75 42 43 27.84964277487457 0.1512061338732875
-4 -3.75 43 44 26.62480489712094 0.1505249622400384
-4 -3.75 44 45 25.45881880757769 0.1497028929261499
-4 -3.75 45 46 24.34833531988399 0.1488259522266218
-4 -3.75 46 47 23.29147802974222 0.1481520743368242
-4 -3.75 47 48 22.28509485887513 0.1476955725524786
-4 -3.75 48 49 21.32664914614458 0.1474293214601984
-4 -3.75 49 50 20.41353299994839 0.1471435658870054
-3.75 -3.5 0 1 67.3330626203936 1.782405636657756
-3.75 -3.5 1 2 -5104.004405118789 26.02363775775054
-3.75 -3.5 2 3 -4019.166551320981 17.67418063779424
-3.75 -3.5 3 4 -2564.111344220072 12.65073675413999
-3.75 -3.5 4 5 -1623.353576212487 9.566072683814404
-3.75 -3.5 5 6 -1036.412529536285 7.524280131822793
-3.75 -3.5 6 7 -663.9765477506878 6.090916439522656
-3.75 -3.5 7 8 -422.1490039223461 5.038885525540806
-3.75 -3.5 8 9 -261.6761061566099 4.239907863376186
-3.75 -3.5 9 10 -153.1930223714298 3.616453048336371
-3.75 -3.5 10 11 -78.74776346981548 3.118783197876222
-3.75 -3.5 11 12 -26.98532161622211 2.715321033959099
-3.75 -3.5 12 13 8.993677308953238 2.381439054595643
-3.75 -3.5 13 14 33.9278833702873 2.10339762101396
-3.75 -3.5 14 15 51.27878138540461 1.868286225133504
-3.75 -3.5 15 16 63.1199657554306 1.667765524131856
-3.75 -3.5 16 17 70.9821079778277 1.4952950539129
-3.75 -3.5 17 18 75.95009848304278 1.345839253760749
-3.75 -3.5 18 19 78.80304715115835 1.215464024311496
-3.75 -3.5 19 20 80.10687590682437 1.101055471781717
-3.75 -3.5 20 21 80.27669299909508 1.000119950890257
-3.75 -3.5 21 22 79.61951953030888 0.9106393898268649
-3.75 -3.5 22 23 78.36400516265769 0.8309649467027764
-3.75 -3.5 23 24 76.68138179264292 0.7597377159078685
-3.75 -3.5 24 25 74.70042484330742 0.6958288303027125
-3.75 -3.5 25 26 72.51825794419483 0.6382936742578703
-3.75 -3.5 26 27 70.20823682353341 0.5863365003054228
-3.75 -3.5 27 28 67.82575621454777 0.5392828101449484
-3.75 -3.5 28 29 65.4125636443984 0.4965575955940559
-3.75 -3.5 29 30 62.9999889400782 0.4576680492667206
-3.75 -3.5 30 31 60.61137908299224 0.4221897161451898
-3.75 -3.5 31 32 58.26394566568172 0.389755319766088
-3.75 -3.5 32 33 55.97017472362739 0.3600456829744398
-3.75 -3.5 33 34 53.73890815867972 0.3327823034348658
-3.75 -3.5 34 35 51.57617706199485 0.3077212449103649
-3.75 -3.5 35 36 49.48584644177839 0.2846480827326724
-3.75 -3.5 36 37 47.47011576669229 0.2633736990307226
-3.75 -3.5 37 38 45.52990872044813 0.2437307672580697
-3.75 -3.5 38 39 43.66517740250512 0.2255707987882051
-3.75 -3.5 39 40 41.87514016133349 0.2087616513165706
-3.75 -3.5 40 41 40.15846780191514 0.1931854171193773
-3.75 -3.5 41 42 38.51342939313577 0.1787366269712174
-3.75 -3.5 42 43 36.93800644173218 0.1653207165427734
-3.75 -3.5 43 44 35.4299822033705 0.1528527126568258
-3.75 -3.5 44 45 33.98701138073267 0.141256104027395
-3.75 -3.5 45 46 32.60599795695086 0.1305778782856802
-3.75 -3.5 46 47 31.28571751054712 0.1212151957691101
-3.75 -3.5 47 48 30.02304328543418 0.1132398092311841
-3.75 -3.5 48 49 28.81555871561739 0.1066520185233853
-3.75 -3.5 49 50 27.66069483132429 0.1010267941111768
-3.5 -3.25 0 1 734.1579036452464 0.4599171074423753
-3.5 -3.25 1 2 -5308.785823615624 19.30776983414689
-3.5 -3.25 2 3 -4698.827989329174 15.80589591577588
-3.5 -3.25 3 4 -3126.299853379425 12.05757567653308
-3.5 -3.25 4 5 -2045.904897978057 9.457001577653974
-3.5 -3.25 5 6 -1349.388993280019 7.630892529800276
-3.5 -3.25 6 7 -896.6134259963997 6.300858462122398
-3.5 -3.25 7 8 -596.3993325039542 5.29885771233912
-3.5 -3.25 8 9 -393.1668168023405 4.522446450386646
-3.5 -3.25 9 10 -252.9750307891354 3.906566076240233
-3.5 -3.25 10 11 -154.7171588475205 3.408662172562396
-3.5 -3.25 11 12 -85.05954034825118 2.999332073858186
-3.5 -3.25 12 13 -35.24456754083872 2.658261825365023
-3.5 -3.25 13 14 0.5792997823791666 2.370651031165341
-3.5 -3.25 14 15 26.35717217756928 2.125613597305746
-3.5 -3.25 15 16 44.83821045767456 1.914961031185787
-3.5 -3.25 16 17 57.96263934430453 1.732426123610798
-3.5 -3.25 17 18 67.12059699223084 1.573137884871451
-3.5 -3.25 18 19 73.32145546134188 1.433258352287077
-3.5 -3.25 19 20 77.30675997210483 1.309726240337195
-3.5 -3.25 20 21 79.62692447666882 1.200072690348067
-3.5 -3.25 21 22 80.69417626689801 1.102286656300971
-3.5 -3.25 22 23 80.81965623836243 1.014715085676126
-3.5 -3.25 23 24 80.23977377347063 0.9359878965115389
-3.5 -3.25 24 25 79.13516307903649 0.8649608918098178
-3.5 -3.25 25 26 77.64447377017103 0.8006718293387727
-3.5 -3.25 26 27 75.87450817348218 0.7423062620350673
-3.5 -3.25 27 28 73.90774423796944 0.6891707199595731
-3.5 -3.25 28 29 71.80796710413671 0.6406714681512331
-3.5 -3.25 29 30 69.62451851076361 0.5962975421777786
-3.5 -3.25 30 31 67.39552678694673 0.5556070951752934
-3.5 -3.25 31 32 65.15037844639426 0.5182163314568992
-3.5 -3.25 32 33 62.91162105779853 0.4837904763157371
-3.5 -3.25 33 34 60.69643647118895 0.4520363610302844
-3.5 -3.25 34 35 58.51778723629764 0.4226962980794204
-3.5 -3.25 35 36 56.38531284467899 0.3955429943584984
-3.5 -3.25 36 37 54.30603330933516 0.3703753039877369
-3.5 -3.25 37 38 52.28490358467059 0.3470146647554996
-3.5 -3.25 38 39 50.32525189402304 0.325302094283368
-3.5 -3.25 39 40 48.42912725649273 0.3050956467482795
-3.5 -3.25 40 41 46.59757576674215 0.2862682504488966
-3.5 -3.25 41 42 44.83086061317107 0.2687058619401733
-3.5 -3.25 42 43 43.12863761977269 0.252305884534222
-3.5 -3.25 43 44 41.49009546250898 0.2369758081247134
-3.5 -3.25 44 45 39.91406772112245 0.2226320357883244
-3.5 -3.25 45 46 38.39831385626466 0.2092905251293923
-3.5 -3.25 46 47 36.94270159887064 0.1972368010636689
-3.5 -3.25 47 48 35.54465780872543 0.1864902444331681
-3.5 -3.25 48 49 34.20233716168281 0.1770180621012558
-3.5 -3.25 49 50 32.91364001386106 0.1684630030880971
-3.25 -3 0 1 1451.327403254109 1.417695055779303
-3.25 -3 1 2 -5125.137275676567 8.584116540670193
-3.25 -3 2 3 -5105.729275785911 9.73123387810786
-3.25 -3 3 4 -3519.080372776997 8.055038954371186
-3.25 -3 4 5 -2363.780286541484 6.594629311524205
-3.25 -3 5 6 -1597.600200971833 5.475875961097401
-3.25 -3 6 7 -1089.502169342215 4.620106438780006
-3.25 -3 7 8 -746.9156230480903 3.95386821861795
-3.25 -3 8 9 -511.377076953529 3.425041936849703
-3.25 -3 9 10 -346.4563239924187 2.997322069884754
-3.25 -3 10 11 -229.1342076238343 2.646003239173407
-3.25 -3 11 12 -144.5299000415357 2.353500272338063
-3.25 -3 12 13 -82.93379961037772 2.106830405060046
-3.25 -3 13 14 -37.75475394545424 1.896660368265388
-3.25 -3 14 15 -4.476507828715285 1.715920130390771
-3.25 -3 15 16 20.06180360216263 1.559209106935077
-3.25 -3 16 17 38.10975136618049 1.422338798840139
-3.25 -3 17 18 51.29246877166361 1.302015967752727
-3.25 -3 18 19 60.79972141704479 1.195619073403181
-3.25 -3 19 20 67.51290351001512 1.101037789846476
-3.25 -3 20 21 72.09184519137648 1.016555965500743
-3.25 -3 21 22 75.03511085730099 0.9407650160467834
-3.25 -3 22 23 76.72250556365702 0.8724989739837745
-3.25 -3 23 24 77.44544603022473 0.8107851768813268
-3.25 -3 24 25 77.4289304103055 0.754806401292753
-3.25 -3 25 26 76.84761139073044 0.703871480256076
-3.25 -3 26 27 75.83767783244241 0.6573922807390866
-3.25 -3 27 28 74.50572191584297 0.6148655022213853
-3.25 -3 28 29 72.93541477605993 0.5758581653002243
-3.25 -3 29 30 71.19257281439843 0.5399959520263119
-3.25 -3 30 31 69.32903129060202 0.5069537690807157
-3.25 -3 31 32 67.38562627165572 0.4764480577491617
-3.25 -3 32 33 65.39450466859506 0.4482304872254477
-3.25 -3 33 34 63.38092416741767 0.4220827515039856
-3.25 -3 34 35 61.36466321040325 0.397812251997549
-3.25 -3 35 36 59.36113094301379 0.3752484965156296
-3.25 -3 36 37 57.38224490483532 0.354240080265898
-3.25 -3 37 38 55.43712794991586 0.3346521430940078
-3.25 -3 38 39 53.53266369914289 0.3163642176167493
-3.25 -3 39 40 51.67394072953462 0.2992684013468329
-3.25 -3 40 41 49.8646089414585 0.2832677964241134
-3.25 -3 41 42 48.10716616022515 0.2682751741723849
-3.25 -3 42 43 46.40318924534333 0.2542118264170803
-3.25 -3 43 44 44.75352081903111 0.2410065751978417
-3.25 -3 44 45 43.15842038178462 0.2285949151763512
-3.25 -3 45 46 41.6167870200623 0.2170206772728387
-3.25 -3 46 47 40.12973657709699 0.2066208155818487
-3.25 -3 47 48 38.69552205976507 0.197425270114512
-3.25 -3 48 49 37.31309221954268 0.1894024501073499
-3.25 -3 49 50 35.98103635735019 0.182163585433934
-3 -2.75 0 1 2133.756705677083 2.281133995527544
-3 -2.75 1 2 -4750.475142951083 3.436046141959201
-3 -2.75 2 3 -5325.388805250394 5.561680684654326
-3 -2.75 3 4 -3778.521015030745 4.884769379713433
-3 -2.75 4 5 -2589.550011032732 4.114546177548486
-3 -2.75 5 6 -1782.236157818449 3.479150947081486
-3 -2.75 6 7 -1238.304093045585 2.974596165045632
-3 -2.75 7 8 -866.7709747426902 2.572305162264736
-3 -2.75 8 9 -608.3407228653919 2.24752431101311
-3 -2.75 9 10 -425.3372852733821 1.981375721918903
-3 -2.75 10 11 -293.6695121449111 1.760207069117798
-3 -2.75 11 12 -197.6305528731114 1.574662560725689
-3 -2.75 12 13 -126.8328967659108 1.416890763577496
-3 -2.75 13 14 -74.19658430690924 1.281553598799719
-3 -2.75 14 15 -34.83066549233763 1.16446565944477
-3 -2.75 15 16 -5.289088266607223 1.062392860958279
-3 -2.75 16 17 16.89642796791554 0.9728023366265183
-3 -2.75 17 18 33.52016455818398 0.8936856683418837
-3 -2.75 18 19 45.90383364335617 0.8234321203609
-3 -2.75 19 20 55.03262465388411 0.7607364138900908
-3 -2.75 20 21 61.6486765282508 0.704530699050162
-3 -2.75 21 22 66.31632137661518 0.6539337193806062
-3 -2.75 22 23 69.46829095961004 0.6082123582212215
-3 -2.75 23 24 71.43887980635452 0.5667522206491588
-3 -2.75 24 25 72.48803989935163 0.5290348876110961
-3 -2.75 25 26 72.81908429667396 0.4946201569940061
-3 -2.75 26 27 72.59182986369808 0.4631320493846895
-3 -2.75 27 28 71.93244715450646 0.4342476867418824
-3 -2.75 28 29 70.94090735986782 0.4076883834134113
-3 -2.75 29 30 69.69665809206327 0.3832124554729665
-3 -2.75 30 31 68.26298164936702 0.3606093771844938
-3 -2.75 31 32 66.69036472227333 0.3396950000155092
-3 -2.75 32 33 65.01912041297987 0.320307617604122
-3 -2.75 33 34 63.28144054053024 0.3023047079496692
-3 -2.75 34 35 61.50301080748847 0.2855602211952953
-3 -2.75 35 36 59.70428837612724 0.2699623106959995
-3 -2.75 36 37 57.90151712708672 0.2554114247821535
-3 -2.75 37 38 56.10753796611766 0.2418186952202452
-3 -2.75 38 39 54.33243811834279 0.2291045697919904
-3 -2.75 39 40 52.58407328042279 0.2171976476042939
-3 -2.75 40 41 50.86848901099131 0.2060336825986581
-3 -2.75 41 42 49.19026174089794 0.1955547284356015
-3 -2.75 42 43 47.55277557784339 0.1857084015358779
-3 -2.75 43 44 45.95844752562149 0.1764472441764979
-3 -2.75 44 45 44.40891112837093 0.1677281718501992
-3 -2.75 45 46 42.90420476211443 0.1596665628291895
-3 -2.75 46 47 41.4466211841179 0.1528141608761198
-3 -2.75 47 48 40.03527247735377 0.1472496687779261
-3 -2.75 48 49 38.66991622397927 0.1429469382825649
-3 -2.75 49 50 37.34985547384011 0.1393404343788531
-2.75 -2.5 0 1 2754.442729380095 2.615306830042895
-2.75 -2.5 1 2 -4307.766379827857 1.109423203683511
-2.75 -2.5 2 3 -5433.752899093319 2.341648302038248
-2.75 -2.5 3 4 -3948.991713934899 2.397187702162556
-2.75 -2.5 4 5 -2749.031323100309 2.161243578637323
-2.75 -2.5 5 6 -1918.053589699127 1.907091596904572
-2.75 -2.5 6 7 -1351.046294750775 1.681727001985788
-2.75 -2.5 7 8 -959.8204605073734 1.489727390193456
-2.75 -2.5 8 9 -685.2454634879305 1.327808785827741
-2.75 -2.5 9 10 -489.1718889791141 1.190579694625143
-2.75 -2.5 10 11 -346.8736189895233 1.073233698656518
-2.75 -2.5 11 12 -242.2301546666345 0.9724803903562715
-2.75 -2.5 12 13 -164.3924875767673 0.8852233020903678
-2.75 -2.5 13 14 -105.9687379589786 0.8091178512197439
-2.75 -2.5 14 15 -61.81584820287026 0.7423014906589445
-2.75 -2.5 15 16 -28.29127144336121 0.6832853807168229
-2.75 -2.5 16 17 -2.773063702972422 0.6308701803326249
-2.75 -2.5 17 18 16.65388533500004 0.5840818099572952
-2.75 -2.5 18 19 31.40691119222402 0.5421226624720362
-2.75 -2.5 19 20 42.54739170507537 0.5043344617396311
-2.75 -2.5 20 21 50.87857968628816 0.4701698308786875
-2.75 -2.5 21 22 57.01415127016708 0.4391703745011498
-2.75 -2.5 22 23 61.42692973962357 0.4109496515890544
-2.75 -2.5 23 24 64.48397809708752 0.3851798432920341
-2.75 -2.5 24 25 66.47218250772653 0.3615812321824863
-2.75 -2.5 25 26 67.61711248009556 0.3399138362560709
-2.75 -2.5 26 27 68.09706816708922 0.3199707076195038
-2.75 -2.5 27 28 68.05364239226708 0.3015725269558009
-2.75 -2.5 28 29 67.599731809481 0.284563213756075
-2.75 -2.5 29 30 66.825662407344 0.2688063383349696
-2.75 -2.5 30 31 65.80390830905816 0.2541821725217078
-2.75 -2.5 31 32 64.5927521014093 0.2405852497399678
-2.75 -2.5 32 33 63.23914234776436 0.2279223371463301
-2.75 -2.5 33 34 61.78093765413269 0.216110740498378
-2.75 -2.5 34 35 60.24867872611742 0.2050768802142044
-2.75 -2.5 35 36 58.66699487597299 0.1947550906304636
-2.75 -2.5 36 37 57.05572568516669 0.1850866016193565
-2.75 -2.5 37 38 55.4308194819223 0.1760186724911758
-2.75 -2.5 38 39 53.80505597757474 0.1675038515335868
-2.75 -2.5 39 40 52.18862965018428 0.1594993412980928
-2.75 -2.5 40 41 50.58962243962335 0.1519664519468368
-2.75 -2.5 41 42 49.01438788225533 0.1448701293666155
-2.75 -2.5 42 43 47.46786428993357 0.1381785457627682
-2.75 -2.5 43 44 45.95383073778319 0.131862744270761
-2.75 -2.5 44 45 44.47511681637874 0.1258963289113233
-2.75 -2.5 45 46 43.03276856723798 0.120478776488347
-2.75 -2.5 46 47 41.63009466298692 0.1164302345418443
-2.75 -2.5 47 48 40.26698046460507 0.1138648804205264
-2.75 -2.5 48 49 38.94390652763886 0.1127251293084719
-2.75 -2.5 49 50 37.66081792665861 0.1121966245040756
-2.5 -2.25 0 1 3313.053353064982 1.839602863376172
-2.5 -2.25 1 2 -3866.187304434948 0.969791052846402
-2.5 -2.25 2 3 -5486.898111429082 1.697232162670322
-2.5 -2.25 3 4 -4066.64826105373 1.562142357445532
-2.5 -2.25 4 5 -2865.227398881343 1.376284346172196
-2.5 -2.25 5 6 -2019.822820398452 1.217094199481923
-2.5 -2.25 6 7 -1437.266727531202 1.097898497980843
-2.5 -2.25 7 8 -1032.196986721002 0.9899464029536854
-2.5 -2.25 8 9 -745.9661814643773 0.8953613335320002
-2.5 -2.25 9 10 -540.2602060652157 0.8126994777848435
-2.5 -2.25 10 11 -390.0254921016822 0.7399360135571451
-2.5 -2.25 11 12 -278.8488809167277 0.6763041228093353
-2.5 -2.25 12 13 -195.6101763901006 0.6202462473332148
-2.5 -2.25 13 14 -132.7000372849027 0.5706348189673793
-2.5 -2.25 14 15 -84.80128912037048 0.5265260816151841
-2.5 -2.25 15 16 -48.13291970470505 0.4871344818540911
-2.5 -2.25 16 17 -19.96290775487091 0.4518061935574044
-2.5 -2.25 17 18 1.711621272996581 0.4199955723692805
-2.5 -2.25 18 19 18.37829415095734 0.3912454024811219
-2.5 -2.25 19 20 31.15508352099346 0.365170745816507
-2.5 -2.25 20 21 40.891063430636 0.3414458848405301
-2.5 -2.25 21 22 48.2372163200788 0.3197938081829313
-2.5 -2.25 22 23 53.696905658834 0.2999777445719552
-2.5 -2.25 23 24 57.66232785402303 0.281794330352244
-2.5 -2.25 24 25 60.4411575342757 0.2650680770546174
-2.5 -2.25 25 26 62.2762417011769 0.2496468711983252
-2.5 -2.25 26 27 63.36030573284677 0.2353982979211415
-2.5 -2.25 27 28 63.84703861933099 0.2222066216495658
-2.5 -2.25 28 29 63.85952201312762 0.2099702957268293
-2.5 -2.25 29 30 63.49669130109538 0.1985998967095316
-2.5 -2.25 30 31 62.83832525815683 0.188016404144369
-2.5 -2.25 31 32 61.94892608310835 0.1781497600303725
-2.5 -2.25 32 33 60.88075596905878 0.1689376582351013
-2.5 -2.25 33 34 59.67622776430989 0.160324521920334
-2.5 -2.25 34 35 58.36979755796915 0.1522606364515241
-2.5 -2.25 35 36 56.98947069779922 0.1447014115804798
-2.5 -2.25 36 37 55.55800593095023 0.1376067503500976
-2.5 -2.25 37 38 54.09388249963536 0.1309405082906923
-2.5 -2.25 38 39 52.61208007276366 0.1246700275214859
-2.5 -2.25 39 40 51.12471012978864 0.1187657348380055
-2.5 -2.25 40 41 49.64152901050221 0.1132007927914729
-2.5 -2.25 41 42 48.17035607315358 0.1079507973692499
-2.5 -2.25 42 43 46.71741565981372 0.1029935135624135
-2.5 -2.25 43 44 45.28761749882906 0.09830864502251392
-2.5 -2.25 44 45 43.88478723129538 0.09387763131513405
-2.5 -2.25 45 46 42.51081422921192 0.09000651535070307
-2.5 -2.25 46 47 41.16985413147415 0.0878885166383145
-2.5 -2.25 47 48 39.86244466426069 0.08765933624630791
-2.5 -2.25 48 49 38.58967685542382 0.08916569704212692
-2.5 -2.25 49 50 37.352039120462 0.09317889599951849
-2.25 -2 0 1 3818.372433475856 1.062758434521325
-2.25 -2 1 2 -3458.567990473995 0.8848107150050178
-2.25 -2 2 3 -5533.708036660664 1.668222434221497
-2.25 -2 3 4 -4172.651850777844 1.540753765138412
-2.25 -2 4 5 -2968.201701364261 1.357433952930479
-2.25 -2 5 6 -2108.083540538743 1.195742063121841
-2.25 -2 6 7 -1510.429192877507 1.06041710471988
-2.25 -2 7 8 -1092.346543548887 0.9467706569451055
-2.25 -2 8 9 -795.4448318521913 0.8517235599972971
-2.25 -2 9 10 -581.11135684188 0.7691582941487749
-2.25 -2 10 11 -423.903271134423 0.6989631655124554
-2.25 -2 11 12 -307.0818857098152 0.6377177911764648
-2.25 -2 12 13 -219.2466691758948 0.5840986349821294
-2.25 -2 13 14 -152.5713086367462 0.536842085860476
-2.25 -2 14 15 -101.5698488232927 0.4949430994028117
-2.25 -2 15 16 -62.33007262034926 0.4575932363239498
-2.25 -2 16 17 -32.01756412982422 0.4241354610772458
-2.25 -2 17 18 -8.549059696916856 0.3940307341063788
-2.25 -2 18 19 9.626610052717524 0.3668329907303464
-2.25 -2 19 20 23.67799583969281 0.3421701697028109
-2.25 -2 20 21 34.49470691764714 0.3197296595621139
-2.25 -2 21 22 42.76042589957831 0.2992470223793944
-2.25 -2 22 23 49.00505989165833 0.2804971636920884
-2.25 -2 23 24 53.64247732319211 0.2632873628346825
-2.25 -2 24 25 56.99814403232051 0.2474517207639514
-2.25 -2 25 26 59.32958698322784 0.2328467048281084
-2.25 -2 26 27 60.84170223595129 0.219347546174664
-2.25 -2 27 28 61.69831425166342 0.206845307481507
-2.25 -2 28 29 62.03098070185172 0.1952444793538651
-2.25 -2 29 30 61.94575319293256 0.1844609995466029
-2.25 -2 30 31 61.52840725498697 0.1744206097589599
-2.25 -2 31 32 60.84851618197342 0.1650574857651029
-2.25 -2 32 33 59.96264468029375 0.1563130895713674
-2.25 -2 33 34 58.91686745125185 0.1481352022375539
-2.25 -2 34 35 57.74876642668721 0.1404771058435526
-2.25 -2 35 36 56.48902276407205 0.1332968883680033
-2.25 -2 36 37 55.1626919094154 0.1265568503333521
-2.25 -2 37 38 53.79022942128091 0.1202229964209475
-2.25 -2 38 39 52.38831971018828 0.1142645989168842
-2.25 -2 39 40 50.97054812592233 0.1086538202589166
-2.25 -2 40 41 49.5479480687066 0.1033653862927766
-2.25 -2 41 42 48.12944773211831 0.09837630335524723
-2.25 -2 42 43 46.72223614053561 0.09366561041896666
-2.25 -2 43 44 45.33206387485805 0.08921416374249032
-2.25 -2 44 45 43.96349080767757 0.08500444689983762
-2.25 -2 45 46 42.61901271863849 0.08167890809321073
-2.25 -2 46 47 41.30341661930277 0.08163669831944331
-2.25 -2 47 48 40.01769776543335 0.08494035654817915
-2.25 -2 48 49 38.76338053380951 0.09096690306755213
-2.25 -2 49 50 37.54133443777692 0.09733959771022693
-2 -1.75 0 1 4292.991033587959 1.079478639570516
-2 -1.75 1 2 -3055.287518649655 2.589296890405453
-2 -1.75 2 3 -5544.222096225352 2.795501675272282
-2 -1.75 3 4 -4248.049983718221 2.328247418208008
-2 -1.75 4 5 -3051.64406693512 1.931991376199566
-2 -1.75 5 6 -2185.794822567295 1.6294034915589
-2 -1.75 6 7 -1579.224897035198 1.396924769487844
-2 -1.75 7 8 -1152.142721664916 1.214440257361111
-2 -1.75 8 9 -847.0998523465914 1.067811279413878
-2 -1.75 9 10 -625.6997919528985 0.9483857877386082
-2 -1.75 10 11 -462.4369537864013 0.8485094070868938
-2 -1.75 11 12 -340.4825112091603 0.7643918513671664
-2 -1.75 12 13 -248.2957042573996 0.6925460285341772
-2 -1.75 13 14 -177.9264008650002 0.6305436366407958
-2 -1.75 14 15 -123.7808201291684 0.5765557497346527
-2 -1.75 15 16 -81.85585135675319 0.5291789244634014
-2 -1.75 16 17 -49.24160910571345 0.4873182106945891
-2 -1.75 17 18 -23.79257015710346 0.4501066832461408
-2 -1.75 18 19 -3.9062952014242 0.4168489229570544
-2 -1.75 19 20 11.62802121569507 0.3869805432499487
-2 -1.75 20 21 23.73489324725381 0.3600386874183023
-2 -1.75 21 22 33.12692730406127 0.335640172968185
-2 -1.75 22 23 40.35808376421312 0.3134650619515011
-2 -1.75 23 24 45.86230966498988 0.2932441442127716
-2 -1.75 24 25 49.98189616566447 0.274749285372057
-2 -1.75 25 26 52.98852347739671 0.2577859009987173
-2 -1.75 26 27 55.0990380651109 0.2421870288536028
-2 -1.75 27 28 56.48739186442765 0.2278086158578094
-2 -1.75 28 29 57.29375572518211 0.2145257383292108
-2 -1.75 29 30 57.63153176951573 0.2022295469431775
-2 -1.75 30 31 57.59278931540462 0.1908247784158025
-2 -1.75 31 32 57.25250788903747 0.1802277153546314
-2 -1.75 32 33 56.67191036185875 0.1703645021576953
-2 -1.75 33 34 55.90109697739115 0.1611697471352218
-2 -1.75 34 35 54.98113846740534 0.1525853549746621
-2 -1.75 35 36 53.94574796564353 0.1445595470952569
-2 -1.75 36 37 52.82262290201822 0.1370460345185492
-2 -1.75 37 38 51.63452690532398 0.1300033180943974
-2 -1.75 38 39 50.40016574238899 0.1233940911297757
-2 -1.75 39 40 49.13489925784597 0.1171847304336525
-2 -1.75 40 41 47.85132223379895 0.111344858117846
-2 -1.75 41 42 46.55973979106091 0.105846964922285
-2 -1.75 42 43 45.26855783792689 0.1006660842823
-2 -1.75 43 44 43.98460463746557 0.09577950977310734
-2 -1.75 44 45 42.71339638890467 0.09116654843035972
-2 -1.75 45 46 41.45825568395037 0.08717316346047872
-2 -1.75 46 47 40.22477099855377 0.08516173869449561
-2 -1.75 47 48 39.01459002028676 0.08531517090185542
-2 -1.75 48 49 37.82984099372794 0.09096568694143567
-2 -1.75 49 50 36.67193168364136 0.09781870905486229
-1.75 -1.5 0 1 4721.383532043909 0.9433219653319787
-1.75 -1.5 1 2 -2676.942908787495 0.7512913562569519
-1.75 -1.5 2 3 -5538.251044631984 1.696874947362339
-1.75 -1.5 3 4 -4291.338969083918 1.640838110696186
-1.75 -1.5 4 5 -3097.154332137713 1.468289968093796
-1.75 -1.5 5 6 -2225.182835896231 1.294584508440907
-1.75 -1.5 6 7 -1611.780284230546 1.141840810473788
-1.75 -1.5 7 8 -1178.746675677727 1.011943366034154
-1.75 -1.5 8 9 -868.8253231600961 0.9019729129874495
-1.75 -1.5 9 10 -643.4919303673705 0.8094835718480633
-1.75 -1.5 10 11 -477.0685325220575 0.7298175451460729
-1.75 -1.5 11 12 -352.5637448277118 0.6615658789289374
-1.75 -1.5 12 13 -258.310443661137 0.6024281858870941
-1.75 -1.5 13 14 -186.2583479569619 0.5508116124069614
-1.75 -1.5 14 15 -130.7358038452212 0.5054539200833105
-1.75 -1.5 15 16 -87.67907769445947 0.4653488235994039
-1.75 -1.5 16 17 -54.13085635188895 0.4296876906877491
-1.75 -1.5 17 18 -27.90827429687215 0.397815115542738
-1.75 -1.5 18 19 -7.379291145829939 0.3691952926763741
-1.75 -1.5 19 20 8.690519452706894 0.3433865330821396
-1.75 -1.5 20 21 21.24463934642699 0.3200218438678702
-1.75 -1.5 21 22 31.01099536837171 0.2987940266467172
-1.75 -1.5 22 23 38.55598923145374 0.2794441427841753
-1.75 -1.5 23 24 44.32372138943947 0.2617525152618971
-1.75 -1.5 24 25 48.66480696135 0.2455316478286464
-1.75 -1.5 25 26 51.85777882660466 0.2306206083955472
-1.75 -1.5 26 27 54.12514658515329 0.2168805383158627
-1.75 -1.5 27 28 55.64555886410176 0.2041910365004444
-1.75 -1.5 28 29 56.56309446091507 0.1924472260445044
-1.75 -1.5 29 30 56.99441703269679 0.1815573586673092
-1.75 -1.5 30 31 57.03432561152499 0.1714408470235508
-1.75 -1.5 31 32 56.76009031051444 0.1620266380263447
-1.75 -1.5 32 33 56.23486077791722 0.1532518599964932
-1.75 -1.5 33 34 55.51036166845074 0.1450606930105809
-1.75 -1.5 34 35 54.62903608247905 0.1374034192822927
-1.75 -1.5 35 36 53.62575883918134 0.1302356224368847
-1.75 -1.5 36 37 52.5292124812791 0.1235175085032903
-1.75 -1.5 37 38 51.36299739380826 0.1172133272914569
-1.75 -1.5 38 39 50.14653116069775 0.1112908790512697
-1.75 -1.5 39 40 48.89577998677777 0.1057210903841172
-1.75 -1.5 40 41 47.62385581608788 0.1004776480870212
-1.75 -1.5 41 42 46.34150533166667 0.09553668530241378
-1.75 -1.5 42 43 45.05751181008287 0.09087650683728063
-1.75 -1.5 43 44 43.77902627276973 0.0864773514924765
-1.75 -1.5 44 45 42.51184114487589 0.08232118480552232
-1.75 -1.5 45 46 41.25948353237209 0.07909896118280159
-1.75 -1.5 46 47 40.02780657588781 0.0793927504435442
-1.75 -1.5 47 48 38.81859922713778 0.08328205613036217
-1.75 -1.5 48 49 37.63413832221144 0.09011050181726495
-1.75 -1.5 49 50 36.47596570316026 0.09732144549368407
-1.5 -1.25 0 1 5125.280505955643 3.282630203107026
-1.5 -1.25 1 2 -2301.32173540444 4.102838497306625
-1.5 -1.25 2 3 -5516.161610190088 1.680655671256962
-1.5 -1.25 3 4 -4328.01419836543 1.603902225567658
-1.5 -1.25 4 5 -3144.338109057875 1.428700308052948
-1.5 -1.25 5 6 -2271.088768037195 1.261067731631393
-1.5 -1.25 6 7 -1653.327933835008 1.116261313469899
-1.5 -1.25 7 8 -1215.402327774934 0.9935347735957983
-1.5 -1.25 8 9 -900.8665732408208 0.8903842963991512
-1.5 -1.25 9 10 -671.4279425483019 0.8012871634986924
-1.5 -1.25 10 11 -501.436241381542 0.7258540773631763
-1.5 -1.25 11 12 -373.8677079998638 0.6603705077666422
-1.5 -1.25 12 13 -276.9920010398996 0.6033363832084274
-1.5 -1.25 13 14 -202.6959985644835 0.5533134684956406
-1.5 -1.25 14 15 -145.2505554148051 0.5091584716021453
-1.5 -1.25 15 16 -100.5419464300774 0.469955485431798
-1.5 -1.25 16 17 -65.57042467580573 0.4349643949957301
-1.5 -1.25 17 18 -38.11752276094944 0.4035818788825136
-1.5 -1.25 18 19 -16.52148313293424 0.3753119258202452
-1.5 -1.25 19 20 0.4768881650616095 0.3497434380447802
-1.5 -1.25 20 21 13.84172691182448 0.3265330909261706
-1.5 -1.25 21 22 24.31821384083162 0.3053921154552739
-1.5 -1.25 22 23 32.48719977739472 0.2860760094481971
-1.5 -1.25 23 24 38.80492003504082 0.2683764682692562
-1.5 -1.25 24 25 43.63221225006964 0.2521149992441312
-1.5 -1.25 25 26 47.25624803027222 0.2392044632403245
-1.5 -1.25 26 27 49.90686048900022 0.2275530274442452
-1.5 -1.25 27 28 51.76892636725859 0.2166682933271537
-1.5 -1.25 28 29 52.99183745761491 0.2064853615059252
-1.5 -1.25 29 30 53.69680352363969 0.196945964340038
-1.5 -1.25 30 31 53.98252504109792 0.1879977029045266
-1.5 -1.25 31 32 53.92962998286225 0.1795933761316615
-1.5 -1.25 32 33 53.60416612174953 0.1716903890252422
-1.5 -1.25 33 34 53.06036626784271 0.1642502342053293
-1.5 -1.25 34 35 52.34284993183098 0.1572380365303138
-1.5 -1.25 35 36 51.48838533805343 0.1506221537726696
-1.5 -1.25 36 37 50.52730634399836 0.1443738255956319
-1.5 -1.25 37 38 49.48465701011531 0.1384668655801173
-1.5 -1.25 38 39 48.38112003935527 0.1328773894225372
-1.5 -1.25 39 40 47.23377282205411 0.1275835763677914
-1.5 -1.25 40 41 46.05670545648383 0.1225654583787027
-1.5 -1.25 41 42 44.86152753360511 0.1178047329849225
-1.5 -1.25 42 43 43.65778516939736 0.1132845989512929
-1.5 -1.25 43 44 42.45330513657029 0.1089896099919964
-1.5 -1.25 44 45 41.25447965091161 0.1049055437817766
-1.5 -1.25 45 46 40.06534804271155 0.1013572968182079
-1.5 -1.25 46 47 38.89227477096617 0.09959411922041604
-1.5 -1.25 47 48 37.73745204093001 0.09977840620652924
-1.5 -1.25 48 49 36.60353598918678 0.1017987359852625
-1.5 -1.25 49 50 35.49240045724972 0.1044311538228986
-1.25 -1 0 1 5455.566585947085 1.567276744887126
-1.25 -1 1 2 -2016.044261982776 0.6535378580975814
-1.25 -1 2 3 -5516.41598316916 1.8500550952917
-1.25 -1 3 4 -4368.362384934655 1.797743112712336
-1.25 -1 4 5 -3187.457759649357 1.60095482524755
-1.25 -1 5 6 -2309.444249949669 1.409946164655948
-1.25 -1 6 7 -1685.846888895048 1.245689386480616
-1.25 -1 7 8 -1242.574518224512 1.107431851281178
-1.25 -1 8 9 -923.4969571476026 0.9916906273467244
-1.25 -1 9 10 -690.2952588705057 0.8925182305503792
-1.25 -1 10 11 -517.204416958104 0.8085544099528569
-1.25 -1 11 12 -387.0891365814628 0.7359037648991588
-1.25 -1 12 13 -288.114502925836 0.6727289507909392
-1.25 -1 13 14 -212.0823304797634 0.6173834284580607
-1.25 -1 14 15 -153.1948935404425 0.5685696272266844
-1.25 -1 15 16 -107.2836513148886 0.5252547951414572
-1.25 -1 16 17 -71.30510058508617 0.4866085107155972
-1.25 -1 17 18 -43.00576650819835 0.451956392980322
-1.25 -1 18 19 -20.69577124388525 0.4207456341693292
-1.25 -1 19 20 -3.093224295580285 0.3925191156361875
-1.25 -1 20 21 10.78442204430507 0.3668957787584481
-1.25 -1 21 22 21.69736047252445 0.3435555862427043
-1.25 -1 22 23 30.23874194644952 0.3222278859078234
-1.25 -1 23 24 36.87492736770605 0.302682319305563
-1.25 -1 24 25 41.97512697234095 0.2847216551882216
-1.25 -1 25 26 45.83346451663112 0.2681760907821471
-1.25 -1 26 27 48.68556858203726 0.2528986846399738
-1.25 -1 27 28 50.72116507307749 0.2387616674655267
-1.25 -1 28 29 52.09371732808791 0.2256534427176871
-1.25 -1 29 30 52.92786498961971 0.2134761293840074
-1.25 -1 30 31 53.32520684285794 0.2021435385516253
-1.25 -1 31 32 53.36882717405774 0.1915794955619723
-1.25 -1 32 33 53.12686126402798 0.181716441884772
-1.25 -1 33 34 52.65532067219999 0.1724942639075059
-1.25 -1 34 35 52.00034435829355 0.1638593063466937
-1.25 -1 35 36 51.20000157691925 0.1557635377208631
-1.25 -1 36 37 50.28574271016777 0.1481638417829696
-1.25 -1 37 38 49.28357205880792 0.1410214118112898
-1.25 -1 38 39 48.21499984328943 0.1343012328628242
-1.25 -1 39 40 47.09781797584805 0.1279716358018583
-1.25 -1 40 41 45.94673464781135 0.1220039123088208
-1.25 -1 41 42 44.77389506076901 0.1163719821789879
-1.25 -1 42 43 43.58931023671101 0.111052103686447
-1.25 -1 43 44 42.40121111380608 0.1060226209188709
-1.25 -1 44 45 41.21634178809467 0.1012637437303251
-1.25 -1 45 46 40.03902642217571 0.0971339931818872
-1.25 -1 46 47 38.8759418726236 0.09504067464236396
-1.25 -1 47 48 37.72949227892855 0.09518587842672467
-1.25 -1 48 49 36.60253843282851 0.09788957440002526
-1.25 -1 49 50 35.49713732113284 0.1056129157156432
-1 -0.75 0 1 5735.319109201368 1.928549251044564
-1 -0.75 1 2 -1756.00468543834 1.781295361535045
-1 -0.75 2 3 -5492.241809241948 1.598432098321112
-1 -0.75 3 4 -4379.676308677286 1.536056226451363
-1 -0.75 4 5 -3204.386910089892 1.371158486637693
-1 -0.75 5 6 -2325.719680372444 1.215004248027462
-1 -0.75 6 7 -1700.14274028701 1.08114637675893
-1 -0.75 7 8 -1254.79228811367 0.9678743279645848
-1 -0.75 8 9 -933.8502204299252 0.8724538840740743
-1 -0.75 9 10 -699.055408166374 0.7895558689524205
-1 -0.75 10 11 -524.6238960123833 0.7189976018811731
-1 -0.75 11 12 -393.3904692947858 0.6573345181942197
-1 -0.75 12 13 -293.4839155183981 0.6032844381474785
-1 -0.75 13 14 -216.6744716600506 0.5555876585182342
-1 -0.75 14 15 -157.1376014725713 0.5132417898132143
-1 -0.75 15 16 -110.6825244661759 0.4754408242336676
-1 -0.75 16 17 -74.24746860718119 0.4415300925447784
-1 -0.75 17 18 -45.56400222253114 0.4109727953854763
-1 -0.75 18 19 -22.93000332500696 0.3833249037057957
-1 -0.75 19 20 -5.053542060722748 0.3582161379364046
-1 -0.75 20 21 9.056180903148515 0.3353353972540912
-1 -0.75 21 22 20.16615967811754 0.3144194893440558
-1 -0.75 22 23 28.87516794340604 0.295244320394472
-1 -0.75 23 24 35.65422870405359 0.2776179500234148
-1 -0.75 24 25 40.87642900323101 0.2613750684976731
-1 -0.75 25 26 44.83912537719073 0.2463725684399047
-1 -0.75 26 27 47.78064932812299 0.2324859680344544
-1 -0.75 27 28 49.89299239497927 0.2196065013836856
-1 -0.75 28 29 51.33152157964764 0.2076387357897228
-1 -0.75 29 30 52.22247970137187 0.1964986078632684
-1 -0.75 30 31 52.6688185914935 0.1861117951331746
-1 -0.75 31 32 52.75476682687088 0.1764123595393822
-1 -0.75 32 33 52.54942931925666 0.1673416092936817
-1 -0.75 33 34 52.10964078029366 0.1588471410845077
-1 -0.75 34 35 51.48224019776842 0.1508820292480754
-1 -0.75 35 36 50.70589313613186 0.1434041366492836
-1 -0.75 36 37 49.81255873380832 0.1363755264134699
-1 -0.75 37 38 48.82867599260305 0.1297619576275734
-1 -0.75 38 39 47.77612707567988 0.1235324519350829
-1 -0.75 39 40 46.67302255283113 0.1176589189821374
-1 -0.75 40 41 45.53434395456571 0.1121158317558718
-1 -0.75 41 42 44.37247120817887 0.1068799454538802
-1 -0.75 42 43 43.19761711078297 0.1019300507744954
-1 -0.75 43 44 42.01818621082202 0.09724675984718045
-1 -0.75 44 45 40.84107210485098 0.09281231721277733
-1 -0.75 45 46 39.67070866285866 0.08937648430414873
-1 -0.75 46 47 38.51392048674032 0.0897402820451854
-1 -0.75 47 48 37.3731881271963 0.09399838948065778
-1 -0.75 48 49 36.25145486919803 0.1014455068148985
-1 -0.75 49 50 35.15084584424758 0.1093123646106057
-0.75 -0.5 0 1 5952.212290646275 2.678458556307928
-0.75 -0.5 1 2 -1558.145662766276 2.074317659458981
-0.75 -0.5 2 3 -5477.128665531201 1.602715155848326
-0.75 -0.5 3 4 -4392.792210165378 1.546876194967367
-0.75 -0.5 4 5 -3222.313270019776 1.382151931149333
-0.75 -0.5 5 6 -2343.225819587812 1.224385425790296
-0.75 -0.5 6 7 -1715.973122835798 1.088548157154469
-0.75 -0.5 7 8 -1268.755252176344 0.9734806227912296
-0.75 -0.5 8 9 -946.0646065908309 0.8766191371882296
-0.75 -0.5 9 10 -709.7221759415102 0.7925856117812053
-0.75 -0.5 10 11 -533.9466492550869 0.7211877459095311
-0.75 -0.5 11 12 -401.5606213770307 0.6588903944506346
-0.75 -0.5 12 13 -300.6676223437014 0.6043669449895209
-0.75 -0.5 13 14 -223.0140258112958 0.5563175436087914
-0.75 -0.5 14 15 -162.7536957651714 0.5156030573597052
-0.75 -0.5 15 16 -115.6771414733835 0.4801600391129981
-0.75 -0.5 16 17 -78.70671779327677 0.4480550082455911
-0.75 -0.5 17 18 -49.5606601163438 0.4188879882919543
-0.75 -0.5 18 19 -26.52569494694262 0.3923137285356619
-0.75 -0.5 19 20 -8.300576139097984 0.3680344455628491
-0.75 -0.5 20 21 6.113283614567308 0.345793028021308
-0.75 -0.5 21 22 17.48939949224132 0.325367014596434
-0.75 -0.5 22 23 26.43201754358324 0.3065634004616742
-0.75 -0.5 23 24 33.41676473152586 0.2892142249858821
-0.75 -0.5 24 25 38.82061188990883 0.2731728492411685
-0.75 -0.5 25 26 42.94420087278468 0.2583108287354564
-0.75 -0.5 26 27 46.02864995543598 0.2445152862471959
-0.75 -0.5 27 28 48.26832106134293 0.2316867057798196
-0.75 -0.5 28 29 49.82060287635954 0.2197370740983888
-0.75 -0.5 29 30 50.81346709301624 0.2085883150053241
-0.75 -0.5 30 31 51.3513478776282 0.1981709622253592
-0.75 -0.5 31 32 51.51974801061795 0.1884230363039792
-0.75 -0.5 32 33 51.38887044250964 0.1792890861841612
-0.75 -0.5 33 34 51.01649843322934 0.1707193723004176
-0.75 -0.5 34 35 50.45029234560428 0.1626691664190549
-0.75 -0.5 35 36 49.72963066729523 0.1550981497554795
-0.75 -0.5 36 37 48.88709275006107 0.1479698949204205
-0.75 -0.5 37 38 47.94965837047829 0.1412514169964156
-0.75 -0.5 38 39 46.93968224189064 0.1349127850689664
-0.75 -0.5 39 40 45.8756887592923 0.1289267841326127
-0.75 -0.5 40 41 44.77302261728443 0.1232686200853899
-0.75 -0.5 41 42 43.64438310794884 0.1179156622230865
-0.75 -0.5 42 43 42.5002644460306 0.1128472167324981
-0.75 -0.5 43 44 41.34931965188451 0.1080443286983229
-0.75 -0.5 44 45 40.19866213000188 0.1034896062453779
-0.75 -0.5 45 46 39.05290716200324 0.09956612497298117
-0.75 -0.5 46 47 37.91907588942865 0.09776057975733475
-0.75 -0.5 47 48 36.799789576216 0.09827091321201374
-0.75 -0.5 48 49 35.69812893568499 0.1018635119533463
-0.75 -0.5 49 50 34.61634086682582 0.1099209745556685
-0.5 -0.25 0 1 6095.165619366726 2.608459858306996
-0.5 -0.25 1 2 -1433.531774258755 1.465101533064182
-0.5 -0.25 2 3 -5471.833414867756 1.578684484186948
-0.5 -0.25 3 4 -4404.599993398468 1.540327277412652
-0.5 -0.25 4 5 -3236.224859814055 1.387617977453465
-0.5 -0.25 5 6 -2356.114553290233 1.277844181752806
-0.5 -0.25 6 7 -1727.232445932718 1.161824410381667
-0.5 -0.25 7 8 -1278.410285258424 1.05400302014195
-0.5 -0.25 8 9 -954.3000505717823 0.9577442228417513
-0.5 -0.25 9 10 -716.7409814239659 0.8734008291738039
-0.5 -0.25 10 11 -539.939239999344 0.7983060461312674
-0.5 -0.25 11 12 -406.6904031541344 0.7323827483512572
-0.5 -0.25 12 13 -305.0722329499117 0.6740443236058957
-0.5 -0.25 13 14 -226.8081224399286 0.6222086617890314
-0.5 -0.25 14 15 -166.0324729939575 0.5759554964368454
-0.5 -0.25 15 16 -118.5196455122275 0.5345105251229002
-0.5 -0.25 16 17 -81.17871069238731 0.4972241826650618
-0.5 -0.25 17 18 -51.71700463597199 0.4635510432134349
-0.5 -0.25 18 19 -28.41230695183481 0.4330317781568129
-0.5 -0.25 19 20 -9.956011594999609 0.4052780247973102
-0.5 -0.25 20 21 4.656541186070626 0.3799599479177364
-0.5 -0.25 21 22 16.20389367517896 0.3567961058687866
-0.5 -0.25 22 23 25.29446825177524 0.3355452175819559
-0.5 -0.25 23 24 32.4073735804767 0.3159994730424472
-0.5 -0.25 24 25 37.92249303965514 0.2979790846468869
-0.5 -0.25 25 26 42.14291296281476 0.2813278352619267
-0.5 -0.25 26 27 45.31180976388725 0.26590942608871
-0.5 -0.25 27 28 47.62528348072055 0.25160446705881
-0.5 -0.25 28 29 49.24219490861299 0.2383079859270524
-0.5 -0.25 29 30 50.29176601822621 0.2259273573574747
-0.5 -0.25 30 31 50.87949567568 0.2143805728904124
-0.5 -0.25 31 32 51.09179564704789 0.2035947897982084
-0.5 -0.25 32 33 50.99964683349845 0.1935051076995327
-0.5 -0.25 33 34 50.66149987675658 0.1840535342208919
-0.5 -0.25 34 35 50.12558897586342 0.1751881055335859
-0.5 -0.25 35 36 49.4317871071068 0.1668621364465221
-0.5 -0.25 36 37 48.61310064586229 0.1590335781999152
-0.5 -0.25 37 38 47.69687889023254 0.1516644674605423
-0.5 -0.25 38 39 46.70579695506035 0.1447204497417575
-0.5 -0.25 39 40 45.65865758191268 0.1381703690358405
-0.5 -0.25 40 41 44.57104772973628 0.1319859097716327
-0.5 -0.25 41 42 43.4558779305687 0.126141286995422
-0.5 -0.25 42 43 42.32382691028278 0.1206129742441309
-0.5 -0.25 43 44 41.18370912558277 0.1153794667550012
-0.5 -0.25 44 45 40.04277946079549 0.1104210723729069
-0.5 -0.25 45 46 38.9057681889974 0.106100580289759
-0.5 -0.25 46 47 37.7798238942579 0.1038392666261217
-0.5 -0.25 47 48 36.66765467407063 0.1038425467915489
-0.5 -0.25 48 49 35.57242593631972 0.1059847171307557
-0.5 -0.25 49 50 34.4964605159789 0.1112564758881663
-0.25 0 0 1 6167.122537344902 2.734113739334459
-0.25 0 1 2 -1370.321564257576 1.967516639483133
-0.25 0 2 3 -5468.317291614932 1.600850752392579
-0.25 0 3 4 -4409.142996352426 1.552378502402759
-0.25 0 4 5 -3241.498197480903 1.389796407577498
-0.25 0 5 6 -2360.750061432271 1.232620385001262
-0.25 0 6 7 -1731.048101091139 1.096820089695306
-0.25 0 7 8 -1281.483683225675 0.9815278113835794
-0.25 0 8 9 -956.7539767949847 0.8836423157828006
-0.25 0 9 10 -718.6907718434163 0.806163630390248
-0.25 0 10 11 -541.4807689008803 0.7400369184024035
-0.25 0 11 12 -407.9026082914525 0.6814092892229286
-0.25 0 12 13 -306.0182624629615 0.6290791692150133
-0.25 0 13 14 -227.5386437607476 0.5822572920976598
-0.25 0 14 15 -166.5882268458154 0.5402360658751126
-0.25 0 15 16 -118.9335096682805 0.5023989603128566
-0.25 0 16 17 -81.47732461170745 0.4682156437274846
-0.25 0 17 18 -51.9220378313828 0.4372322818183182
-0.25 0 18 19 -28.54144908762623 0.40906093096572
-0.25 0 19 20 -10.02374831216252 0.3833695910034191
-0.25 0 20 21 4.638316925949994 0.3598734508777826
-0.25 0 21 22 16.22539682569982 0.3383274177497429
-0.25 0 22 23 25.34763486222505 0.3185198391002398
-0.25 0 23 24 32.48555027412431 0.3002672679501845
-0.25 0 24 25 38.02018636149694 0.2834101124694804
-0.25 0 25 26 42.25558603689399 0.2678090205306192
-0.25 0 26 27 45.43571659011388 0.2533418736995947
-0.25 0 27 28 47.75733336343717 0.2399012801051307
-0.25 0 28 29 49.37984114212441 0.2273924792299051
-0.25 0 29 30 50.43291419953709 0.2157315845900891
-0.25 0 30 31 51.02242797142696 0.2048441038082242
-0.25 0 31 32 51.23510807740797 0.1946636898211797
-0.25 0 32 33 51.14219722116252 0.18513108104548
-0.25 0 33 34 50.80236455724355 0.1761932000028897
-0.25 0 34 35 50.26402672745184 0.1678023842618561
-0.25 0 35 36 49.56720904841694 0.1599157269484836
-0.25 0 36 37 48.74504507312338 0.1524945095312445
-0.25 0 37 38 47.8249902178012 0.1455037137032626
-0.25 0 38 39 46.82980806687294 0.1389115980508484
-0.25 0 39 40 45.77837502551802 0.1326893307592153
-0.25 0 40 41 44.68633928432143 0.1268106709044056
-0.25 0 41 42 43.5666621586804 0.1212516889253835
-0.25 0 42 43 42.43006437165229 0.1159905229564736
-0.25 0 43 44 41.28539498382167 0.1110071645832786
-0.25 0 44 45 40.13993726040673 0.1062832703825893
-0.25 0 45 46 38.99843923920218 0.102199717445763
-0.25 0 46 47 37.86807942216342 0.1002396621727644
-0.25 0 47 48 36.75157536169522 0.1006074070828739
-0.25 0 48 49 35.65210422672067 0.1031544404663652
-0.25 0 49 50 34.57199834945047 0.1112402454082582
0 0.25 0 1 6166.864916617765 2.734120107251531
0 0.25 1 2 -1370.825956858845 1.967540564824885
0 0.25 2 3 -5468.689734795003 1.600813399522642
0 0.25 3 4 -4409.301307431937 1.552287645373328
0 0.25 4 5 -3241.518184681668 1.389706645653446
0 0.25 5 6 -2360.702797528826 1.232559838202861
0 0.25 6 7 -1730.973934638849 1.096790812952256
0 0.25 7 8 -1281.40290161763 0.9815226897710605
0 0.25 8 9 -956.6756934488121 0.8836525685607317
0 0.25 9 10 -718.6184379586712 0.8061810987837894
0 0.25 10 11 -541.4153660680399 0.7400590566517683
0 0.25 11 12 -407.8436250557825 0.6814324929875658
0 0.25 12 13 -305.9648578559363 0.6291018889885295
0 0.25 13 14 -227.4899224885376 0.5822787295101042
0 0.25 14 15 -166.543394027944 0.5402558645772249
0 0.25 15 16 -118.8919196256368 0.502417013250416
0 0.25 16 17 -81.43847996356908 0.4682319785835842
0 0.25 17 18 -51.88556821832753 0.4372469942864234
0 0.25 18 19 -28.50708426125425 0.4090741471453496
0 0.25 19 20 -9.991292480444372 0.3833814463709573
0 0.25 20 21 4.669006751212692 0.3598840792937159
0 0.25 21 22 16.2544278231203 0.3383369456464085
0 0.25 22 23 25.375091054103 0.3185283829535992
0 0.25 23 24 32.51150153420747 0.3002749337004486
0 0.25 24 25 38.04469454905779 0.2834169953591471
0 0.25 25 26 42.27870896710726 0.2678152057620805
0 0.25 26 27 45.45751043716518 0.2533474372021566
0 0.25 27 28 47.77785396941954 0.2399062894894158
0 0.25 28 29 49.39914459087822 0.2273969944713889
0 0.25 29 30 50.45105692101617 0.2157356589042835
0 0.25 30 31 51.03946656562891 0.2048477845435432
0 0.25 31 32 51.25109899098516 0.1946670187986061
0 0.25 32 33 51.15719636264134 0.1851340954248321
0 0.25 33 34 50.81642690988213 0.1761959328022068
0 0.25 34 35 50.27720599155504 0.1678048648814635
0 0.25 35 36 49.57955733357244 0.1599179812383714
0 0.25 36 37 48.7566126479793 0.1524965607125984
0 0.25 37 38 47.83582531687807 0.1455055823283689
0 0.25 38 39 46.83995675454958 0.1389133023009748
0 0.25 39 40 45.78788110911188 0.1326908870487978
0 0.25 40 41 44.69524427126481 0.1268120936452975
0 0.25 41 42 43.57500525048277 0.1212529911025362
0 0.25 42 43 42.43788248789446 0.1159917161406379
0 0.25 43 44 41.29272281091698 0.1110082590645937
0 0.25 44 45 40.14680731842475 0.1062842753358621
0 0.25 45 46 39.00488193305102 0.1022006528614479
0 0.25 46 47 37.87412320814207 0.1002405884864295
0 0.25 47 48 36.75724676493499 0.1006083825423499
0 0.25 48 49 35.65742797847327 0.1031555097229034
0 0.25 49 50 34.57699746024784 0.1112413591207169
0.25 0.5 0 1 6094.420142792364 2.608464144687264
0.25 0.5 1 2 -1434.984811518063 1.465097005837817
0.25 0.5 2 3 -5472.896366069344 1.57857991782599
0.25 0.5 3 4 -4405.045081377111 1.540172746102107
0.25 0.5 4 5 -3236.277719228615 1.387491533311338
0.25 0.5 5 6 -2355.980134433511 1.277777767123604
0.25 0.5 6 7 -1727.024634953146 1.161807994287843
0.25 0.5 7 8 -1278.185309486077 1.054020933834142
0.25 0.5 8 9 -954.0826384320094 0.9577815419578632
0.25 0.5 9 10 -716.54018876086 0.8734438456495115
0.25 0.5 10 11 -539.7574570240654 0.7983544040161523
0.25 0.5 11 12 -406.525978944951 0.7324305320729773
0.25 0.5 12 13 -304.9227346587602 0.6740896283178608
0.25 0.5 13 14 -226.6710483295328 0.6222506039991135
0.25 0.5 14 15 -165.9056525409874 0.5759937803764759
0.25 0.5 15 16 -118.4013527915049 0.5345451770692794
0.25 0.5 16 17 -81.06764623709955 0.4972553938938996
0.25 0.5 17 18 -51.61222578482875 0.4635790799851998
0.25 0.5 18 19 -28.31314633193506 0.4330569314047316
0.25 0.5 19 20 -9.862001827593758 0.4053005829407635
0.25 0.5 20 21 4.745729739252965 0.3799801835847435
0.25 0.5 21 22 16.28850092226867 0.3568142696073757
0.25 0.5 22 23 25.37467947367008 0.3355615359653178
0.25 0.5 23 24 32.48334388526655 0.3160141490505402
0.25 0.5 24 25 37.99436354457657 0.2979922989591879
0.25 0.5 25 26 42.21082083478257 0.2813397482036364
0.25 0.5 26 27 45.37589387749517 0.265920179732938
0.25 0.5 27 28 47.68568707341058 0.251614187052237
0.25 0.5 28 29 49.29906626958393 0.2383167833730643
0.25 0.5 29 30 50.34525796598609 0.2259353307045865
0.25 0.5 30 31 50.92976435968956 0.2143878091350587
0.25 0.5 31 32 51.13899903607489 0.2036013660495539
0.25 0.5 32 33 51.04394313094906 0.1935110922928045
0.25 0.5 33 34 50.7030460114986 0.1840589878322937
0.25 0.5 34 35 50.16453925327806 0.1751930819628411
0.25 0.5 35 36 49.46829206382557 0.1668666834323634
0.25 0.5 36 37 48.64730611879554 0.1590377383497623
0.25 0.5 37 38 47.72892529668979 0.1516682785976489
0.25 0.5 38 39 46.73581876716128 0.1447239457006665
0.25 0.5 39 40 45.6867829732405 0.1381735797873484
0.25 0.5 40 41 44.59739837108339 0.1319888622884444
0.25 0.5 41 42 43.48056891036344 0.1261440052112531
0.25 0.5 42 43 42.3469667566506 0.1206154796623848
0.25 0.5 43 44 41.20539991065743 0.1153817786908335
0.25 0.5 44 45 40.06311696641234 0.1104232080965833
0.25 0.5 45 46 38.92484205350183 0.1061025855498081
0.25 0.5 46 47 37.79771802858005 0.1038412947409142
0.25 0.5 47 48 36.68444735464843 0.1038447506567417
0.25 0.5 48 49 35.58819017917298 0.1059872198558475
0.25 0.5 49 50 34.51126428435364 0.1112592243566157
0.5 0.75 0 1 5950.926630802695 2.678463758928356
0.5 0.75 1 2 -1560.617305059609 2.074327105531167
0.5 0.75 2 3 -5478.875940384632 1.602650647952206
0.5 0.75 3 4 -4393.46449323757 1.546766474317444
0.5 0.75 4 5 -3222.334034348591 1.382057268321901
0.5 0.75 5 6 -2342.953758445401 1.224329416157938
0.5 0.75 6 7 -1715.597701323431 1.088526977669973
0.5 0.75 7 8 -1268.365359598189 0.9734855705724672
0.5 0.75 8 9 -945.696662735626 0.8766304599011534
0.5 0.75 9 10 -709.3876416693438 0.7926152103037191
0.5 0.75 10 11 -533.6472997643909 0.7212163702783736
0.5 0.75 11 12 -401.2921515878334 0.6589196644461882
0.5 0.75 12 13 -300.4250751066643 0.6043953445450769
0.5 0.75 13 14 -222.7926927507494 0.5563442865103698
0.5 0.75 14 15 -162.5496387102551 0.5156277103818411
0.5 0.75 15 16 -115.4872917057603 0.4801824918418202
0.5 0.75 16 17 -78.52879261290036 0.448075357319126
0.5 0.75 17 18 -49.39301598299926 0.4189063959534354
0.5 0.75 18 19 -26.36717406740195 0.3923303817483601
0.5 0.75 19 20 -8.150371000881933 0.3680495325895445
0.5 0.75 20 21 6.255739727527725 0.3458067265614808
0.5 0.75 21 22 17.62451589607622 0.3253794857351255
0.5 0.75 22 23 26.56010675015216 0.3065747876153546
0.5 0.75 23 24 33.53808459220647 0.2892246531913161
0.5 0.75 24 25 38.93539355511314 0.2731824272379596
0.5 0.75 25 26 43.05266628476386 0.2583196503876461
0.5 0.75 26 27 46.13102188968014 0.2445234326633289
0.5 0.75 27 28 48.36482806032745 0.2316942468525637
0.5 0.75 28 29 49.91148082341658 0.2197440705341442
0.5 0.75 29 30 50.89895870243981 0.2085948190118637
0.5 0.75 30 31 51.43170099635608 0.19817701984766
0.5 0.75 31 32 51.595213347445 0.1884286875665353
0.5 0.75 32 33 51.45969912667783 0.1792943663144593
0.5 0.75 33 34 51.08293965888731 0.1707243125339153
0.5 0.75 34 35 50.51259124839737 0.1626737943134161
0.5 0.75 35 36 49.78802650682519 0.1551024901932238
0.5 0.75 36 37 48.94181742668206 0.1479739699323425
0.5 0.75 37 38 48.00093527066718 0.141255246526717
0.5 0.75 38 39 46.98772538963806 0.1349163870977056
0.5 0.75 39 40 45.92070224090236 0.1289301750130191
0.5 0.75 40 41 44.81520024271413 0.1232718146591303
0.5 0.75 41 42 43.68390827140013 0.1179186739813502
0.5 0.75 42 43 42.53731014920487 0.1128500580787148
0.5 0.75 43 44 41.38404865844433 0.1080470108912517
0.5 0.75 44 45 40.23122722234672 0.1034921398588167
0.5 0.75 45 46 39.08345137917996 0.09956856528595813
0.5 0.75 46 47 37.94773313372093 0.09776314848809026
0.5 0.75 47 48 36.82668480770803 0.0982738383432185
0.5 0.75 48 49 35.7233787452121 0.1018669499031693
0.5 0.75 49 50 34.64005379986673 0.1099247911857983
0.75 1 0 1 5733.434229039233 1.928473243839252
0.75 1 1 2 -1759.599908142267 1.780824303083437
0.75 1 2 3 -5494.733990391455 1.597873684652408
0.75 1 3 4 -4380.586151689869 1.535864859694839
0.75 1 4 5 -3204.359549672554 1.371326128585943
0.75 1 5 6 -2325.282339453101 1.21538645610255
0.75 1 6 7 -1699.56770180446 1.081610411119079
0.75 1 7 8 -1254.205116036639 0.9683412211201147
0.75 1 8 9 -933.3002289034366 0.8723019951809415
0.75 1 9 10 -698.5605129343612 0.7905208444758518
0.75 1 10 11 -524.1828321166263 0.7193102020182366
0.75 1 11 12 -392.9972659870627 0.6575946624638497
0.75 1 12 13 -293.1309146112108 0.6034985923600907
0.75 1 13 14 -216.3544723740627 0.5557627047127489
0.75 1 14 15 -156.8445685898298 0.5133841989095705
0.75 1 15 16 -110.411710912645 0.475556331334606
0.75 1 16 17 -73.99528731230293 0.4416236144454252
0.75 1 17 18 -45.32781258341515 0.4110484616312543
0.75 1 18 19 -22.70789049550831 0.383386134594743
0.75 1 19 20 -4.844122444916593 0.3582657384131063
0.75 1 20 21 9.253917210757209 0.3353756509779845
0.75 1 21 22 20.35296960345931 0.3144522448192793
0.75 1 22 23 29.05164399012767 0.2952710673521067
0.75 1 23 24 35.82086145330595 0.277639885036104
0.75 1 24 25 41.03364952102095 0.2613931498568733
0.75 1 25 26 44.98733270587957 0.2463875619792554
0.75 1 26 27 47.92022727352537 0.2324984847732487
0.75 1 27 28 50.02431887651676 0.219617028170831
0.75 1 28 29 51.45497300254385 0.2076476602690258
0.75 1 29 30 52.33843214107094 0.1965062383504403
0.75 1 30 31 52.77764706722394 0.1861183770696395
0.75 1 31 32 52.85684354178454 0.1764180882145679
0.75 1 32 33 52.64512145809761 0.167346640052949
0.75 1 33 34 52.19930824265862 0.1588515978829801
0.75 1 34 35 51.56623349400348 0.1508860109599602
0.75 1 35 36 50.78455157256116 0.1434077222031256
0.75 1 36 37 49.88620894472905 0.136378779058329
0.75 1 37 38 48.89763082762909 0.1297649282977693
0.75 1 38 39 47.84068482794112 0.1235351814379372
0.75 1 39 40 46.73346649616599 0.1176614405518579
0.75 1 40 41 45.59094214724752 0.1121181723777197
0.75 1 41 42 44.42547652472484 0.1068821270645553
0.75 1 42 43 43.24726745680454 0.1019320914343851
0.75 1 43 44 42.06470488576224 0.09724867451404864
0.75 1 44 45 40.88466827632777 0.09281411838336712
0.75 1 45 46 39.71157777048597 0.08937823531285656
0.75 1 46 47 38.55224523085823 0.08974223395580534
0.75 1 47 48 37.40913872681585 0.09400078304330947
0.75 1 48 49 36.28518992741039 0.1014485190401174
0.75 1 49 50 35.18251283866246 0.1093159797462119
1 1.25 0 1 5453.062186039803 1.567533798699068
1 1.25 1 2 -2020.814519949448 0.6560866140444064
1 1.25 2 3 -5519.713085352418 1.850453947697074
1 1.25 3 4 -4369.556384826019 1.797396131714137
1 1.25 4 5 -3187.405000849239 1.600293905720433
1 1.25 5 6 -2308.841609644512 1.409274558541873
1 1.25 6 7 -1685.056044479105 1.245120299035801
1 1.25 7 8 -1241.764739275456 1.106987377900837
1 1.25 8 9 -922.7378325083205 0.9913376648769823
1 1.25 9 10 -689.6088281187203 0.8922697070733122
1 1.25 10 11 -516.594261884838 0.8083638582330157
1 1.25 11 12 -386.5466657864135 0.7357638179436147
1 1.25 12 13 -287.6297191000765 0.6726280368750057
1 1.25 13 14 -211.645536287944 0.6173127541413351
1 1.25 14 15 -152.797758277497 0.5685224210798105
1 1.25 15 16 -106.9194602907271 0.5252257652296346
1 1.25 16 17 -70.96864207041403 0.4865934761009739
1 1.25 17 18 -42.6930846445332 0.4519520308080399
1 1.25 18 19 -20.40389531844062 0.4207492997292278
1 1.25 19 20 -2.819923264020872 0.3925287078536631
1 1.25 20 21 11.04084239310509 0.3669096357924541
1 1.25 21 22 21.93821567331634 0.3435724019088749
1 1.25 22 23 30.46508706625707 0.3222466415400936
1 1.25 23 24 37.0876423121058 0.3027022279577878
1 1.25 24 25 42.17497607612779 0.2847421157376596
1 1.25 25 26 46.02113679395416 0.2681966505879028
1 1.25 26 27 48.86170388667199 0.2529190084217484
1 1.25 27 28 50.88637029308074 0.2387815128967244
1 1.25 28 29 52.24857574137184 0.2256726396936426
1 1.25 29 30 53.07294108618953 0.2134945641673447
1 1.25 30 31 53.46104827199497 0.2021611405208235
1 1.25 31 32 53.4959649791216 0.1915962268361574
1 1.25 32 33 53.24580919666391 0.1817322895500945
1 1.25 33 34 52.76657411113706 0.1725092329849766
1 1.25 34 35 52.10437916303465 0.1638734149720166
1 1.25 35 36 51.29727307250477 0.1557768134198454
1 1.25 36 37 50.37668490866503 0.1481763181434684
1 1.25 37 38 49.36859715983803 0.1410331263467453
1 1.25 38 39 48.29449801977319 0.1343122252819026
1 1.25 39 40 47.1721574255223 0.1279819464304366
1 1.25 40 41 46.01626187923893 0.1220135816323929
1 1.25 41 42 44.83893537718916 0.116381049603421
1 1.25 42 43 43.65016837945404 0.1110606074724883
1 1.25 43 44 42.4581720282452 0.1060305975898285
1 1.25 44 45 41.26967147985226 0.1012712281439029
1 1.25 45 46 40.08897260645227 0.09714111007839468
1 1.25 46 47 38.92273562843513 0.09504787564628053
1 1.25 47 48 37.77334828521055 0.09519360898551323
1 1.25 48 49 36.64365625931993 0.0978981370151371
1 1.25 49 50 35.53570215075644 0.1056219165190553
1.25 1.5 0 1 5122.299929546636 3.282707150054622
1.25 1.5 1 2 -2306.90993566314 4.103229397050317
1.25 1.5 2 3 -5519.877886167662 1.681878908123153
1.25 1.5 3 4 -4329.233080807659 1.604552766600241
1.25 1.5 4 5 -3144.157207131466 1.428616233200918
1.25 1.5 5 6 -2270.332175282265 1.260472527100888
1.25 1.5 6 7 -1652.397195846187 1.115429157228739
1.25 1.5 7 8 -1214.474941149278 0.9926608267223497
1.25 1.5 8 9 -900.0090386566094 0.8889744588193921
1.25 1.5 9 10 -670.6606081072191 0.80115618432947
1.25 1.5 10 11 -500.7565296462735 0.7252401250146719
1.25 1.5 11 12 -373.2643720026499 0.6598632010733584
1.25 1.5 12 13 -276.4526479998831 0.6029241428724398
1.25 1.5 13 14 -202.2092579230057 0.5529826841498452
1.25 1.5 14 15 -144.8069702998325 0.5088958551765027
1.25 1.5 15 16 -100.1340696143873 0.4697490656308656
1.25 1.5 16 17 -65.19258458305944 0.4348038306929915
1.25 1.5 17 18 -37.7654858768351 0.4034584512550419
1.25 1.5 18 19 -16.1921178643338 0.3752183935269189
1.25 1.5 19 20 0.7859028717412002 0.349673845849122
1.25 1.5 20 21 14.13213565745286 0.3264825754152764
1.25 1.5 21 22 24.59136347259823 0.3053567250906369
1.25 1.5 22 23 32.74417050117188 0.2860525470672207
1.25 1.5 23 24 39.04661831453143 0.2683623557274497
1.25 1.5 24 25 43.85943439511118 0.252108164374652
1.25 1.5 25 26 47.46972209498222 0.2392032557347721
1.25 1.5 26 27 50.10727260999204 0.2275560420254382
1.25 1.5 27 28 51.95693627414005 0.2166744189078887
1.25 1.5 28 29 53.16808669477859 0.2064937299549239
1.25 1.5 29 30 53.86191896068613 0.1969558996345402
1.25 1.5 30 31 54.13711949541369 0.1880086814054507
1.25 1.5 31 32 54.07430122033077 0.1796049943952065
1.25 1.5 32 33 53.73949508035059 0.1717023385987198
1.25 1.5 33 34 53.18691504967859 0.1642622812489133
1.25 1.5 34 35 52.46115990023463 0.1572500059314693
1.25 1.5 35 36 51.59897550323865 0.1506339164883777
1.25 1.5 36 37 50.6306721320725 0.1443852883297369
1.25 1.5 37 38 49.58126943608812 0.1384779629400153
1.25 1.5 38 39 48.47142527326957 0.132888077672488
1.25 1.5 39 40 47.31819211050225 0.1275938284551796
1.25 1.5 40 41 46.13563535131635 0.1225752596962583
1.25 1.5 41 42 44.93534037618747 0.1178140787417797
1.25 1.5 42 43 43.72682977955139 0.1132934915658912
1.25 1.5 43 44 42.51790765869026 0.1089980568772697
1.25 1.5 44 45 41.31494451420508 0.104913556474944
1.25 1.5 45 46 40.12195874988609 0.1013649924040733
1.25 1.5 46 47 38.94529561322872 0.09960198670042736
1.25 1.5 47 48 37.78712855029175 0.09978693959699361
1.25 1.5 48 49 36.65009635420171 0.1018083249149805
1.25 1.5 49 50 35.53605635764367 0.1044417962107904
1.5 1.75 0 1 4717.82758167133 0.943905409600858
1.5 1.75 1 2 -2683.54465089661 0.7559936181874422
1.5 1.75 2 3 -5542.521431643551 1.699489989232138
1.5 1.75 3 4 -4292.609789845092 1.642059063168948
1.5 1.75 4 5 -3096.796342535521 1.467963406416081
1.5 1.75 5 6 -2224.187665897039 1.293333132430476
1.5 1.75 6 7 -1610.61556389006 1.140245520246344
1.5 1.75 7 8 -1177.611790196654 1.010229926973309
1.5 1.75 8 9 -867.7918502423618 0.9006522785065364
1.5 1.75 9 10 -642.5746205565483 0.8082227141457013
1.5 1.75 10 11 -476.2644041569083 0.7287793417499557
1.5 1.75 11 12 -351.8559816611844 0.6607166087248977
1.5 1.75 12 13 -257.682899570357 0.6017418939901443
1.5 1.75 13 14 -185.6965461124687 0.5502618660073182
1.5 1.75 14 15 -130.2277925980702 0.5050166410837096
1.5 1.75 15 16 -87.21543522741217 0.465003211512771
1.5 1.75 16 17 -53.70435790188776 0.4294162800885967
1.5 1.75 17 18 -27.51346576909987 0.3976034791571562
1.5 1.75 18 19 -7.01207906980153 0.3690316304242366
1.5 1.75 19 20 9.033218395546328 0.3432612545524547
1.5 1.75 20 21 21.56517855482184 0.3199271873777841
1.5 1.75 21 22 31.31121253197216 0.2987237294191032
1.5 1.75 22 23 38.83736451855555 0.2793931632904924
1.5 1.75 23 24 44.58749087414481 0.2617168024323162
1.5 1.75 24 25 48.91204173270091 0.2455079518870098
1.5 1.75 25 26 52.08943861351725 0.230606326183168
1.5 1.75 26 27 54.34211496835292 0.2168735877517716
1.5 1.75 27 28 55.8486655242524 0.2041897552226453
1.5 1.75 28 29 56.75312854252547 0.1924502884541062
1.5 1.75 29 30 57.17213460453115 0.1815637103082517
1.5 1.75 30 31 57.20045335346981 0.1714496506967187
1.5 1.75 31 32 56.91532691264507 0.1620372307220838
1.5 1.75 32 33 56.37987706523472 0.153263718398283
1.5 1.75 33 34 55.64580011881742 0.1450734054993774
1.5 1.75 34 35 54.75551016392859 0.1374166637309942
1.5 1.75 35 36 53.74385241987221 0.1302491479795699
1.5 1.75 36 37 52.63947945212374 0.1235311212809207
1.5 1.75 37 38 51.46596156562453 0.1172268789389126
1.5 1.75 38 39 50.24268644901031 0.1113042570294321
1.5 1.75 39 40 48.98559086837349 0.1057342109547507
1.5 1.75 40 41 47.70775802476561 0.1004904501096207
1.5 1.75 41 42 46.4199067527606 0.09554912555547668
1.5 1.75 42 43 45.13079353236901 0.09088855604919432
1.5 1.75 43 44 43.84754375699748 0.08648899135323429
1.5 1.75 44 45 42.57592547184805 0.08233240566708409
1.5 1.75 45 46 41.31944239890731 0.07910984365207792
1.5 1.75 46 47 40.08392637865208 0.07940367481047393
1.5 1.75 47 48 38.87114558315443 0.0832933918118018
1.5 1.75 48 49 37.68335772700206 0.09012251855086605
1.5 1.75 49 50 36.52208650586297 0.09733411231711617
1.75 2 0 1 4289.167792704336 1.079793579796176
1.75 2 1 2 -3062.36538646201 2.589814854707252
1.75 2 2 3 -5548.784071506214 2.795618514221788
1.75 2 3 4 -4249.415740284163 2.327862377814737
1.75 2 4 5 -3051.283235154833 1.931413880362554
1.75 2 5 6 -2184.749591556551 1.628874976870468
1.75 2 6 7 -1577.985551341009 1.396518665262829
1.75 2 7 8 -1150.922313292819 1.214324648098572
1.75 2 8 9 -845.9797121044235 1.067440455785284
1.75 2 9 10 -624.6985850976062 0.9482406908580185
1.75 2 10 11 -461.5549761235775 0.8484234146747389
1.75 2 11 12 -339.7037110698834 0.7643389778673497
1.75 2 12 13 -247.6040156813492 0.6925172698123749
1.75 2 13 14 -177.3069986109417 0.6305327402034636
1.75 2 14 15 -123.2212253946775 0.5765582005931803
1.75 2 15 16 -81.34606796570279 0.5291913310711532
1.75 2 16 17 -48.77385396709178 0.4873379478905896
1.75 2 17 18 -23.36087327722657 0.4501316831880388
1.75 2 18 19 -3.506097508998891 0.4168775460407575
1.75 2 19 20 12.00021900500792 0.3870114914305487
1.75 2 20 21 24.08181491788889 0.360070940465284
1.75 2 21 22 33.45074033288483 0.3356729383257845
1.75 2 22 23 40.66056234832502 0.3134977335449887
1.75 2 23 24 46.14495245807791 0.2932762676637705
1.75 2 24 25 50.24600909462822 0.2747805289639466
1.75 2 25 26 53.23527652353164 0.2578160312895457
1.75 2 26 27 55.32950317040081 0.242215889995225
1.75 2 27 28 56.70256750067915 0.2278361127493177
1.75 2 28 29 57.49458228025651 0.2145518229379102
1.75 2 29 30 57.81890079014011 0.2022542068329546
1.75 2 30 31 57.76754878092561 0.1908480279092986
1.75 2 31 32 57.4154650320317 0.1802495880185365
1.75 2 32 33 56.82383307616351 0.1703850452558861
1.75 2 33 34 56.04271449488925 0.1611890172123882
1.75 2 34 35 55.1131417470616 0.1526034142461519
1.75 2 35 36 54.06879005499326 0.1445764607737259
1.75 2 36 37 52.9373194232017 0.1370618690698942
1.75 2 37 38 51.74145673261779 0.1300181393796067
1.75 2 38 39 50.49987189256382 0.1234079636585243
1.75 2 39 40 49.22788998318862 0.1171977165024339
1.75 2 40 41 47.93807229057421 0.1113570171133254
1.75 2 41 42 46.64069184929463 0.1058583534238621
1.75 2 42 43 45.34412399534978 0.100676755461938
1.75 2 43 44 44.05516800135769 0.0957895135077115
1.75 2 44 45 42.77931269448462 0.09117593157612645
1.75 2 45 46 41.51985453310851 0.08718208692613232
1.75 2 46 47 40.28235849821976 0.08517077939487173
1.75 2 47 48 39.06844930025679 0.08532489293588902
1.75 2 48 49 37.88023419358007 0.09097610260889154
1.75 2 49 50 36.71910113083652 0.09782971742359252
2 2.25 0 1 3814.141554366106 1.062734328029967
2 2.25 1 2 -3466.319338141786 0.8844862464260604
2 2.25 2 3 -5538.539106678309 1.667836620402235
2 2.25 3 4 -4173.896086058854 1.540404846058594
2 2.25 4 5 -2967.575153273157 1.357328708622623
2 2.25 5 6 -2106.767683096373 1.19586789851061
2 2.25 6 7 -1508.959944427939 1.060673848461338
2 2.25 7 8 -1090.944772070457 0.9470919527731648
2 2.25 8 9 -794.1841892203925 0.8514914827201979
2 2.25 9 10 -580.0060625322853 0.7699890421829602
2 2.25 10 11 -422.9435232675983 0.6992127447930575
2 2.25 11 12 -306.2460506588668 0.6379328906450067
2 2.25 12 13 -218.5138419151915 0.5842817980560648
2 2.25 13 14 -151.9229560882679 0.5369971995821472
2 2.25 14 15 -100.9906563845591 0.4950742737706572
2 2.25 15 16 -61.80786647407263 0.4577043022705978
2 2.25 16 17 -31.54287921615037 0.4242297828294033
2 2.25 17 18 -8.11461966367051 0.3941111720766891
2 2.25 18 19 10.02638338244651 0.3669019319075805
2 2.25 19 20 24.0473990815326 0.3422295841671282
2 2.25 20 21 34.83708851066729 0.3197811627466186
2 2.25 21 22 43.07844259249532 0.2992919343407318
2 2.25 22 23 49.30086845109383 0.2805365618048947
2 2.25 23 24 53.91787456388761 0.2633221263935561
2 2.25 24 25 57.25466711823822 0.2474825685293822
2 2.25 25 26 59.56858401567342 0.2328742258277677
2 2.25 26 27 61.06438111948671 0.2193722244089634
2 2.25 27 28 61.90577599494691 0.2068675424218643
2 2.25 28 29 62.22424177810831 0.1952646019349057
2 2.25 29 30 62.12576036030828 0.1844792853283882
2 2.25 30 31 61.69604729327887 0.1744372894585727
2 2.25 31 32 61.00462228559115 0.1650727534240054
2 2.25 32 33 60.10800072061068 0.1563271093936906
2 2.25 33 34 59.0522109339222 0.1481481139089428
2 2.25 34 35 57.87479069665244 0.140489028856722
2 2.25 35 36 56.60637881243798 0.1333079254953504
2 2.25 36 37 55.27199000326931 0.1265670904638873
2 2.25 37 38 53.89204068565846 0.1202325168984613
2 2.25 38 39 52.48317772851584 0.1142734671846693
2 2.25 39 40 51.05895058938734 0.1086620956842864
2 2.25 40 41 49.63035847553283 0.1033731210250168
2 2.25 41 42 48.20629713007907 0.09838354373233749
2 2.25 42 43 46.79392489424325 0.0936723975559228
2 2.25 43 44 45.39896343841977 0.0892205342183998
2 2.25 44 45 44.02594548435107 0.08501043377373886
2 2.25 45 46 42.67734099767412 0.08168462657425364
2 2.25 46 47 41.35791389788616 0.08164256393454186
2 2.25 47 48 40.06863690222417 0.08494676178020626
2 2.25 48 49 38.81101386802962 0.0909741316927344
2 2.25 49 50 37.58589498376551 0.09734762399760857
2.25 2.5 0 1 3309.017513222424 1.839606438973228
2.25 2.5 1 2 -3873.430534827643 0.9697643617166104
2.25 2.5 2 3 -5491.172283931449 1.697057957755576
2.25 2.5 3 4 -4067.542171939603 1.561879684883906
2.25 2.5 4 5 -2864.495322306135 1.376108690293517
2.25 2.5 5 6 -2018.561306297731 1.217045393655238
2.25 2.5 6 7 -1435.928227954388 1.097932831630661
2.25 2.5 7 8 -1030.951015473937 0.9900378657790023
2.25 2.5 8 9 -744.8606901024964 0.8954553744912311
2.25 2.5 9 10 -539.2948692859568 0.812770470949414
2.25 2.5 10 11 -389.1896139784376 0.7400185899074475
2.25 2.5 11 12 -278.119708668507 0.6763783092723368
2.25 2.5 12 13 -194.9683797222497 0.6203120973173285
2.25 2.5 13 14 -132.1292130792206 0.5706931196521148
2.25 2.5 14 15 -84.28827890456432 0.5265778186704998
2.25 2.5 15 16 -47.66750295134375 0.4871806104075814
2.25 2.5 16 17 -19.53729221462186 0.451847554287796
2.25 2.5 17 18 2.103324689015608 0.4200328734966134
2.25 2.5 18 19 18.74053528849822 0.3912792280523823
2.25 2.5 19 20 31.49125197314106 0.3652015731826406
2.25 2.5 20 21 41.2037832993384 0.3414741035321114
2.25 2.5 21 22 48.52856752275272 0.3198197371065705
2.25 2.5 22 23 53.96858549946649 0.3000016464397345
2.25 2.5 23 24 57.91576616505313 0.2818164237247168
2.25 2.5 24 25 60.67759690272726 0.2650885454642234
2.25 2.5 25 26 62.496792128979 0.2496658707258305
2.25 2.5 26 27 63.56598101083932 0.2354159625719279
2.25 2.5 27 28 64.03877991265279 0.2222230681244273
2.25 2.5 28 29 64.03821271352604 0.2099856262880714
2.25 2.5 29 30 63.66316606867537 0.198614202195159
2.25 2.5 30 31 62.99337532465984 0.1880297656644884
2.25 2.5 31 32 62.09330224735766 0.1781622505148958
2.25 2.5 32 33 61.01517025708466 0.168949343786494
2.25 2.5 33 34 59.80135439091504 0.1603354625583975
2.25 2.5 34 35 58.48627359673822 0.1522708870093347
2.25 2.5 35 36 57.09789670251115 0.1447110222473077
2.25 2.5 36 37 55.65894664553412 0.1376157670969882
2.25 2.5 37 38 54.18786771899403 0.1309489734197932
2.25 2.5 38 39 52.69960567395776 0.1246779798330042
2.25 2.5 39 40 51.2062392663114 0.1187732102599646
2.25 2.5 40 41 49.71749344334279 0.1132078242260115
2.25 2.5 41 42 48.24115761097875 0.1079574153298275
2.25 2.5 42 43 46.7834276739423 0.1029997460990495
2.25 2.5 43 44 45.34918648357345 0.09831451807494884
2.25 2.5 44 45 43.94223438070102 0.09388316876501994
2.25 2.5 45 46 42.56443671158175 0.09001183402257013
2.25 2.5 46 47 41.21992737446936 0.08789407222423259
2.25 2.5 47 48 39.90922309755769 0.08766558997097335
2.25 2.5 48 49 38.63339570358596 0.08917302207055502
2.25 2.5 49 50 37.39291551225796 0.09318712739266677
2.5 2.75 0 1 2750.685254974473 2.615317906067852
2.5 2.75 1 2 -4314.457264642476 1.109543949129582
2.5 2.75 2 3 -5437.607527784312 2.341562943558893
2.5 2.75 3 4 -3949.696437762996 2.396968842087884
2.5 2.75 4 5 -2748.262797417602 2.161046338459205
2.5 2.75 5 6 -1916.831012564269 1.906976220502058
2.5 2.75 6 7 -1349.777938413893 1.681678775159665
2.5 2.75 7 8 -958.6536245771936 1.48987201320842
2.5 2.75 8 9 -684.2195187618736 1.327682182770762
2.5 2.75 9 10 -488.2815884442994 1.190595169278176
2.5 2.75 10 11 -346.1072891316176 1.073265128732043
2.5 2.75 11 12 -241.5652296660915 0.9725123638868797
2.5 2.75 12 13 -163.8101654450345 0.8852543560198491
2.5 2.75 13 14 -105.4532414805124 0.8091473918100105
2.5 2.75 14 15 -61.35459405556526 0.7423293318910111
2.5 2.75 15 16 -27.87451237478831 0.6833115158947866
2.5 2.75 16 17 -2.393373315539293 0.6308946747821289
2.5 2.75 17 18 17.002123906517 0.5841047527270474
2.5 2.75 18 19 31.72794924593995 0.5421441465536856
2.5 2.75 19 20 42.84447417155525 0.5043545763610912
2.5 2.75 20 21 51.15422293658105 0.4701886596324353
2.5 2.75 21 22 57.27035110413169 0.4391879953453584
2.5 2.75 22 23 61.66531314929193 0.4109661374926863
2.5 2.75 23 24 64.70591160216429 0.385195263076503
2.5 2.75 24 25 66.67884795687394 0.361595650941331
2.5 2.75 25 26 67.80955907411885 0.3399273160177141
2.5 2.75 26 27 68.27624747549919 0.3199833074291016
2.5 2.75 27 28 68.22043145543023 0.30158430313274
2.5 2.75 28 29 67.75494806706166 0.2845742198320204
2.5 2.75 29 30 66.97007315094902 0.2688166253033935
2.5 2.75 30 31 65.93823656516565 0.2541917885453839
2.5 2.75 31 32 64.71768026959495 0.2405942405121618
2.5 2.75 32 33 63.35531449045362 0.2279307456303023
2.5 2.75 33 34 61.88896103674284 0.2161186070052061
2.5 2.75 34 35 60.34912498743074 0.205084242707171
2.5 2.75 35 36 58.76040106345289 0.1947619844491928
2.5 2.75 36 37 57.14259529213359 0.1850930598242634
2.5 2.75 37 38 55.51162355264427 0.1760247257977629
2.5 2.75 38 39 53.88023430859886 0.1675095284898082
2.5 2.75 39 40 52.25859208884054 0.159504668462554
2.5 2.75 40 41 50.65475026459694 0.1519714538662098
2.5 2.75 41 42 49.07503524641893 0.1448748287133062
2.5 2.75 42 43 47.52435970192747 0.1381829636108901
2.5 2.75 43 44 46.00647855908937 0.1318669000937442
2.5 2.75 44 45 44.52419875230586 0.1259002405190346
2.5 2.75 45 46 43.07854487455396 0.1204825300550272
2.5 2.75 46 47 41.67280623089459 0.1164341677430075
2.5 2.75 47 48 40.30684953078969 0.1138693490801824
2.5 2.75 48 49 38.98113830693953 0.1127304472800876
2.5 2.75 49 50 37.69560162272268 0.1122028416105509
2.75 3 0 1 2130.460507635202 2.281146144827891
2.75 3 1 2 -4756.271362318207 3.436108934002455
2.75 3 2 3 -5328.599394152267 5.561667520320748
2.75 3 3 4 -3778.970326927104 4.884664671619009
2.75 3 4 5 -2588.769242000769 4.114426766420991
2.75 3 5 6 -1781.114556962873 3.479062764972092
2.75 3 6 7 -1237.179083038829 2.974540868370213
2.75 3 7 8 -865.7560992595954 2.572273557416184
2.75 3 8 9 -607.4426189106916 2.247317461443541
2.75 3 9 10 -424.5759932459284 1.981688528640419
2.75 3 10 11 -293.0446533710835 1.760087108142973
2.75 3 11 12 -197.0738223672674 1.574665165624754
2.75 3 12 13 -126.3481593000809 1.416895493058808
2.75 3 13 14 -73.76959589779335 1.281559715677711
2.75 3 14 15 -34.45021364665536 1.1644726915598
2.75 3 15 16 -4.946564866272638 1.062400485098409
2.75 3 16 17 17.20753918351375 0.9728103188715735
2.75 3 17 18 33.80476783350673 0.8936938330628429
2.75 3 18 19 46.16562599986275 0.8234403331336207
2.75 3 19 20 55.27441786496456 0.7607445712992599
2.75 3 20 21 61.87264341584967 0.704538722064605
2.75 3 21 22 66.5241788601254 0.6539415484433109
2.75 3 22 23 69.66143298188547 0.6082199497456869
2.75 3 23 24 71.61847195620078 0.5667595437520392
2.75 3 24 25 72.6550855504172 0.5290419219450945
2.75 3 25 26 72.97447003680657 0.4946268904410442
2.75 3 26 27 72.73635616070464 0.4631384764973143
2.75 3 27 28 72.06684869830008 0.4342538072698625
2.75 3 28 29 71.06586632397841 0.4076942010947232
2.75 3 29 30 69.81281264312082 0.3832179770712834
2.75 3 30 31 68.37093134748466 0.3606146117219675
2.75 3 31 32 66.79067394986271 0.3396999579918518
2.75 3 32 33 65.11232060495621 0.3203123106366007
2.75 3 33 34 63.36803172879218 0.3023091482148645
2.75 3 34 35 61.58346281022693 0.285564421251386
2.75 3 35 36 59.77904183601589 0.269966283033037
2.75 3 36 37 57.97098451749832 0.2554151818045269
2.75 3 37 38 56.17210462831503 0.2418222490003231
2.75 3 38 39 54.39246335548415 0.2291079320433529
2.75 3 39 40 52.63989151342889 0.2172008295275237
2.75 3 40 41 50.92041098758901 0.2060366948841706
2.75 3 41 42 49.23857578250249 0.1955575811854333
2.75 3 42 43 47.59774884822906 0.1857111044223287
2.75 3 43 44 46.00032730202267 0.1764498061338574
2.75 3 44 45 44.44792606099094 0.1677306014387429
2.75 3 45 46 42.94056590920158 0.159668913263048
2.75 3 46 47 41.48052369045485 0.1528166523463486
2.75 3 47 48 40.06689623604493 0.1472525423456378
2.75 3 48 49 38.69942721156343 0.1429504213402762
2.75 3 49 50 37.37740658505973 0.1393445857401918
3 3.25 0 1 1448.591300026208 1.417700123052539
3 3.25 1 2 -5129.875087885352 8.584135390607585
3 3.25 2 3 -5108.222812992261 9.73122648830573
3 3.25 3 4 -3519.283105482161 8.054979000151405
3 3.25 4 5 -2363.023438588585 6.594559739148997
3 3.25 5 6 -1596.617461173904 5.475824961484016
3 3.25 6 7 -1088.553518072003 4.620075226647725
3 3.25 7 8 -746.0797201766245 3.953851228306412
3 3.25 8 9 -510.6676462779133 3.425022692751003
3 3.25 9 10 -345.8533933031565 2.997320018900837
3 3.25 10 11 -228.6187798795611 2.646018317419904
3 3.25 11 12 -144.0951506278782 2.353502813493298
3 3.25 12 13 -82.55868260779584 2.106833947131189
3 3.25 13 14 -37.42691614314276 1.896664487586996
3 3.25 14 15 -4.186365235123731 1.715924569055437
3 3.25 15 16 20.32153374155905 1.559213700184992
3 3.25 16 17 38.34453896702234 1.422343436860243
3 3.25 17 18 51.50640370076678 1.302020575361905
3 3.25 18 19 60.99586809973368 1.195623598426281
3 3.25 19 20 67.6935780747159 1.101042196215895
3 3.25 20 21 72.25882512202338 1.016560228782609
3 3.25 21 22 75.18978971528304 0.9407691203518967
3 3.25 22 23 76.86600489182183 0.8725029098531163
3 3.25 23 24 77.57869488654796 0.8107889396040326
3 3.25 24 25 77.5527209988611 0.7548099897923168
3 3.25 25 26 76.96263738789492 0.7038748960641977
3 3.25 26 27 75.94456040210792 0.6573955273778744
3 3.25 27 28 74.60502711262586 0.6148685846127845
3 3.25 28 29 73.02766502801694 0.5758610893435964
3 3.25 29 30 71.27825441277361 0.5399987242477774
3 3.25 30 31 69.40859924206563 0.5069563964187285
3 3.25 31 32 67.45950745610844 0.476450547288001
3 3.25 32 33 65.46309994309678 0.4482328461426618
3 3.25 33 34 63.44460984514456 0.4220849868467464
3 3.25 34 35 61.42379219246226 0.3978143706715455
3 3.25 35 36 59.41603367845011 0.3752505051813997
3 3.25 36 37 57.43323028389705 0.3542419853416907
3 3.25 37 38 55.48448418796517 0.3346539506775994
3 3.25 38 39 53.5766592401275 0.316365933527833
3 3.25 39 40 51.71482517760495 0.2992700310251479
3 3.25 40 41 49.90261401790792 0.2832693450615014
3 3.25 41 42 48.14250667927155 0.2682766466027092
3 3.25 42 43 46.43606409704716 0.2542132271865882
3 3.25 43 44 44.78411394775688 0.2410079085101329
3 3.25 44 45 43.186901751411 0.2285961850553926
3 3.25 45 46 41.64331341937648 0.2170219128643233
3 3.25 46 47 40.15445284038617 0.2066221407767431
3 3.25 47 48 38.71856162636138 0.197426823870628
3 3.25 48 49 37.33457812785493 0.1894043696015045
3 3.25 49 50 36.00108186826346 0.1821659163507988
3.25 3.5 0 1 731.9413791883234 0.4598796469489882
3.25 3.5 1 2 -5312.549334898034 19.30777664202491
3.25 3.5 2 3 -4700.67294011146 15.80589548674451
3.25 3.5 3 4 -3126.287744549094 12.05753997565738
3.25 3.5 4 5 -2045.175292169759 9.456954305865146
3.25 3.5 5 6 -1348.533188897095 7.63085424045804
3.25 3.5 6 7 -895.8230649050602 6.300831775728623
3.25 3.5 7 8 -595.7231066799036 5.298839933773658
3.25 3.5 8 9 -392.6064389271678 4.522438694005863
3.25 3.5 9 10 -252.5174931331862 3.906593590265915
3.25 3.5 10 11 -154.3258565059007 3.408639387438186
3.25 3.5 11 12 -84.72340296814991 2.999303897589535
3.25 3.5 12 13 -34.96849254019457 2.658259393421137
3.25 3.5 13 14 0.8170828018055545 2.370649485281688
3.25 3.5 14 15 26.56486392754323 2.125612733157754
3.25 3.5 15 16 45.02198503676391 1.914960698871423
3.25 3.5 16 17 58.12710393177576 1.732426207754342
3.25 3.5 17 18 67.26917852572922 1.573138294279042
3.25 3.5 18 19 73.45670843353639 1.433259013821654
3.25 3.5 19 20 77.43060296186036 1.309727095056245
3.25 3.5 20 21 79.74081740084932 1.200073690701967
3.25 3.5 21 22 80.79925065725308 1.102287763938276
3.25 3.5 22 23 80.91680948526016 1.014716269757031
3.25 3.5 23 24 80.32973637994826 0.93598913231196
3.25 3.5 24 25 79.21854607358938 0.8649621596057309
3.25 3.5 25 26 77.72180175984869 0.8006731134911744
3.25 3.5 26 27 75.9462421482682 0.7423075501952318
3.25 3.5 27 28 73.97429715571337 0.6891720024901677
3.25 3.5 28 29 71.86971445705041 0.6406727376377397
3.25 3.5 29 30 69.68180545051979 0.5962987929371325
3.25 3.5 30 31 67.44867292613304 0.5556083229941521
3.25 3.5 31 32 65.19968111716844 0.5182175332864388
3.25 3.5 32 33 62.95735756703891 0.4837916500211807
3.25 3.5 33 34 60.73886571850795 0.452037505196638
3.25 3.5 34 35 58.55715093942729 0.4226974119194147
3.25 3.5 35 36 56.42183653160487 0.3955440775351427
3.25 3.5 36 37 54.33992717884846 0.3703763565171486
3.25 3.5 37 38 52.31636329624689 0.3470156869198825
3.25 3.5 38 39 50.35445932290239 0.3253030866045498
3.25 3.5 39 40 48.45625123184371 0.3050966098891488
3.25 3.5 40 41 46.62277280121518 0.2862691851816287
3.25 3.5 41 42 44.85427562375466 0.2687067691385929
3.25 3.5 42 43 43.15040463922386 0.2523067650655084
3.25 3.5 43 44 41.51033833650803 0.2369766629910597
3.25 3.5 44 45 39.93290078749519 0.2226328659103651
3.25 3.5 45 46 38.41584251864492 0.2092913493453309
3.25 3.5 46 47 36.95902313347806 0.1972377060780308
3.25 3.5 47 48 35.55986178924088 0.1864913309239702
3.25 3.5 48 49 34.21650613200977 0.1770194329285076
3.25 3.5 49 50 32.92684990768599 0.1684646979988018
3.5 3.75 0 1 65.56208940192988 1.782376311314258
3.5 3.75 1 2 -5106.940170749723 26.02363812655306
3.5 3.75 2 3 -4020.475306595692 17.67418097103127
3.5 3.75 3 4 -2563.937949719359 12.6507125811914
3.5 3.75 4 5 -1622.664873478575 9.566037873090609
3.5 3.75 5 6 -1035.676127322695 7.524250670194019
3.5 3.75 6 7 -663.327012854287 6.090895050584252
3.5 3.75 7 8 -421.6108699402403 5.038903065109066
3.5 3.75 8 9 -261.2430392685046 4.239860026048965
3.5 3.75 9 10 -152.84872950929 3.616454534617233
3.5 3.75 10 11 -78.47894546738735 3.119259434063805
3.5 3.75 11 12 -26.74268499338928 2.714316747593231
3.5 3.75 12 13 9.210481029067978 2.381944876834756
3.5 3.75 13 14 34.09209425728989 2.103394996531211
3.5 3.75 14 15 51.41939753113866 1.868284184681178
3.5 3.75 15 16 63.24215649177324 1.667763955042342
3.5 3.75 16 17 71.08970778800665 1.495293869096368
3.5 3.75 17 18 76.04594644595466 1.345838384182841
3.5 3.75 18 19 78.88924975157147 1.215463414500699
3.5 3.75 19 20 80.18500568466209 1.101055076776692
3.5 3.75 20 21 80.34793608468937 1.000119734021881
3.5 3.75 21 22 79.68478373000522 0.9106393210525771
3.5 3.75 22 23 78.42399826559171 0.8309650012855082
3.5 3.75 23 24 76.73666777350144 0.7597378733727238
3.5 3.75 24 25 74.75146387514735 0.6958290736259356
3.5 3.75 25 26 72.56543468319029 0.638293989242498
3.5 3.75 26 27 70.2518802810344 0.5863368750811634
3.5 3.75 27 28 67.86615364871165 0.5392832347313531
3.5 3.75 28 29 65.44997023631322 0.4965580616452177
3.5 3.75 29 30 63.03463452549707 0.4576685496852915
3.5 3.75 30 31 60.64347284414492 0.4221902450434308
3.5 3.75 31 32 58.29367942535364 0.3897558721331786
3.5 3.75 32 33 55.99772528871722 0.360046254631663
3.5 3.75 33 34 53.76443902605183 0.3327828908609325
3.5 3.75 34 35 51.59983970011018 0.3077218451575099
3.5 3.75 35 36 49.50778129325613 0.2846486933913726
3.5 3.75 36 37 47.49045306891921 0.2633743180760397
3.5 3.75 37 38 45.54876920810128 0.243731393012855
3.5 3.75 38 39 43.68267293227692 0.2255714299514565
3.5 3.75 39 40 41.89137428480973 0.2087622868076289
3.5 3.75 40 41 40.17353630208856 0.1931860560934424
3.5 3.75 41 42 38.52742079267124 0.1787372688509203
3.5 3.75 42 43 36.95100248755691 0.1653213608885366
3.5 3.75 43 44 35.44205833044261 0.1528533591888843
3.5 3.75 44 45 33.99823715436031 0.1412567526400905
3.5 3.75 45 46 32.61643745138377 0.130578544960759
3.5 3.75 46 47 31.29542979057582 0.1212159588249551
3.5 3.75 47 48 30.03208270399566 0.11324076298758
3.5 3.75 48 49 28.82397532666226 0.1066532607762204
3.5 3.75 49 50 27.66853464670484 0.1010283642935038
3.75 4 0 1 -432.597169364044 2.032574030992918
3.75 4 1 2 -4363.197671580341 30.02493383977649
3.75 4 2 3 -3046.291865281754 14.41201476454697
3.75 4 3 4 -1842.604148849317 8.628430582659682
3.75 4 4 5 -1114.942265212324 5.743843720482331
3.75 4 5 6 -679.0974066934341 4.071340773115161
3.75 4 6 7 -411.0528104724729 3.007244027938893
3.75 4 7 8 -241.7983639523204 2.286070529276905
3.75 4 8 9 -132.475010819878 1.774052724954267
3.75 4 9 10 -60.61779151050246 1.398075831287574
3.75 4 10 11 -12.90266010549885 1.116816622786334
3.75 4 11 12 18.83318239865844 0.8941198191464118
3.75 4 12 13 40.43755566158472 0.7302155838308256
3.75 4 13 14 54.463731915989 0.5894793766078747
3.75 4 14 15 63.34310675511574 0.4826881440634968
3.75 4 15 16 68.82984573978831 0.3957131376776755
3.75 4 16 17 71.84408982500844 0.3257567563822575
3.75 4 17 18 73.11180627708944 0.2697621470956194
3.75 4 18 19 73.14616716262009 0.229297757026209
3.75 4 19 20 72.31374996900263 0.2126065704417812
3.75 4 20 21 70.87866697192862 0.1974906201627702
3.75 4 21 22 69.03248641546651 0.1837568175695096
3.75 4 22 23 66.91483386206079 0.1712412411371868
3.75 4 23 24 64.6277742899037 0.1598039693623237
3.75 4 24 25 62.24597842794537 0.1493249481359377
3.75 4 25 26 59.82399019717741 0.1397006655183241
3.75 4 26 27 57.40147462056487 0.1308414592675038
3.75 4 27 28 55.00704191559618 0.1328007794651822
3.75 4 28 29 52.66105682098149 0.1356563946413289
3.75 4 29 30 50.37771741127341 0.1385472027526506
3.75 4 30 31 48.16660327001284 0.1412854537762368
3.75 4 31 32 46.03383497051169 0.1437643431131717
3.75 4 32 33 43.98294667215779 0.1459293012645655
3.75 4 33 34 42.01554550927767 0.1477587281350107
3.75 4 34 35 40.13181153079337 0.1492513699347047
3.75 4 35 36 38.33087770813195 0.1504181521609265
3.75 4 36 37 36.61111926963585 0.1512769363847801
3.75 4 37 38 34.9703741793293 0.1518491775496945
3.75 4 38 39 33.40611110464205 0.1521578120816494
3.75 4 39 40 31.91555719021439 0.1522259438152191
3.75 4 40 41 30.4957950167524 0.1520760462357006
3.75 4 41 42 29.14383581357485 0.1517294996120305
3.75 4 42 43 27.85667438714577 0.1512063436627375
3.75 4 43 44 26.63132995271025 0.1505251689083501
3.75 4 44 45 25.46487605848521 0.1497030950987021
3.75 4 45 46 24.35396043016704 0.1488261552844413
3.75 4 46 47 23.29670382025314 0.1481523061947262
3.75 4 47 48 22.2899515142498 0.1476958626320386
3.75 4 48 49 21.33116444004775 0.147429696907323
3.75 4 49 50 20.41773244091565 0.1471440323654756
4 5 0 1 -1190.219036344429 3.935929570219335
4 5 1 2 -4846.84231939929 10.73302761369893
4 5 2 3 -2774.938209693623 6.702385124962131
4 5 3 4 -1453.742345661485 4.703013119353386
4 5 4 5 -754.3645585736519 3.432329293964751
4 5 5 6 -378.3042266827958 2.604840882986285
4 5 6 7 -167.7372402387039 2.075461939944117
4 5 7 8 -46.4676912495861 1.71265099787596
4 5 8 9 24.39105657388836 1.442403786303729
4 5 9 10 65.76431230219919 1.230640403003408
4 5 10 11 89.36778265210319 1.064600665240893
4 5 11 12 102.06030100129 0.9314969458357752
4 5 12 13 107.9580376101405 0.8196425868901679
4 5 13 14 109.5706051226319 0.7258968104828223
4 5 14 15 108.4834604935372 0.6460984363686654
4 5 15 16 105.7167257804438 0.5788047819922295
4 5 16 17 101.9397291194086 0.5211167262835844
4 5 17 18 97.59067993027463 0.4706754614972596
4 5 18 19 92.95635164397794 0.4261593947062926
4 5 19 20 88.22519052620618 0.386851451583786
4 5 20 21 83.52118643800134 0.3521470866817137
4 5 21 22 78.92497767859143 0.3214028102194895
4 5 22 23 74.48740631599941 0.29400115208297
4 5 23 24 70.23872671772182 0.2694298069345532
4 5 24 25 66.1950857139544 0.2472978967205594
4 5 25 26 62.36309045606683 0.2273071598957013
4 5 26 27 58.74297995883578 0.2092154813681927
4 5 27 28 55.33079844404645 0.1928128373532666
4 5 28 29 52.11988142758383 0.1779112965415192
4 5 29 30 49.1018796054083 0.1643430133667418
4 5 30 31 46.26747160742354 0.1519604287981111
4 5 31 32 43.60686284911014 0.1406357599254818
4 5 32 33 41.11013327191463 0.1302592066145068
4 5 33 34 38.76747614416978 0.1207363793670086
4 5 34 35 36.56935771650882 0.1119856165039149
4 5 35 36 34.50661955692514 0.1039356282196895
4 5 36 37 32.5705398028107 0.09652363032737556
4 5 37 38 30.75286537814704 0.08969394536435825
4 5 38 39 29.04582400555393 0.08339696998925686
4 5 39 40 27.44212239256919 0.07758839467366019
4 5 40 41 25.93493520182089 0.07222858568980844
4 5 41 42 24.51788801392113 0.06728206899007007
4 5 42 43 23.1850365900764 0.06271707873809319
4 5 43 44 21.93084406667145 0.05850515338390485
4 5 44 45 20.75015718166713 0.05462076808120436
4 5 45 46 19.63768875801006 0.05149536766668418
4 5 46 47 18.58962207917037 0.05097755816160292
4 5 47 48 17.60136036806272 0.05331349018297303
4 5 48 49 16.66909531424052 0.05754023456448099
4 5 49 50 15.78888098104967 0.06209489691458802
-5 5 0 50 -550045.6895854172 98.72648661910165
