#ylo yhi qTlo qThi PDF0  uncertainty
-5 -4 0 1 -1247.240460175799 3.839666882639312
-5 -4 1 2 -4954.062649336249 10.79757465079026
-5 -4 2 3 -2819.549571508469 6.896579023375769
-5 -4 3 4 -1468.358195408272 4.895453509879777
-5 -4 4 5 -755.6678490578452 3.566047444551805
-5 -4 5 6 -374.2126711536491 2.696201637658262
-5 -4 6 7 -161.7008465945405 2.145242991126261
-5 -4 7 8 -39.99354528318713 1.771844242458722
-5 -4 8 9 30.65752875741828 1.496375611730254
-5 -4 9 10 71.56884849358073 1.281426416128302
-5 -4 10 11 94.63416432848192 1.112284821610696
-5 -4 11 12 106.7892749369131 0.9772788123080309
-5 -4 12 13 112.1821745970675 0.8644063092355265
-5 -4 13 14 113.3397698919492 0.767778211493041
-5 -4 14 15 111.8452423991819 0.6860586191731937
-5 -4 15 16 108.7176606358437 0.6169368502557062
-5 -4 16 17 104.6222446109534 0.5575076239115355
-5 -4 17 18 99.99260784473483 0.5054042274806427
-5 -4 18 19 95.11104198090442 0.4593058654811428
-5 -4 19 20 90.16186076020523 0.4184988569830674
-5 -4 20 21 85.2653468974824 0.3823785419444853
-5 -4 21 22 80.49886773430157 0.350297442103285
-5 -4 22 23 75.9104107124748 0.3216326945862323
-5 -4 23 24 71.52775569091685 0.2958670214470686
-5 -4 24 25 67.36491170517451 0.2726053138832217
-5 -4 25 26 63.42664084996196 0.2515454388193081
-5 -4 26 27 59.71158914243273 0.2324414426210941
-5 -4 27 28 56.21442400126261 0.2150794347951667
-5 -4 28 29 52.9272893867838 0.1992676872914765
-5 -4 29 30 49.84080317655442 0.1848347423999768
-5 -4 30 31 46.94474724507756 0.1716296751053118
-5 -4 31 32 44.22854693606162 0.159521586972793
-5 -4 32 33 41.68160225874311 0.1483977854715406
-5 -4 33 34 39.29351258615878 0.1381611770718572
-5 -4 34 35 37.05422430535975 0.128727554971831
-5 -4 35 36 34.95412293670232 0.1200232231341452
-5 -4 36 37 32.98408569101539 0.1119831155722901
-5 -4 37 38 31.13550627797843 0.1045493874808135
-5 -4 38 39 29.40030059498979 0.09767037266498216
-5 -4 39 40 27.77089950678759 0.09129979416568099
-5 -4 40 41 26.24023318157893 0.08539613627854348
-5 -4 41 42 24.80171007590577 0.07992212021505322
-5 -4 42 43 23.44919277186454 0.07484424496663704
-5 -4 43 44 22.17697221994731 0.07013237873204299
-5 -4 44 45 20.97974141221096 0.06575938920303222
-5 -4 45 46 19.85207109902897 0.06214146806942308
-5 -4 46 47 18.79003453522257 0.06085386038560375
-5 -4 47 48 17.78891953682053 0.0620980993477294
-5 -4 48 49 16.84481861071879 0.06579269138645755
-5 -4 49 50 15.95370252208128 0.06979735471930776
-4 -3.75 0 1 -461.6223966184774 2.004753285416784
-4 -3.75 1 2 -4418.440389749542 30.27595750385998
-4 -3.75 2 3 -3058.923743319217 14.58464162507708
-4 -3.75 3 4 -1840.06822705456 8.751371250679727
-4 -3.75 4 5 -1107.722322309736 5.836017598798215
-4 -3.75 5 6 -671.1228183585863 4.143126240664241
-4 -3.75 6 7 -403.6695307352888 3.064718590912212
-4 -3.75 7 8 -235.3877555037734 2.333043381540591
-4 -3.75 8 9 -127.0633641498594 1.813062983997939
-4 -3.75 9 10 -56.10970422732566 1.431201235013692
-4 -3.75 10 11 -9.181372144972443 1.14404725780615
-4 -3.75 11 12 21.82861111108605 0.9218447829255659
-4 -3.75 12 13 42.96999063136434 0.7443588332641735
-4 -3.75 13 14 56.54715145482851 0.6085222819308588
-4 -3.75 14 15 64.99562873895195 0.4975714658334587
-4 -3.75 15 16 70.15639839624953 0.4083939331269675
-4 -3.75 16 17 72.89695042014262 0.3364488631646983
-4 -3.75 17 18 73.93439197263422 0.2786143969249048
-4 -3.75 18 19 73.77462149476844 0.2326165510936352
-4 -3.75 19 20 72.77825129382552 0.2137856622846775
-4 -3.75 20 21 71.20449484729812 0.1985825850050627
-4 -3.75 21 22 69.24088677596353 0.1847668906561106
-4 -3.75 22 23 67.02372053411699 0.1721745039095453
-4 -3.75 23 24 64.65229869595959 0.1606652841485968
-4 -3.75 24 25 62.19899351280938 0.1501189237719946
-4 -3.75 25 26 59.71642948723843 0.1404316430658817
-4 -3.75 26 27 57.24266307091989 0.131513510056385
-4 -3.75 27 28 54.80495178048244 0.1310367930564231
-4 -3.75 28 29 52.4225190606692 0.1338637559785232
-4 -3.75 29 30 50.10859700773153 0.1367973202086748
-4 -3.75 30 31 47.87194513433687 0.139623011211158
-4 -3.75 31 32 45.71798579807668 0.1422157939195032
-4 -3.75 32 33 43.64965705101071 0.144508931547086
-4 -3.75 33 34 41.66805575904309 0.1464728168073588
-4 -3.75 34 35 39.77292408810182 0.1481009909752093
-4 -3.75 35 36 37.96301835102942 0.1494010484136779
-4 -3.75 36 37 36.23638905057045 0.1503887698656192
-4 -3.75 37 38 34.59059359927727 0.1510843638140676
-4 -3.75 38 39 33.02285778916588 0.151510076601981
-4 -3.75 39 40 31.53019810445986 0.1516886922656666
-4 -3.75 40 41 30.10951408182828 0.1516426095575633
-4 -3.75 41 42 28.75765763558253 0.1513932941063259
-4 -3.75 42 43 27.47148469404813 0.1509609735055724
-4 -3.75 43 44 26.24789323471212 0.1503644893902487
-4 -3.75 44 45 25.08385082753504 0.1496212491502692
-4 -3.75 45 46 23.97591057576177 0.1488170325578032
-4 -3.75 46 47 22.92211838649078 0.1482073426569405
-4 -3.75 47 48 21.91924621448387 0.1478046515343485
-4 -3.75 48 49 20.96469252710867 0.1475801453565412
-4 -3.75 49 50 20.05579625388986 0.1473259279628501
-3.75 -3.5 0 1 32.96192273539543 1.771475431284401
-3.75 -3.5 1 2 -5167.130246069642 25.69799463032992
-3.75 -3.5 2 3 -4032.443906555016 17.44243205122982
-3.75 -3.5 3 4 -2559.733196093139 12.48310514128405
-3.75 -3.5 4 5 -1613.617492947363 9.439125663891888
-3.75 -3.5 5 6 -1025.955819821426 7.424645890430707
-3.75 -3.5 6 7 -654.3762972322615 6.010576892383365
-3.75 -3.5 7 8 -413.8373903005224 4.972771528959003
-3.75 -3.5 8 9 -254.6675104708438 4.184502610385662
-3.75 -3.5 9 10 -147.3583287254244 3.569492179902744
-3.75 -3.5 10 11 -73.92643156215104 3.078980577157576
-3.75 -3.5 11 12 -22.99028243199587 2.679813854299867
-3.75 -3.5 12 13 12.28133975788546 2.35116425607593
-3.75 -3.5 13 14 36.60504796311409 2.076694499932981
-3.75 -3.5 14 15 53.45809879870535 1.844704692568672
-3.75 -3.5 15 16 64.88215040447164 1.64683706314878
-3.75 -3.5 16 17 72.39393019918987 1.476640451215665
-3.75 -3.5 17 18 77.0668691448443 1.329148010740637
-3.75 -3.5 18 19 79.67071082894461 1.200479278749713
-3.75 -3.5 19 20 80.76372904877474 1.087562768057106
-3.75 -3.5 20 21 80.75477735173786 0.9879387495410505
-3.75 -3.5 21 22 79.94574677006437 0.8996165603655584
-3.75 -3.5 22 23 78.56106386212122 0.8209697188392062
-3.75 -3.5 23 24 76.76846996194917 0.7506577182043159
-3.75 -3.5 24 25 74.69384328756541 0.6875669500324083
-3.75 -3.5 25 26 72.43189263233296 0.6307655450636687
-3.75 -3.5 26 27 70.05395261946262 0.5794684744252671
-3.75 -3.5 27 28 67.61371962837848 0.5330103088274379
-3.75 -3.5 28 29 65.15150854110811 0.49082375737087
-3.75 -3.5 29 30 62.69743622607041 0.4524226142259937
-3.75 -3.5 30 31 60.27381910537764 0.4173880997921172
-3.75 -3.5 31 32 57.89699027242787 0.3853578389018051
-3.75 -3.5 32 33 55.57868453096918 0.3560169057898085
-3.75 -3.5 33 34 53.32709947262376 0.3290905002109365
-3.75 -3.5 34 35 51.14771203375562 0.3043379222560741
-3.75 -3.5 35 36 49.04390935072411 0.2815475861886782
-3.75 -3.5 36 37 47.01747778089154 0.2605328728287382
-3.75 -3.5 37 38 45.06898304915768 0.2411286616352578
-3.75 -3.5 38 39 43.19806640893108 0.2231884173865342
-3.75 -3.5 39 40 41.40367572373481 0.2065817321684702
-3.75 -3.5 40 41 39.68424598567201 0.1911922419752135
-3.75 -3.5 41 42 38.03784031436213 0.1769158550054094
-3.75 -3.5 42 43 36.46226005178714 0.1636592385542125
-3.75 -3.5 43 44 34.95513060685872 0.1513385227258509
-3.75 -3.5 44 45 33.51396819440488 0.1398781864119223
-3.75 -3.5 45 46 32.13555285966193 0.1293265110941723
-3.75 -3.5 46 47 30.81856002556744 0.1200820308094944
-3.75 -3.5 47 48 29.55976624972868 0.112214470981276
-3.75 -3.5 48 49 28.356672070182 0.1057205411594812
-3.75 -3.5 49 50 27.20663875534252 0.1001725491474861
-3.5 -3.25 0 1 693.9569561498516 0.4470314485326841
-3.5 -3.25 1 2 -5385.259870588951 19.12537925184304
-3.5 -3.25 2 3 -4718.466481416905 15.57197954836342
-3.5 -3.25 3 4 -3125.519869345973 11.85998707629715
-3.5 -3.25 4 5 -2038.156875314025 9.29405980555204
-3.5 -3.25 5 6 -1339.917146951391 7.495190457715652
-3.5 -3.25 6 7 -887.3913917673963 6.186230499056005
-3.5 -3.25 7 8 -588.1061533339566 5.200725173610728
-3.5 -3.25 8 9 -385.9651774260651 4.437446574810482
-3.5 -3.25 9 10 -246.8266868113453 3.832174794624724
-3.5 -3.25 10 11 -149.5080975583505 3.343038155621803
-3.5 -3.25 11 12 -80.66955268820948 2.940964844421217
-3.5 -3.25 12 13 -31.56248226172306 2.606020777974546
-3.5 -3.25 13 14 3.661621597112344 2.32362752308598
-3.5 -3.25 14 15 28.92962425647852 2.0830736421004
-3.5 -3.25 15 16 46.9771734404103 1.876305474672245
-3.5 -3.25 16 17 59.73259649268505 1.697160475551702
-3.5 -3.25 17 18 68.57587562397225 1.54084998218732
-3.5 -3.25 18 19 74.50784314521388 1.403601572824475
-3.5 -3.25 19 20 78.2629133031428 1.28240671376416
-3.5 -3.25 20 21 80.38556024624438 1.174839430869446
-3.5 -3.25 21 22 81.28306326198276 1.078923860861369
-3.5 -3.25 22 23 81.26243489442777 0.9930360581748735
-3.5 -3.25 23 24 80.55663154012052 0.9158302072839226
-3.5 -3.25 24 25 79.3433907107763 0.8461824862478492
-3.5 -3.25 25 26 77.75892412019937 0.7831478731871107
-3.5 -3.25 26 27 75.90797543147875 0.7259265637844892
-3.5 -3.25 27 28 73.87127830077469 0.6738376098186178
-3.5 -3.25 28 29 71.71113500841591 0.6262980406251853
-3.5 -3.25 29 30 69.47562257700122 0.5828061909154753
-3.5 -3.25 30 31 67.2017872723373 0.5429282842094801
-3.5 -3.25 31 32 64.91808701173738 0.5062875591378468
-3.5 -3.25 32 33 62.64627015298089 0.4725553970181401
-3.5 -3.25 33 34 60.40282878510149 0.4414440370252986
-3.5 -3.25 34 35 58.20012858493277 0.4127005596167596
-3.5 -3.25 35 36 56.04729125228337 0.3861018894640692
-3.5 -3.25 36 37 53.95088654166901 0.3614506238826937
-3.5 -3.25 37 38 51.91547698955478 0.3385715326564949
-3.5 -3.25 38 39 49.94404807942365 0.3173086080884674
-3.5 -3.25 39 40 48.03834887590955 0.2975225670157916
-3.5 -3.25 40 41 46.19916246213205 0.2790887275638892
-3.5 -3.25 41 42 44.42652099297385 0.261895196415153
-3.5 -3.25 42 43 42.71987700710073 0.2458413159013049
-3.5 -3.25 43 44 41.07824002499595 0.2308363286320629
-3.5 -3.25 44 45 39.50028550310032 0.2167982251181801
-3.5 -3.25 45 46 37.98362995268504 0.2037465756414394
-3.5 -3.25 46 47 36.52802556775445 0.1919762458080799
-3.5 -3.25 47 48 35.13078621397686 0.1815084714134358
-3.5 -3.25 48 49 33.78996948559912 0.1723101361000538
-3.5 -3.25 49 50 32.50339197724129 0.1640167018568551
-3.25 -3 0 1 1405.893657675642 1.313997605812752
-3.25 -3 1 2 -5220.818498575266 8.693635103963484
-3.25 -3 2 3 -5138.879250120999 9.697927185134599
-3.25 -3 3 4 -3527.719189605155 8.001389146687647
-3.25 -3 4 5 -2362.499023954425 6.540486493010751
-3.25 -3 5 6 -1592.516834449103 5.425615021598933
-3.25 -3 6 7 -1083.239786827356 4.574495103919544
-3.25 -3 7 8 -740.6016477317039 3.912694468745519
-3.25 -3 8 9 -505.4761290773022 3.387846425640688
-3.25 -3 9 10 -341.1326405215023 2.963615806549925
-3.25 -3 10 11 -224.419252229967 2.615340982853418
-3.25 -3 11 12 -140.3978212516165 2.325497858803065
-3.25 -3 12 13 -79.33371846444493 2.081156485194348
-3.25 -3 13 14 -34.6300733623616 1.873034806097315
-3.25 -3 14 15 -1.771662509908538 1.694105170928436
-3.25 -3 15 16 22.39816961524389 1.539002369444182
-3.25 -3 16 17 40.12368655727528 1.403567269479798
-3.25 -3 17 18 53.0245993660227 1.284531009126051
-3.25 -3 18 19 62.28557798598013 1.179292334381802
-3.25 -3 19 20 68.7834205150358 1.085757869864002
-3.25 -3 20 21 73.17390227386363 1.002225694496192
-3.25 -3 21 22 75.95205425383233 0.9272992313412664
-3.25 -3 22 23 77.49462335712508 0.8598226967529929
-3.25 -3 23 24 78.09038869298058 0.7988321093185474
-3.25 -3 24 25 77.96207674292316 0.7435176825365222
-3.25 -3 25 26 77.28238388146275 0.6931946507718383
-3.25 -3 26 27 76.18581295972621 0.6472804164914501
-3.25 -3 27 28 74.77750119202784 0.6052764867104615
-3.25 -3 28 29 73.13986202911212 0.5667540748769325
-3.25 -3 29 30 71.33762265760038 0.5313425342816264
-3.25 -3 30 31 69.42167311121153 0.4987199982456451
-3.25 -3 31 32 67.43202746473213 0.4686057541994069
-3.25 -3 32 33 65.40011628697135 0.4407539903243804
-3.25 -3 33 34 63.35057167337743 0.4149486372960606
-3.25 -3 34 35 61.30262458962977 0.3909990887321431
-3.25 -3 35 36 59.27120408650273 0.3687366320031245
-3.25 -3 36 37 57.26780586034167 0.3480114565549617
-3.25 -3 37 38 55.30118139045823 0.3286901339504859
-3.25 -3 38 39 53.37788674446318 0.3106534862255416
-3.25 -3 39 40 51.50272107817705 0.2937947745001785
-3.25 -3 40 41 49.67907812121859 0.2780181540038494
-3.25 -3 41 42 47.90922858386691 0.2632373506636574
-3.25 -3 42 43 46.19454764996146 0.2493745238504503
-3.25 -3 43 44 44.53569858445607 0.2363592854489298
-3.25 -3 44 45 42.93278114686572 0.2241278507451082
-3.25 -3 45 46 41.38454722580613 0.2127265391710282
-3.25 -3 46 47 39.8919961018199 0.2024995862900161
-3.25 -3 47 48 38.45326206982611 0.1934779399535244
-3.25 -3 48 49 37.06719216479742 0.1856293738368648
-3.25 -3 49 50 35.7322860422414 0.1785586652734851
-3 -2.75 0 1 2086.441687003681 2.0501234150508
-3 -2.75 1 2 -4862.727765567221 3.966470678729212
-3 -2.75 2 3 -5373.132974961823 5.855003976806093
-3 -2.75 3 4 -3797.986306054628 5.074796091014315
-3 -2.75 4 5 -2596.059291190999 4.248436662034163
-3 -2.75 5 6 -1782.722061156169 3.578607661222934
-3 -2.75 6 7 -1236.028170271705 3.05119892256711
-3 -2.75 7 8 -863.3174797520237 2.632874373310311
-3 -2.75 8 9 -604.4922251220369 2.296367252986478
-3 -2.75 9 10 -421.4746961874425 2.020868433240292
-3 -2.75 10 11 -289.9982309351699 1.793873954695085
-3 -2.75 11 12 -194.2154851170278 1.60238466483463
-3 -2.75 12 13 -123.7095374212854 1.440256458712047
-3 -2.75 13 14 -71.36652498540388 1.301365725103578
-3 -2.75 14 15 -32.28145806347607 1.181343532183362
-3 -2.75 15 16 -3.00172578579577 1.076822328786422
-3 -2.75 16 17 18.94345028139264 0.9851701468822472
-3 -2.75 17 18 35.34866427332395 0.9043036388033071
-3 -2.75 18 19 47.53479985358081 0.8325545056577704
-3 -2.75 19 20 56.48566212898811 0.7685726186737037
-3 -2.75 20 21 62.94177816079946 0.7112547406411579
-3 -2.75 21 22 67.46582263099288 0.6596913767095856
-3 -2.75 22 23 70.48892228267391 0.613126645776641
-3 -2.75 23 24 72.34386852219427 0.570927630555717
-3 -2.75 24 25 73.28923370362554 0.5325607138555135
-3 -2.75 25 26 73.52708051575769 0.497573126500988
-3 -2.75 26 27 73.21610173909301 0.465578423756173
-3 -2.75 27 28 72.48146259555148 0.4362449555419975
-3 -2.75 28 29 71.42223806255066 0.4092866389499139
-3 -2.75 29 30 70.11707834708739 0.3844555174174181
-3 -2.75 30 31 68.62855696062826 0.3615357181448032
-3 -2.75 31 32 67.00653078956344 0.3403385128170957
-3 -2.75 32 33 65.29075324076587 0.3206982545891155
-3 -2.75 33 34 63.5129185067504 0.3024690166895168
-3 -2.75 34 35 61.69826953504298 0.2855217957596426
-3 -2.75 35 36 59.86686920366355 0.2697421735628723
-3 -2.75 36 37 58.03460991868803 0.2550283515571462
-3 -2.75 37 38 56.21401892988234 0.2412894918434278
-3 -2.75 38 39 54.41490323283341 0.2284443103668542
-3 -2.75 39 40 52.64486786273321 0.2164198787008047
-3 -2.75 40 41 50.90973389436826 0.205150600077285
-3 -2.75 41 42 49.21387647558939 0.1945773305334797
-3 -2.75 42 43 47.5604990169989 0.1846466218938487
-3 -2.75 43 44 45.95185611171613 0.175310068027345
-3 -2.75 44 45 44.38943515760511 0.1665237374461749
-3 -2.75 45 46 42.87313652355215 0.1584033693944725
-3 -2.75 46 47 41.40514765916532 0.151504531637762
-3 -2.75 47 48 39.98446686695647 0.1459064562001159
-3 -2.75 48 49 38.6107549453863 0.1415824081179769
-3 -2.75 49 50 37.28322812726037 0.1379617756725875
-2.75 -2.5 0 1 2709.568616441968 2.526137504367806
-2.75 -2.5 1 2 -4426.308363534841 1.128513314031391
-2.75 -2.5 2 3 -5490.68784584244 2.661312899135745
-2.75 -2.5 3 4 -3976.077995842308 2.63333876296101
-2.75 -2.5 4 5 -2761.395003635486 2.341990497381405
-2.75 -2.5 5 6 -1922.956414818196 2.050107082710057
-2.75 -2.5 6 7 -1352.09395326244 1.797914316035994
-2.75 -2.5 7 8 -958.8734780164268 1.586122179547397
-2.75 -2.5 8 9 -683.2929225169173 1.409105744927361
-2.75 -2.5 9 10 -486.7518845647178 1.260076009348824
-2.75 -2.5 10 11 -344.2843672656961 1.133326900175452
-2.75 -2.5 11 12 -239.6357069720634 1.024924711357626
-2.75 -2.5 12 13 -161.8826260238664 0.9313577292821761
-2.75 -2.5 13 14 -103.5903457326351 0.8499795209636247
-2.75 -2.5 14 15 -59.59088137443996 0.7787077427576188
-2.75 -2.5 15 16 -26.22714622302669 0.7158901045436384
-2.75 -2.5 16 17 -0.8687781962501049 0.6602034564579027
-2.75 -2.5 17 18 18.40408895542419 0.6105784007124333
-2.75 -2.5 18 19 33.01133420527026 0.5661428791816221
-2.75 -2.5 19 20 44.01553694420818 0.5261797086251179
-2.75 -2.5 20 21 52.22034055478105 0.4900943599665172
-2.75 -2.5 21 22 58.23932840415171 0.457390297361837
-2.75 -2.5 22 23 62.54495152931656 0.4276499340938811
-2.75 -2.5 23 24 65.50374854384734 0.4005197959710005
-2.75 -2.5 24 25 67.40200851907207 0.3756988642703922
-2.75 -2.5 25 26 68.46468032813664 0.3529293416842335
-2.75 -2.5 26 27 68.86944984120544 0.331989279542532
-2.75 -2.5 27 28 68.75731953446939 0.3126866493124111
-2.75 -2.5 28 29 68.24062936287612 0.2948545399052481
-2.75 -2.5 29 30 67.40918697338788 0.2783472430678272
-2.75 -2.5 30 31 66.3349880606446 0.2630370410021345
-2.75 -2.5 31 32 65.07587630730819 0.2488115558378997
-2.75 -2.5 32 33 63.67839934822604 0.2355715496290733
-2.75 -2.5 33 34 62.18005064007735 0.2232290890525816
-2.75 -2.5 34 35 60.61103900051245 0.2117060060654305
-2.75 -2.5 35 36 58.99569248859729 0.2009326015861146
-2.75 -2.5 36 37 57.35357746316009 0.1908465481050063
-2.75 -2.5 37 38 55.7003945561022 0.1813919568633025
-2.75 -2.5 38 39 54.04869895095766 0.1725185819326567
-2.75 -2.5 39 40 52.40848157624828 0.1641811385273143
-2.75 -2.5 40 41 50.78763978817074 0.1563387162809504
-2.75 -2.5 41 42 49.19235966507725 0.1489542741248207
-2.75 -2.5 42 43 47.62742751841833 0.1419942010658897
-2.75 -2.5 43 44 46.09648436829761 0.1354279370051144
-2.75 -2.5 44 45 44.60223433264719 0.129227640253256
-2.75 -2.5 45 46 43.14560193153676 0.123586060427447
-2.75 -2.5 46 47 41.72980716353351 0.1193024543356913
-2.75 -2.5 47 48 40.35463316893498 0.1164891656861319
-2.75 -2.5 48 49 39.02047438062795 0.1150925386425749
-2.75 -2.5 49 50 37.72719750448971 0.1143173150324365
-2.5 -2.25 0 1 3272.848397381933 1.882901262806272
-2.5 -2.25 1 2 -3980.97405342218 0.9804568197743248
-2.5 -2.25 2 3 -5545.430531024758 1.705330580807315
-2.5 -2.25 3 4 -4095.983839247658 1.581432527150169
-2.5 -2.25 4 5 -2879.710945598462 1.466987622827435
-2.5 -2.25 5 6 -2026.564987667752 1.321714176878029
-2.5 -2.25 6 7 -1439.862851236649 1.184692700264474
-2.5 -2.25 7 8 -1032.538230844887 1.063196952209934
-2.5 -2.25 8 9 -745.0808765920428 0.9580368640331275
-2.5 -2.25 9 10 -538.7236923380287 0.8669710960015191
-2.5 -2.25 10 11 -388.1689710041546 0.7874498196014956
-2.5 -2.25 11 12 -276.8628101577449 0.7182517452821836
-2.5 -2.25 12 13 -193.6061018538751 0.6575593743171914
-2.5 -2.25 13 14 -130.7424766670299 0.6040430096912295
-2.5 -2.25 14 15 -82.92648872464815 0.5566095620320374
-2.5 -2.25 15 16 -46.35991002930064 0.5143611144168388
-2.5 -2.25 16 17 -18.30016796863447 0.4765578929406921
-2.5 -2.25 17 18 3.262069843427753 0.4425875322048621
-2.5 -2.25 18 19 19.8183358379265 0.4119403263533977
-2.5 -2.25 19 20 32.48889949660918 0.384189542678325
-2.5 -2.25 20 21 42.12411070766757 0.3589758196852308
-2.5 -2.25 21 22 49.37557860910226 0.3359947925675735
-2.5 -2.25 22 23 54.74688239151089 0.3149872483373996
-2.5 -2.25 23 24 58.63017721164942 0.2957312575988523
-2.5 -2.25 24 25 61.33293972059505 0.2780358548350658
-2.5 -2.25 25 26 63.09772768198525 0.2617359330346516
-2.5 -2.25 26 27 64.11692871083812 0.2466880972241732
-2.5 -2.25 27 28 64.54387325638686 0.2327672773216104
-2.5 -2.25 28 29 64.5012814599379 0.2198639457712634
-2.5 -2.25 29 30 64.08773540958532 0.2078818203129409
-2.5 -2.25 30 31 63.38267556163038 0.1967359563184184
-2.5 -2.25 31 32 62.45028460098376 0.186351156113897
-2.5 -2.25 32 33 61.34252588917218 0.1766606346212193
-2.5 -2.25 33 34 60.10153472487923 0.1676048964655416
-2.5 -2.25 34 35 58.76151070872288 0.159130785728605
-2.5 -2.25 35 36 57.35022302770955 0.1511906786495816
-2.5 -2.25 36 37 55.89021355775219 0.1437417954897064
-2.5 -2.25 37 38 54.3997627591371 0.1367456117517183
-2.5 -2.25 38 39 52.89366833729201 0.1301673511467664
-2.5 -2.25 39 40 51.38387534891433 0.1239755498684436
-2.5 -2.25 40 41 49.87998800429779 0.1181416787413086
-2.5 -2.25 41 42 48.38968663431433 0.1126398153954659
-2.5 -2.25 42 43 46.91906853387925 0.1074463592672097
-2.5 -2.25 43 44 45.47292731917946 0.1025397826558673
-2.5 -2.25 44 45 44.05498248648135 0.097900412562544
-2.5 -2.25 45 46 42.66701873124444 0.09382041468520014
-2.5 -2.25 46 47 41.31311822711561 0.09144541221303321
-2.5 -2.25 47 48 39.99372962703217 0.09091166452268012
-2.5 -2.25 48 49 38.70986965486591 0.09208336515498038
-2.5 -2.25 49 50 37.46195846135203 0.09382031062608666
-2.25 -2 0 1 3780.78355672455 1.086807927605672
-2.25 -2 1 2 -3568.378913175047 0.8865914461679913
-2.25 -2 2 3 -5592.487932659173 1.668508758059162
-2.25 -2 3 4 -4203.219078175139 1.540262509819376
-2.25 -2 4 5 -2983.780416634446 1.357097401906671
-2.25 -2 5 6 -2115.582820630395 1.195874686881735
-2.25 -2 6 7 -1513.476080213151 1.061011137258016
-2.25 -2 7 8 -1092.905128664478 0.9477257080986156
-2.25 -2 8 9 -794.6090500004639 0.8529053227989283
-2.25 -2 9 10 -579.5065594220423 0.7705011992939901
-2.25 -2 10 11 -421.8973952164065 0.7003789097405959
-2.25 -2 11 12 -304.8908677881518 0.6391631672148443
-2.25 -2 12 13 -217.0002393162313 0.5855407611020079
-2.25 -2 13 14 -150.3469027609644 0.5382591296461006
-2.25 -2 14 15 -99.41294397051956 0.4963209574072716
-2.25 -2 15 16 -60.26633173159507 0.4589231581901824
-2.25 -2 16 17 -30.0602513283261 0.4254123851699799
-2.25 -2 17 18 -6.703654648804559 0.3952521302853675
-2.25 -2 18 19 11.35949507547775 0.3679980570119338
-2.25 -2 19 20 25.30074873443391 0.3432792734825885
-2.25 -2 20 21 36.01150971477625 0.3207839478380797
-2.25 -2 21 22 44.17647170531245 0.3002481488443524
-2.25 -2 22 23 50.32604402829247 0.2814470979395398
-2.25 -2 23 24 54.87426815864194 0.2641882565454883
-2.25 -2 24 25 58.14657256124258 0.2483058137670985
-2.25 -2 25 26 60.40031534778882 0.2336562606885552
-2.25 -2 26 27 61.84014488108915 0.220114807193466
-2.25 -2 27 28 62.62959416657475 0.2075724644404558
-2.25 -2 28 29 62.89990895149231 0.1959336519542825
-2.25 -2 29 30 62.75682375755378 0.1851142239032262
-2.25 -2 30 31 62.28580176391682 0.1750398312142212
-2.25 -2 31 32 61.55611485286295 0.1656445557459648
-2.25 -2 32 33 60.62404095936307 0.1568697644886827
-2.25 -2 33 34 59.53538465784828 0.1486631448903616
-2.25 -2 34 35 58.32747526052384 0.1409778876840596
-2.25 -2 35 36 57.03075891976647 0.1337719926668532
-2.25 -2 36 37 55.67007330696805 0.1270076758720114
-2.25 -2 37 38 54.26567274486189 0.1206508617946409
-2.25 -2 38 39 52.83405607354803 0.114670745941384
-2.25 -2 39 40 51.38863777145201 0.1090394189136071
-2.25 -2 40 41 49.94029405971935 0.103731538430179
-2.25 -2 41 42 48.49780864524485 0.0987240466383672
-2.25 -2 42 43 47.06823778259624 0.09399592237811247
-2.25 -2 43 44 45.65721006929112 0.08952796510594513
-2.25 -2 44 45 44.26917330207684 0.08530260555568613
-2.25 -2 45 46 42.9065123301045 0.0819621628974728
-2.25 -2 46 47 41.57393528168768 0.08190488949373166
-2.25 -2 47 48 40.27234225964773 0.08519187471720541
-2.25 -2 48 49 39.00317771378678 0.09119894432199091
-2.25 -2 49 50 37.76723719322382 0.09754917727979046
-2 -1.75 0 1 4257.727005033177 1.072788171462146
-2 -1.75 1 2 -3156.854087447355 2.47485141974048
-2 -1.75 2 3 -5598.797752975413 2.785507494770068
-2 -1.75 3 4 -4277.723722400249 2.339095887460079
-2 -1.75 4 5 -3068.14265931997 1.94759211293409
-2 -1.75 5 6 -2195.051243712797 1.645527095782873
-2 -1.75 6 7 -1584.345895797002 1.412350448745344
-2 -1.75 7 8 -1154.827435968891 1.229026388996217
-2 -1.75 8 9 -848.3159079906004 1.081014101258421
-2 -1.75 9 10 -626.014715196382 0.9607849940650967
-2 -1.75 10 11 -462.1968542598865 0.8600390677278354
-2 -1.75 11 12 -339.9017534784302 0.7751305095659942
-2 -1.75 12 13 -247.5105648826996 0.7025744188277299
-2 -1.75 13 14 -177.0247467688298 0.6399331479341237
-2 -1.75 14 15 -122.8198877850223 0.585368799487338
-2 -1.75 15 16 -80.87309676170594 0.5374699345353774
-2 -1.75 16 17 -48.26149633459841 0.4951346847970392
-2 -1.75 17 18 -22.8309131314727 0.4574902090364233
-2 -1.75 18 19 -2.973088288376402 0.4238360477648286
-2 -1.75 19 20 12.52672699720756 0.3936035181726939
-2 -1.75 20 21 24.5957289042617 0.3663260929028823
-2 -1.75 21 22 33.94834777689084 0.3416174426868211
-2 -1.75 22 23 41.13977843570888 0.3191549208126291
-2 -1.75 23 24 46.60479427804751 0.2986669760027301
-2 -1.75 24 25 50.68622874713526 0.2799234415665255
-2 -1.75 25 26 53.65610592024825 0.2627279616929369
-2 -1.75 26 27 55.73147741334026 0.2469120233342705
-2 -1.75 27 28 57.08640352237239 0.2323302106026729
-2 -1.75 28 29 57.86109628741872 0.2188563973579572
-2 -1.75 29 30 58.16895287626835 0.2063806693480729
-2 -1.75 30 31 58.10200647929059 0.19480681699418
-2 -1.75 31 32 57.73517999754836 0.1840502785996267
-2 -1.75 32 33 57.1296267926736 0.1740364435345499
-2 -1.75 33 34 56.33537012410062 0.1646992420867087
-2 -1.75 34 35 55.39340009553234 0.1559799686510693
-2 -1.75 35 36 54.33734824995531 0.1478262938903455
-2 -1.75 36 37 53.19483132194387 0.1401914299866371
-2 -1.75 37 38 51.98853439351103 0.1330334251381217
-2 -1.75 38 39 50.73708765604442 0.1263145610340398
-2 -1.75 39 40 49.45577885705899 0.1200008389171716
-2 -1.75 40 41 48.1571344431095 0.1140615377187495
-2 -1.75 41 42 46.85139508464493 0.1084688339018032
-2 -1.75 42 43 45.54690613302404 0.103197472609197
-2 -1.75 43 44 44.25043911993083 0.09822448191695582
-2 -1.75 44 45 42.96745721800298 0.09352892507038478
-2 -1.75 45 46 41.70122734136967 0.08944619735292698
-2 -1.75 46 47 40.45730403316031 0.08730013813557641
-2 -1.75 47 48 39.23728574591181 0.08727362653991776
-2 -1.75 48 49 38.04326092050283 0.09080865494204404
-2 -1.75 49 50 36.87659915385618 0.0976525310349467
-1.75 -1.5 0 1 4685.096410000714 0.9377708295185746
-1.75 -1.5 1 2 -2773.647422882581 0.7952688119890075
-1.75 -1.5 2 3 -5586.635661519262 1.727442466765266
-1.75 -1.5 3 4 -4315.277723983045 1.670548245036747
-1.75 -1.5 4 5 -3108.611765624521 1.492657008366424
-1.75 -1.5 5 6 -2230.110366517708 1.312872794325782
-1.75 -1.5 6 7 -1613.218449730469 1.15494388856518
-1.75 -1.5 7 8 -1178.305375939112 1.021021419748465
-1.75 -1.5 8 9 -867.3823215547377 0.908032438625805
-1.75 -1.5 9 10 -641.5377801446521 0.8133015846041323
-1.75 -1.5 10 11 -474.8839781749311 0.7319820648602146
-1.75 -1.5 11 12 -350.3088659099685 0.6625008585244091
-1.75 -1.5 12 13 -256.0774692114087 0.6024474617148527
-1.75 -1.5 13 14 -184.0992710299493 0.5501472786564644
-1.75 -1.5 14 15 -128.6785771876396 0.5042790602696273
-1.75 -1.5 15 16 -85.73714809090711 0.4637936660443818
-1.75 -1.5 16 17 -52.30889579166114 0.4278510578650819
-1.75 -1.5 17 18 -26.20568460903087 0.3957725793863677
-1.75 -1.5 18 19 -5.79237554151041 0.3670050333634383
-1.75 -1.5 19 20 10.16719884506801 0.3410935923987244
-1.75 -1.5 20 21 22.61740942727306 0.3176612458523997
-1.75 -1.5 21 22 32.28653832543989 0.2963930915860619
-1.75 -1.5 22 23 39.74101146951978 0.277024221910819
-1.75 -1.5 23 24 45.42475253520922 0.2593303023736637
-1.75 -1.5 24 25 49.68808273312425 0.2431201804408617
-1.75 -1.5 25 26 52.80917800983286 0.2282300389005026
-1.75 -1.5 26 27 55.01016276857399 0.2145187313536845
-1.75 -1.5 27 28 56.46929426794941 0.2018640358079808
-1.75 -1.5 28 29 57.33026752358035 0.1901596212237161
-1.75 -1.5 29 30 57.70937826313263 0.1793125751478941
-1.75 -1.5 30 31 57.70107808703153 0.1692413766591734
-1.75 -1.5 31 32 57.38231245386078 0.1598742223896379
-1.75 -1.5 32 33 56.81592987630711 0.1511476385242352
-1.75 -1.5 33 34 56.05337715956324 0.1430053212133807
-1.75 -1.5 34 35 55.13684200425655 0.1353971647281048
-1.75 -1.5 35 36 54.10096509456656 0.1282784423569612
-1.75 -1.5 36 37 52.97421473184318 0.1216091129371385
-1.75 -1.5 37 38 51.77999551010419 0.1153532301100608
-1.75 -1.5 38 39 50.53754622378023 0.1094784400857247
-1.75 -1.5 39 40 49.26266988328354 0.1039555492694775
-1.75 -1.5 40 41 47.96832949592516 0.09875815243715937
-1.75 -1.5 41 42 46.66513581067079 0.0938623134620465
-1.75 -1.5 42 43 45.36174800708375 0.08924628634218486
-1.75 -1.5 43 44 44.06520377503625 0.08489027450605173
-1.75 -1.5 44 45 42.78119198871846 0.08077622058166402
-1.75 -1.5 45 46 41.51313878567575 0.07759267965119092
-1.75 -1.5 46 47 40.26682349779153 0.07791247002921547
-1.75 -1.5 47 48 39.04394934161306 0.08181450882235701
-1.75 -1.5 48 49 37.8467206706658 0.08864520429902725
-1.75 -1.5 49 50 36.67661314754969 0.09585519022861391
-1.5 -1.25 0 1 5086.988370516165 3.3515992159687
-1.5 -1.25 1 2 -2395.981397360691 4.276348861067043
-1.5 -1.25 2 3 -5561.193437968979 1.695581826996718
-1.5 -1.25 3 4 -4349.96803356252 1.618212337291158
-1.5 -1.25 4 5 -3154.924354213177 1.441057892032998
-1.5 -1.25 5 6 -2275.841416292021 1.270986313677213
-1.5 -1.25 6 7 -1655.001008508542 1.123909312115024
-1.5 -1.25 7 8 -1215.427187592224 0.9992831419978535
-1.5 -1.25 8 9 -900.0130484773313 0.894618548455518
-1.5 -1.25 9 10 -670.1217673116716 0.8043249249465819
-1.5 -1.25 10 11 -499.9180856261632 0.7279636464105474
-1.5 -1.25 11 12 -372.2747779577217 0.6617544194169162
-1.5 -1.25 12 13 -275.4028469299701 0.6041528052041202
-1.5 -1.25 13 14 -201.154856460786 0.5536848037027062
-1.5 -1.25 14 15 -143.7812950924824 0.5091798171476545
-1.5 -1.25 15 16 -99.15622152641095 0.4697011496516191
-1.5 -1.25 16 17 -64.2725393781584 0.4344928142035898
-1.5 -1.25 17 18 -36.90738967235939 0.4029393020455495
-1.5 -1.25 18 19 -15.39644537795084 0.3745351789785329
-1.5 -1.25 19 20 1.520924412108798 0.3488620076527028
-1.5 -1.25 20 21 14.80958582380549 0.3255707042199625
-1.5 -1.25 21 22 25.21501014839566 0.3043679483589531
-1.5 -1.25 22 23 33.31806796386059 0.2850056174499114
-1.5 -1.25 23 24 39.57485138705852 0.2672725082732049
-1.5 -1.25 24 25 44.34596102873866 0.2509877942655243
-1.5 -1.25 25 26 47.91828193690799 0.2373276257981532
-1.5 -1.25 26 27 50.52133936608664 0.2258045012018486
-1.5 -1.25 27 28 52.33969867181804 0.2150408204937166
-1.5 -1.25 28 29 53.52244766774982 0.204972053929941
-1.5 -1.25 29 30 54.19050599762113 0.1955403051046893
-1.5 -1.25 30 31 54.4423013999625 0.1866935410037206
-1.5 -1.25 31 32 54.35820811900305 0.1783849151574581
-1.5 -1.25 32 33 54.00403961725488 0.170572172685444
-1.5 -1.25 33 34 53.43381345772457 0.1632171306916517
-1.5 -1.25 34 35 52.6919521566727 0.1562852204493696
-1.5 -1.25 35 36 51.81504412398732 0.1497450897041825
-1.5 -1.25 36 37 50.83325938655094 0.1435682501201831
-1.5 -1.25 37 38 49.7714929186489 0.1377287707500035
-1.5 -1.25 38 39 48.65029185758357 0.1322030066281004
-1.5 -1.25 39 40 47.48661037109565 0.1269693610229523
-1.5 -1.25 40 41 46.29442656740008 0.1220080751568434
-1.5 -1.25 41 42 45.08524824578285 0.1173010421641048
-1.5 -1.25 42 43 43.86852897596475 0.112831644037326
-1.5 -1.25 43 44 42.65201135602894 0.108584604788697
-1.5 -1.25 44 45 41.44201100288035 0.1045458621143668
-1.5 -1.25 45 46 40.24249229149504 0.101035411735778
-1.5 -1.25 46 47 39.059765607635 0.09928322355489302
-1.5 -1.25 47 48 37.89595994567765 0.09945083648440634
-1.5 -1.25 48 49 36.7536787732906 0.1014336375936377
-1.5 -1.25 49 50 35.63474668403495 0.1040269406763867
-1.25 -1 0 1 5413.419129004847 1.569683733599901
-1.25 -1 1 2 -2113.186504519824 0.6685844451165289
-1.25 -1 2 3 -5560.590010876022 1.812302446585011
-1.25 -1 3 4 -4389.440399595622 1.767152017595844
-1.25 -1 4 5 -3197.383016870044 1.575915690395061
-1.25 -1 5 6 -2313.688221798338 1.388991796479676
-1.25 -1 6 7 -1687.108378736947 1.227830506781448
-1.25 -1 7 8 -1242.250621600045 1.092002500856373
-1.25 -1 8 9 -922.3376070772624 0.9782275766626417
-1.25 -1 9 10 -688.7143917602912 0.8806635075869746
-1.25 -1 10 11 -515.4346798475763 0.7980479248030886
-1.25 -1 11 12 -385.2632305205225 0.7265327664075567
-1.25 -1 12 13 -286.3077163929524 0.6643249020530281
-1.25 -1 13 14 -210.3365654783013 0.6098096953739505
-1.25 -1 14 15 -151.532277169676 0.5617142210836674
-1.25 -1 15 16 -105.7144890223208 0.5190250375618258
-1.25 -1 16 17 -69.83262278460847 0.4809270318771072
-1.25 -1 17 18 -41.62901021559423 0.4467580841843508
-1.25 -1 18 19 -19.41135185529424 0.4159752992466899
-1.25 -1 19 20 -1.89643363939058 0.3881296417349431
-1.25 -1 20 21 11.89893353267985 0.362846698350557
-1.25 -1 21 22 22.73516179237208 0.3398119368254787
-1.25 -1 22 23 31.20536408416876 0.3187592973683174
-1.25 -1 23 24 37.77571057120565 0.2994622787062889
-1.25 -1 24 25 42.815134894587 0.2817269092279234
-1.25 -1 25 26 46.6174409929173 0.2653861570126809
-1.25 -1 26 27 49.41792139217671 0.2502954484037382
-1.25 -1 27 28 51.40596652118438 0.2363290486671704
-1.25 -1 28 29 52.7347150105029 0.2233771166745186
-1.25 -1 29 30 53.52849842937349 0.2113432936230089
-1.25 -1 30 31 53.88862718231155 0.2001427157659715
-1.25 -1 31 32 53.89791811918258 0.1897003665945264
-1.25 -1 32 33 53.62426013247841 0.1799497036413222
-1.25 -1 33 34 53.12343884121879 0.1708315075130946
-1.25 -1 34 35 52.44138669629871 0.1622929129484258
-1.25 -1 35 36 51.61598463508295 0.1542865881399404
-1.25 -1 36 37 50.67851157707793 0.1467700386601286
-1.25 -1 37 38 49.65481585922248 0.1397050118289967
-1.25 -1 38 39 48.56626591439141 0.1330569875946337
-1.25 -1 39 40 47.43052478262223 0.1267947399922522
-1.25 -1 40 41 46.26218351873717 0.1208899588025625
-1.25 -1 41 42 45.07328082864524 0.1153169216547879
-1.25 -1 42 43 43.8737308746696 0.11005220990354
-1.25 -1 43 44 42.67167645540263 0.1050744592610995
-1.25 -1 44 45 41.47378141172459 0.1003641438937549
-1.25 -1 45 46 40.28429212175138 0.09627968041274472
-1.25 -1 46 47 39.1098279667325 0.09422687675662596
-1.25 -1 47 48 37.95272746340379 0.09440695162632816
-1.25 -1 48 49 36.81579597428725 0.09739315429940479
-1.25 -1 49 50 35.70103934025164 0.1050928486283573
-1 -0.75 0 1 5689.996137905418 1.881586083656653
-1 -0.75 1 2 -1854.79381602726 1.754905910772254
-1 -0.75 2 3 -5534.019538177919 1.600192001661862
-1 -0.75 3 4 -4398.01466571936 1.535455500485826
-1 -0.75 4 5 -3211.862706955847 1.369943532414015
-1 -0.75 5 6 -2327.89778225059 1.213776367395483
-1 -0.75 6 7 -1699.692801661155 1.080107381817265
-1 -0.75 7 8 -1253.055931574929 0.9670610759069748
-1 -0.75 8 9 -931.5231371817981 0.8718490007589135
-1 -0.75 9 10 -696.5053968999246 0.7891121769902042
-1 -0.75 10 11 -522.0457794832437 0.718686183259557
-1 -0.75 11 12 -390.8872896908642 0.657122302547422
-1 -0.75 12 13 -291.1073076416285 0.6031469205261736
-1 -0.75 13 14 -214.4475253307992 0.5555058452771836
-1 -0.75 14 15 -155.0674000565123 0.5132011202795567
-1 -0.75 15 16 -108.7672624302752 0.4754301823227213
-1 -0.75 16 17 -72.48055699813222 0.4415409995281758
-1 -0.75 17 18 -43.93646025843077 0.4109987828638899
-1 -0.75 18 19 -21.43185487560709 0.3833610351581312
-1 -0.75 19 20 -3.674624850370492 0.3582586478012537
-1 -0.75 20 21 10.32575686942823 0.3353814178414557
-1 -0.75 21 22 21.33576471780975 0.3144668443047151
-1 -0.75 22 23 29.95353243409875 0.2952913673662989
-1 -0.75 23 24 36.64939895727593 0.2776634607039333
-1 -0.75 24 25 41.79576798629216 0.2614181360737609
-1 -0.75 25 26 45.68933898046384 0.246412536576048
-1 -0.75 26 27 48.56782626488575 0.2325223750773757
-1 -0.75 27 28 50.6226504074009 0.2196390379829732
-1 -0.75 28 29 52.00865550681135 0.2076672104188791
-1 -0.75 29 30 52.85160877251849 0.1965229210197364
-1 -0.75 30 31 53.25403145088819 0.1861319181844602
-1 -0.75 31 32 53.29976350819925 0.1764283184544844
-1 -0.75 32 33 53.05755983627364 0.1673534715655085
-1 -0.75 33 34 52.58394026983501 0.1588550055102859
-1 -0.75 34 35 51.92546071191947 0.1508860179515326
-1 -0.75 35 36 51.12053227297133 0.1434043883984207
-1 -0.75 36 37 50.20088533947256 0.1363721915379411
-1 -0.75 37 38 49.192753186169 0.129755194339435
-1 -0.75 38 39 48.11783284759031 0.1235224227838007
-1 -0.75 39 40 46.99406818065552 0.1176457885020187
-1 -0.75 40 41 45.83629045921549 0.1120997645242482
-1 -0.75 41 42 44.65674406379929 0.1068611045151319
-1 -0.75 42 43 43.4655193930468 0.1019085965961846
-1 -0.75 43 44 42.27091035805648 0.09722284933484562
-1 -0.75 44 45 41.0797104445333 0.09278610310965138
-1 -0.75 45 46 39.89625830819017 0.08934601438918326
-1 -0.75 46 47 38.72730509200088 0.08969531701183185
-1 -0.75 47 48 37.57525201716078 0.09392697857414414
-1 -0.75 48 49 36.44297464982461 0.1013363280999309
-1 -0.75 49 50 35.33253527681291 0.1091610611872452
-0.75 -0.5 0 1 5904.145027279138 2.618462409789736
-0.75 -0.5 1 2 -1659.315298931909 1.99943905007147
-0.75 -0.5 2 3 -5518.363669347732 1.610395604443722
-0.75 -0.5 3 4 -4410.460106513818 1.55093037327039
-0.75 -0.5 4 5 -3229.343589398075 1.384465747247734
-0.75 -0.5 5 6 -2345.173389302069 1.225713670964794
-0.75 -0.5 6 7 -1715.452105636776 1.089268811496658
-0.75 -0.5 7 8 -1267.056945432724 0.9738082603134692
-0.75 -0.5 8 9 -943.8486793337247 0.8760205877537347
-0.75 -0.5 9 10 -707.326988028472 0.7931765143159064
-0.75 -0.5 10 11 -531.5522172261794 0.7209645916665481
-0.75 -0.5 11 12 -399.2569766918105 0.6585853825569182
-0.75 -0.5 12 13 -298.4982282888454 0.6040056132185188
-0.75 -0.5 13 14 -220.9964410535979 0.5559177590876691
-0.75 -0.5 14 15 -160.8912721125448 0.5132839751688535
-0.75 -0.5 15 16 -113.9655782340913 0.4761175811040115
-0.75 -0.5 16 17 -77.13778730925242 0.4442084884536577
-0.75 -0.5 17 18 -48.12434045654095 0.4152250312401237
-0.75 -0.5 18 19 -25.21138800669382 0.3888223985734213
-0.75 -0.5 19 20 -7.097792578749704 0.3647034554982615
-0.75 -0.5 20 21 7.214553406861796 0.3426118293633246
-0.75 -0.5 21 22 18.49850013252671 0.3223258196781919
-0.75 -0.5 22 23 27.35755286650522 0.3036531664194325
-0.75 -0.5 23 24 34.26658570186009 0.2864266170293517
-0.75 -0.5 24 25 39.60184050410646 0.2705001945347664
-0.75 -0.5 25 26 43.66327324114638 0.2557460662530718
-0.75 -0.5 26 27 46.69136840067051 0.2420519166751725
-0.75 -0.5 27 28 48.87990915818193 0.2293187426872972
-0.75 -0.5 28 29 50.38575988003777 0.2174589990837972
-0.75 -0.5 29 30 51.33641977046625 0.2063950350712021
-0.75 -0.5 30 31 51.83589871963829 0.1960577719842079
-0.75 -0.5 31 32 51.96931939584658 0.1863855821330619
-0.75 -0.5 32 33 51.80654467269301 0.1773233351300718
-0.75 -0.5 33 34 51.40505377202004 0.1688215831852888
-0.75 -0.5 34 35 50.81223530089193 0.1608358638464442
-0.75 -0.5 35 36 50.06722481199694 0.1533261012850131
-0.75 -0.5 36 37 49.20238439870104 0.146256089486902
-0.75 -0.5 37 38 48.24449942060454 0.1395930463413023
-0.75 -0.5 38 39 47.21575048119024 0.1333072265472758
-0.75 -0.5 39 40 46.13450591177769 0.1273715855420579
-0.75 -0.5 40 41 45.0159703844983 0.1217614854655246
-0.75 -0.5 41 42 43.87271743052025 0.1164544393214604
-0.75 -0.5 42 43 42.71512819108449 0.1114298861063348
-0.75 -0.5 43 44 41.55175390823797 0.1066689924668151
-0.75 -0.5 44 45 40.38961627362477 0.1021544796517971
-0.75 -0.5 45 46 39.23324376696547 0.0982728094958617
-0.75 -0.5 46 47 38.08959036702441 0.09652249520665708
-0.75 -0.5 47 48 36.96120561058788 0.09710010574724898
-0.75 -0.5 48 49 35.851109220213 0.1015300300679652
-0.75 -0.5 49 50 34.7614916650929 0.1095512532901524
-0.5 -0.25 0 1 6044.954486528876 2.553560563721073
-0.5 -0.25 1 2 -1537.002009254195 1.400807944585605
-0.5 -0.25 2 3 -5513.205509193907 1.588094268685315
-0.5 -0.25 3 4 -4422.143949443053 1.546438818863703
-0.5 -0.25 4 5 -3243.139196750127 1.387669938460724
-0.5 -0.25 5 6 -2357.984903906428 1.273773571844142
-0.5 -0.25 6 7 -1726.667221622206 1.15715722004357
-0.5 -0.25 7 8 -1276.690533897323 1.049154741206196
-0.5 -0.25 8 9 -952.0774363686314 0.9536465267903893
-0.5 -0.25 9 10 -714.3475238545034 0.8679266965046504
-0.5 -0.25 10 11 -537.5514723452561 0.7937309321298847
-0.5 -0.25 11 12 -404.3958235316627 0.7279756875291757
-0.5 -0.25 12 13 -302.9127414402847 0.6698112496942129
-0.5 -0.25 13 14 -224.8002924269847 0.6181485958931704
-0.5 -0.25 14 15 -164.1790457280886 0.5720637640440834
-0.5 -0.25 15 16 -116.8159540826809 0.5307805476009189
-0.5 -0.25 16 17 -79.61632152330208 0.4936484967718445
-0.5 -0.25 17 18 -50.28579550603308 0.4601218883546747
-0.5 -0.25 18 19 -27.10164911231459 0.4297414336754642
-0.5 -0.25 19 20 -8.755430743742636 0.4021190005305185
-0.5 -0.25 20 21 5.757010082717443 0.3769250870454182
-0.5 -0.25 21 22 17.21353208752953 0.3538786344501539
-0.5 -0.25 22 23 26.22180581330304 0.3327387625089754
-0.5 -0.25 23 24 33.26018115972613 0.3132980605857724
-0.5 -0.25 24 25 38.70781018531261 0.2953771283518496
-0.5 -0.25 25 26 42.86709340486573 0.2788201173943878
-0.5 -0.25 26 27 45.98057514306004 0.2634910759288696
-0.5 -0.25 27 28 48.24377946220864 0.2492709383263631
-0.5 -0.25 28 29 49.81504629013375 0.2360550340441759
-0.5 -0.25 29 30 50.82312896064161 0.2237510174635611
-0.5 -0.25 30 31 51.3731061172565 0.212277138775139
-0.5 -0.25 31 32 51.55101352765587 0.2015607944848287
-0.5 -0.25 32 33 51.42749609459543 0.1915373049970118
-0.5 -0.25 33 34 51.06070439816222 0.1821488820649706
-0.5 -0.25 34 35 50.49860471002762 0.1733437501704334
-0.5 -0.25 35 36 49.7808307267606 0.1650753982714903
-0.5 -0.25 36 37 48.94017502817695 0.1573019387739678
-0.5 -0.25 37 38 48.0037957601586 0.1499855572015212
-0.5 -0.25 38 39 46.99419699181038 0.1430920373926822
-0.5 -0.25 39 40 45.9300282674879 0.1365903510763927
-0.5 -0.25 40 41 44.82673919710697 0.1304523015729369
-0.5 -0.25 41 42 43.69711704120664 0.1246522141617533
-0.5 -0.25 42 43 42.55172976547368 0.1191666650948264
-0.5 -0.25 43 44 41.3992921946969 0.1139742449160462
-0.5 -0.25 44 45 40.24696948959775 0.1090553505779588
-0.5 -0.25 45 46 39.09940722632689 0.1047752632057537
-0.5 -0.25 46 47 37.96368822522214 0.1025638182835725
-0.5 -0.25 47 48 36.84245067822522 0.1026252384428545
-0.5 -0.25 48 49 35.73880044349511 0.1048288246054704
-0.5 -0.25 49 50 34.65500546439068 0.1108174966492669
-0.25 0 0 1 6115.900954119864 2.682804939711029
-0.25 0 1 2 -1474.751774388436 1.908195373478561
-0.25 0 2 3 -5509.405689346268 1.610864793769846
-0.25 0 3 4 -4426.187109842976 1.558477352931263
-0.25 0 4 5 -3247.892689636231 1.393984913260526
-0.25 0 5 6 -2362.131129882196 1.235668841540423
-0.25 0 6 7 -1730.03754364046 1.099107661276636
-0.25 0 7 8 -1279.363395897637 0.9832684827855721
-0.25 0 8 9 -954.1723450825402 0.8857669727410793
-0.25 0 9 10 -715.9753703132233 0.8007808343005157
-0.25 0 10 11 -538.8035942632546 0.7354560205531113
-0.25 0 11 12 -405.3471622164384 0.6770503245239319
-0.25 0 12 13 -303.6228979961888 0.6249352368603645
-0.25 0 13 14 -225.3168692863851 0.5783176436543196
-0.25 0 14 15 -164.5401507992547 0.5364885168132991
-0.25 0 15 16 -117.0522062662781 0.498831109748631
-0.25 0 16 17 -79.75241977152018 0.4648154812682423
-0.25 0 17 18 -50.34173802763758 0.4339884727284445
-0.25 0 18 19 -27.09368144679047 0.40596293012679
-0.25 0 19 20 -8.696786243969655 0.3804076661600204
-0.25 0 20 21 5.855528413470438 0.357038659120416
-0.25 0 21 22 17.34309140091295 0.335611558791161
-0.25 0 22 23 26.37517705615619 0.3159153990283523
-0.25 0 23 24 33.43144561825409 0.2977673606986486
-0.25 0 24 25 38.89212310125004 0.2810084221819
-0.25 0 25 26 43.06049260039845 0.2654997483625107
-0.25 0 26 27 46.17982538816875 0.2511196874440823
-0.25 0 27 28 48.44624540653001 0.2377612698199471
-0.25 0 28 29 50.01858835482108 0.225330116327124
-0.25 0 29 30 51.02601777934603 0.2137426852469479
-0.25 0 30 31 51.57395203237729 0.202924796708692
-0.25 0 31 32 51.74870835365971 0.1928103865172037
-0.25 0 32 33 51.62116491585061 0.1833404502071484
-0.25 0 33 34 51.24966559582526 0.1744621441119781
-0.25 0 34 35 50.68233676260661 0.1661280188042829
-0.25 0 35 36 49.95894459655131 0.1582953613869865
-0.25 0 36 37 49.11239116513417 0.1509256313938779
-0.25 0 37 38 48.16992493296215 0.1439839727710734
-0.25 0 38 39 47.15412429350999 0.1374387930588549
-0.25 0 39 40 46.0836997626588 0.1312613978227905
-0.25 0 40 41 44.97415076658876 0.1254256718366148
-0.25 0 41 42 43.83830506181363 0.1199078016756586
-0.25 0 42 43 42.68676331999092 0.1146860327351195
-0.25 0 43 44 41.52826656304717 0.109740455295257
-0.25 0 44 45 40.37000071022334 0.1050528178981889
-0.25 0 45 46 39.21662214586587 0.1010065019659912
-0.25 0 46 47 38.07523744652741 0.09909317178615223
-0.25 0 47 48 36.94848845570374 0.09951552821271621
-0.25 0 48 49 35.83948752818864 0.102672701069492
-0.25 0 49 50 34.75050722299574 0.1108218143981084
0 0.25 0 1 6115.641837135999 2.682810920293273
0 0.25 1 2 -1475.258044584419 1.908215181443574
0 0.25 2 3 -5509.777812415132 1.610818897114697
0 0.25 3 4 -4426.34378175938 1.558379869548515
0 0.25 4 5 -3247.910976985678 1.39389221463999
0 0.25 5 6 -2362.082462472677 1.235608935002544
0 0.25 6 7 -1729.962257105545 1.099081532200318
0 0.25 7 8 -1279.281720501152 0.9832679016686984
0 0.25 8 9 -954.0933463454021 0.8857806390350339
0 0.25 9 10 -715.9024793254684 0.8008051756731528
0 0.25 10 11 -538.7377693635663 0.73548304251167
0 0.25 11 12 -405.2878778111935 0.6770779522650193
0 0.25 12 13 -303.5692992571048 0.6249618775849136
0 0.25 13 14 -225.2680473138573 0.578342509950811
0 0.25 14 15 -164.495297261054 0.5365112893930002
0 0.25 15 16 -117.0106624476578 0.4988517291012899
0 0.25 16 17 -79.71367600763847 0.4648340244353118
0 0.25 17 18 -50.30541270645449 0.4340050825154725
0 0.25 18 19 -27.05949427619612 0.405977775340411
0 0.25 19 20 -8.664532672691394 0.3804209202091609
0 0.25 20 21 5.885998853572801 0.3570504887881779
0 0.25 21 22 17.37189215330091 0.3356221190079219
0 0.25 22 23 26.40239729408609 0.3159248307508828
0 0.25 23 24 33.45715937244802 0.2977757907024703
0 0.25 24 25 38.91639552019342 0.2810159635435714
0 0.25 25 26 43.08338404579683 0.2655065014237151
0 0.25 26 27 46.20139395444517 0.2511257411521999
0 0.25 27 28 48.46654833554965 0.2377667026698713
0 0.25 28 29 50.0376827035733 0.2253349977745309
0 0.25 29 30 51.04396060600061 0.2137470765474139
0 0.25 30 31 51.59080028981327 0.2029287518711118
0 0.25 31 32 51.76451862509748 0.1928139533676085
0 0.25 32 33 51.63599307854929 0.1833436708452948
0 0.25 33 34 51.26356647474483 0.1744650558813666
0 0.25 34 35 50.69536380574465 0.1661306545920737
0 0.25 35 36 49.97114959367127 0.1582977504411199
0 0.25 36 37 49.12382401878654 0.1509277994437039
0 0.25 37 38 48.18063348266622 0.1439859427580717
0 0.25 38 39 47.16415419246732 0.1374405853062044
0 0.25 39 40 46.09309440114362 0.1312630302782617
0 0.25 40 41 44.98295123729866 0.1254271605813324
0 0.25 41 42 43.84655015893713 0.1199091609019897
0 0.25 42 43 42.6944895680337 0.1146872750642704
0 0.25 43 44 41.53550826814421 0.1097415922067217
0 0.25 44 45 40.37679002906782 0.1050538593136652
0 0.25 45 46 39.22298913684062 0.1010074685973306
0 0.25 46 47 38.08121024076775 0.09909412498182039
0 0.25 47 48 36.95409327066477 0.09951652664025498
0 0.25 48 49 35.8447488059781 0.1026737834873783
0 0.25 49 50 34.75544770338422 0.1108229362302535
0.25 0.5 0 1 6044.210656112217 2.553565859658826
0.25 0.5 1 2 -1538.448830416233 1.400807448749129
0.25 0.5 2 3 -5514.259184019996 1.587984325378392
0.25 0.5 3 4 -4422.581325166248 1.546271598853602
0.25 0.5 4 5 -3243.187763478698 1.38753075813637
0.25 0.5 5 6 -2357.848832444752 1.273698843716006
0.25 0.5 6 7 -1726.459255654585 1.157137080018961
0.25 0.5 7 8 -1276.466143167643 1.049172321569272
0.25 0.5 8 9 -951.8595710138493 0.9529479949371505
0.25 0.5 9 10 -714.1491307857132 0.8687310532458968
0.25 0.5 10 11 -537.3707726280836 0.793782686555648
0.25 0.5 11 12 -404.2324950875609 0.7280269928323273
0.25 0.5 12 13 -302.7643425601909 0.6698599819747616
0.25 0.5 13 14 -224.6643197806352 0.6181937575680571
0.25 0.5 14 15 -164.0533278747653 0.5721050075730889
0.25 0.5 15 16 -116.6987626412249 0.5308178831912475
0.25 0.5 16 17 -79.50635280789152 0.4936821195418187
0.25 0.5 17 18 -50.18210140118958 0.4601520788171435
0.25 0.5 18 19 -27.00355624752115 0.4297685018764018
0.25 0.5 19 20 -8.662465804511385 0.4021432560796986
0.25 0.5 20 21 5.845182170051658 0.3769468237609309
0.25 0.5 21 22 17.29715589397324 0.3538981231793564
0.25 0.5 22 23 26.30107037763628 0.3327562489376285
0.25 0.5 23 24 33.33524441317525 0.3133137653104375
0.25 0.5 24 25 38.77881517235971 0.2953912478527211
0.25 0.5 25 26 42.93417840574421 0.2788328263926885
0.25 0.5 26 27 46.04387943568372 0.2635025293087535
0.25 0.5 27 28 48.30344608878113 0.2492812732439742
0.25 0.5 28 29 49.87122285583769 0.2360643717479082
0.25 0.5 29 30 50.87596721389639 0.2237594653068181
0.25 0.5 30 31 51.42276084340688 0.2122847918230496
0.25 0.5 31 32 51.59764111729737 0.2015677367411254
0.25 0.5 32 33 51.47125302729285 0.191543611077515
0.25 0.5 33 34 51.10174578930389 0.1821546179126429
0.25 0.5 34 35 50.53708300843971 0.173348974436163
0.25 0.5 35 36 49.81689460579543 0.1650801628794142
0.25 0.5 36 37 48.97396848347324 0.1573062899987038
0.25 0.5 37 38 48.03545741172712 0.149989536042203
0.25 0.5 38 39 47.0238595742216 0.143095680440045
0.25 0.5 39 40 45.95781828811516 0.1365936908703925
0.25 0.5 40 41 44.85277673943142 0.1304553671926315
0.25 0.5 41 42 43.72151568913694 0.1246550315568733
0.25 0.5 42 43 42.57459662789 0.1191692573097362
0.25 0.5 43 44 41.42072800995817 0.1139766328134858
0.25 0.5 44 45 40.26706879021071 0.1090575526501761
0.25 0.5 45 46 39.1182584815885 0.1047773263794676
0.25 0.5 46 47 37.98137425874245 0.1025658970302162
0.25 0.5 47 48 36.85904875337462 0.1026274859133009
0.25 0.5 48 49 35.75438263450005 0.1048313632045529
0.25 0.5 49 50 34.66963886097042 0.110820254825967
0.5 0.75 0 1 5902.867270341976 2.618468633441451
0.5 0.75 1 2 -1661.765549030566 1.999452113380188
0.5 0.75 2 3 -5520.085612465726 1.610328261323787
0.5 0.75 3 4 -4411.113684609674 1.55081342231521
0.5 0.75 4 5 -3229.355070126869 1.384365257026119
0.5 0.75 5 6 -2344.899052615267 1.225654950145119
0.5 0.75 6 7 -1715.078457812745 1.089247343941596
0.5 0.75 7 8 -1266.670827251201 0.9738143556382111
0.5 0.75 8 9 -943.4841395016006 0.8767077614858814
0.5 0.75 9 10 -706.9983699697755 0.7925093620097117
0.5 0.75 10 11 -531.2574933555488 0.720995113472135
0.5 0.75 11 12 -398.992887549206 0.6586163496947991
0.5 0.75 12 13 -298.2597833866805 0.6040354542364367
0.5 0.75 13 14 -220.7789376231399 0.5559456756790766
0.5 0.75 14 15 -160.6907916646537 0.5133096364972397
0.5 0.75 15 16 -113.7790742397158 0.4761408873302296
0.5 0.75 16 17 -76.96299713182589 0.4442294713917795
0.5 0.75 17 18 -47.95963721792054 0.4152438863380692
0.5 0.75 18 19 -25.05562735974559 0.3888393444919344
0.5 0.75 19 20 -6.950177928268886 0.3647187093072725
0.5 0.75 20 21 7.3545796400374 0.3426255942709912
0.5 0.75 21 22 18.63133927416857 0.3223382787906794
0.5 0.75 22 23 27.48351011645468 0.3036644814876555
0.5 0.75 23 24 34.38591196361688 0.2864369286258774
0.5 0.75 24 25 39.71476015589553 0.2705096240268896
0.5 0.75 25 26 43.77000153208951 0.2557547176623761
0.5 0.75 26 27 46.79212145981137 0.2420598791485451
0.5 0.75 27 28 48.97490893361953 0.2293260925483498
0.5 0.75 28 29 50.47523574117542 0.217465801944089
0.5 0.75 29 30 51.42060803657046 0.2064013470270518
0.5 0.75 30 31 51.91504100261318 0.1960636416781332
0.5 0.75 31 32 52.04366036549641 0.1863910516969253
0.5 0.75 32 33 51.87632964849024 0.1773284412361157
0.5 0.75 33 34 51.47052639287381 0.1688263578503714
0.5 0.75 34 35 50.8736354188128 0.1608403353985601
0.5 0.75 35 36 50.12478668738686 0.153330294648194
0.5 0.75 36 37 49.25633522190782 0.1462600267751998
0.5 0.75 37 38 48.29505815808915 0.1395967474172486
0.5 0.75 38 39 47.26312702300834 0.1333107091973272
0.5 0.75 39 40 46.17890048959879 0.1273748655569187
0.5 0.75 40 41 45.0575732228794 0.1217645774614025
0.5 0.75 41 42 43.91170859622446 0.1164573564708932
0.5 0.75 42 43 42.75167760341498 0.1114326400780817
0.5 0.75 43 44 41.58602148048834 0.1066715943096159
0.5 0.75 44 45 40.42175215454876 0.10215693935911
0.5 0.75 45 46 39.26338856889072 0.09827518133194826
0.5 0.75 46 47 38.11787575038022 0.0965249972315769
0.5 0.75 47 48 36.98775447302199 0.09710296222753442
0.5 0.75 48 49 35.87603625316217 0.1015333691105174
0.5 0.75 49 50 34.78490366729707 0.1095549694979628
0.75 1 0 1 5688.117945158812 1.881498649449771
0.75 1 1 2 -1858.368068076476 1.754370896128466
0.75 1 2 3 -5536.483251387503 1.599587583398103
0.75 1 3 4 -4398.901041857251 1.535283562661885
0.75 1 4 5 -3211.821832075332 1.370175729651287
0.75 1 5 6 -2327.45505978599 1.21423736650644
0.75 1 6 7 -1699.117439690729 1.080646567298151
0.75 1 7 8 -1252.471205001897 0.967592522846943
0.75 1 8 9 -930.9769419248591 0.8717460277389978
0.75 1 9 10 -696.014885543364 0.7901233820023449
0.75 1 10 11 -521.609277694467 0.7190317045023091
0.75 1 11 12 -390.4986327742558 0.6574080664868397
0.75 1 12 13 -290.758751127303 0.603380868108609
0.75 1 13 14 -214.1318333414101 0.5556960634778255
0.75 1 14 15 -154.7785241937247 0.5133550472708162
0.75 1 15 16 -108.5004504529261 0.4755543252997537
0.75 1 16 17 -72.23221884435361 0.441640891644981
0.75 1 17 18 -43.70395258802682 0.4110790452335378
0.75 1 18 19 -21.21326013060389 0.3834254801579001
0.75 1 19 20 -3.468557108380537 0.358310392642241
0.75 1 20 21 10.52030901607759 0.3354229940867375
0.75 1 21 22 21.51955854797757 0.3145002968711235
0.75 1 22 23 30.1271594907239 0.295318340934379
0.75 1 23 24 36.81334752886232 0.2776852734249067
0.75 1 24 25 41.9504656002091 0.2614358412769022
0.75 1 25 26 45.83518005119822 0.2464269738443116
0.75 1 26 27 48.70518907014775 0.232534212666524
0.75 1 27 28 50.75190664017236 0.2196488062073059
0.75 1 28 29 52.13017484164982 0.2076753303007463
0.75 1 29 30 52.96576022936426 0.1965297256833747
0.75 1 30 31 53.36118282417249 0.1861376716701178
0.75 1 31 32 53.40027974079453 0.1764332293718712
0.75 1 32 33 53.15180092535297 0.1673577049206683
0.75 1 33 34 52.67225908610828 0.1588586919436077
0.75 1 34 35 52.00820096210691 0.1508892603826602
0.75 1 35 36 51.19802673322704 0.143407268540542
0.75 1 36 37 50.27345442066473 0.1363747739431375
0.75 1 37 38 49.26070384259714 0.1297575301971221
0.75 1 38 39 48.18145781608001 0.1235245525569617
0.75 1 39 40 47.05364552001913 0.1176477446203634
0.75 1 40 41 45.89208335198339 0.1121015726507597
0.75 1 41 42 44.7090008383397 0.1068627852955658
0.75 1 42 43 43.51447372800914 0.1019101665662204
0.75 1 43 44 42.31678163108626 0.09722432177908427
0.75 1 44 45 41.12270419066709 0.09278748879123143
0.75 1 45 46 39.93656660939843 0.08934737465395604
0.75 1 46 47 38.76510754425968 0.08969689877878496
0.75 1 47 48 37.61071597675033 0.09392901865186232
0.75 1 48 49 36.47625607958588 0.1013390002202613
0.75 1 49 50 35.36377922298996 0.1091643485226723
1 1.25 0 1 5410.919002500724 1.569998734446367
1 1.25 1 2 -2117.941463212061 0.6716096756167487
1 1.25 2 3 -5563.864696926679 1.812794516657305
1 1.25 3 4 -4390.615375835172 1.766743992938833
1 1.25 4 5 -3197.318837132209 1.575137547776225
1 1.25 5 6 -2313.080149256938 1.388203696093554
1 1.25 6 7 -1686.315667407026 1.227164498251405
1 1.25 7 8 -1241.440924537765 1.091482735486893
1 1.25 8 9 -921.5786397031893 0.9773270081388928
1 1.25 9 10 -688.0306453343924 0.8808805065351006
1 1.25 10 11 -514.8266202738628 0.7978247018036322
1 1.25 11 12 -384.7231199037992 0.7263680526830298
1 1.25 12 13 -285.8254969581715 0.6642052138992536
1 1.25 13 14 -209.9024973400431 0.6097248422614514
1 1.25 14 15 -151.137992070345 0.5616563906612524
1 1.25 15 16 -105.3532355925481 0.5189881457957745
1 1.25 16 17 -69.49915321412868 0.4809062839548255
1 1.25 17 18 -41.31933421607278 0.4467496760044973
1 1.25 18 19 -19.12246714780804 0.4159762062295718
1 1.25 19 20 -1.62608139206327 0.3881374625826667
1 1.25 20 21 12.15247103442198 0.3628595340807966
1 1.25 21 22 22.97321916944679 0.3398282943870831
1 1.25 22 23 31.42901122013302 0.3187780116497165
1 1.25 23 24 37.98583825400021 0.2994824485793305
1 1.25 24 25 43.01251484838747 0.281747845023964
1 1.25 25 26 46.80276661540211 0.2654073378859014
1 1.25 26 27 49.59183440395088 0.250316487380104
1 1.25 27 28 51.56907362349637 0.2363496639100353
1 1.25 28 29 52.88759766235171 0.2233971089279622
1 1.25 29 30 53.67171804176235 0.2113625277089876
1 1.25 30 31 54.02272738588351 0.2001611054602961
1 1.25 31 32 54.0234252681621 0.1897178632874066
1 1.25 32 33 53.74168284236794 0.1799662868442912
1 1.25 33 34 53.23326708908996 0.1708471777550856
1 1.25 34 35 52.54409081856807 0.1623076856504164
1 1.25 35 36 51.71201442646822 0.1543004896777347
1 1.25 36 37 50.76829559810824 0.1467831025237666
1 1.25 37 38 49.73876100211288 0.1397172762331457
1 1.25 38 39 48.64475723535173 0.1330684932557144
1 1.25 39 40 47.50392558581956 0.1268055291077869
1 1.25 40 41 46.33083566243147 0.1209000732750775
1 1.25 41 42 45.13750522110718 0.1153264031654361
1 1.25 42 43 43.93382812154118 0.1100610983374859
1 1.25 43 44 42.72792762418749 0.1050827932971414
1 1.25 44 45 41.52644888373305 0.1003719600752476
1 1.25 45 46 40.33362022924564 0.09628710642301258
1 1.25 46 47 39.15604464907548 0.09423436988077814
1 1.25 47 48 37.99604447991055 0.09441496055638327
1 1.25 48 49 36.85641018584116 0.09740195629899036
1 1.25 49 50 35.73913342169422 0.1051020619023159
1.25 1.5 0 1 5084.02628896439 3.351705476907566
1.25 1.5 1 2 -2401.523169867742 4.276853278889321
1.25 1.5 2 3 -5564.859342630041 1.697102047807883
1.25 1.5 3 4 -4351.152734865673 1.618942401080492
1.25 1.5 4 5 -3154.728605357361 1.44088491097753
1.25 1.5 5 6 -2275.083379874832 1.270224038283382
1.25 1.5 6 7 -1654.076128933743 1.122892532687693
1.25 1.5 7 8 -1214.508535325339 0.9985036262729021
1.25 1.5 8 9 -899.1662436135125 0.892780317213186
1.25 1.5 9 10 -669.364683441031 0.8040716084942766
1.25 1.5 10 11 -499.2481187268118 0.7272477903215603
1.25 1.5 11 12 -371.6804947839773 0.6611648088161945
1.25 1.5 12 13 -274.8718320498276 0.6036745208249746
1.25 1.5 13 14 -200.6757814669045 0.5533012312752754
1.25 1.5 14 15 -143.3447659270596 0.5088751203025947
1.25 1.5 15 16 -98.75485446643938 0.4694612558713058
1.25 1.5 16 17 -63.90071937862967 0.4343056743896994
1.25 1.5 17 18 -36.56093096189534 0.4027948195429354
1.25 1.5 18 19 -15.07225598852847 0.3744250052522314
1.25 1.5 19 20 1.825132533385613 0.348779299649827
1.25 1.5 20 21 15.09552933874488 0.325509887440191
1.25 1.5 21 22 25.48401169333385 0.3043245022333359
1.25 1.5 22 23 33.57118623568022 0.2849758893750954
1.25 1.5 23 24 39.81297330377652 0.2672535559482688
1.25 1.5 24 25 44.56986481620095 0.2509772543073036
1.25 1.5 25 26 48.12867870187335 0.2373236271824755
1.25 1.5 26 27 50.71889923532876 0.2258054696358054
1.25 1.5 27 28 52.52506618913776 0.2150454784027146
1.25 1.5 28 29 53.69624995511128 0.2049794021366902
1.25 1.5 29 30 54.35335623625849 0.1955495649555835
1.25 1.5 30 31 54.5947994411323 0.1867041084843612
1.25 1.5 31 32 54.50093947909954 0.178396323786229
1.25 1.5 32 33 54.1375736955319 0.1705840647363832
1.25 1.5 33 34 53.55870152124976 0.163229233623319
1.25 1.5 34 35 52.80872542444274 0.1562973294309365
1.25 1.5 35 36 51.92421213714709 0.1497570520138168
1.25 1.5 36 37 50.93530875445833 0.1435799544723718
1.25 1.5 37 38 49.86688646778441 0.1377401377620331
1.25 1.5 38 39 48.7394681690896 0.1322139818430048
1.25 1.5 39 40 47.56998367148037 0.1269799090328918
1.25 1.5 40 41 46.37238692586703 0.122018175191977
1.25 1.5 41 42 45.15816202572637 0.1173106849525882
1.25 1.5 42 43 43.93673949141271 0.1128408282202115
1.25 1.5 43 44 42.71583968504422 0.108593335607918
1.25 1.5 44 45 41.50175691713548 0.1045541490964288
1.25 1.5 45 46 40.29843501999599 0.1010433722755487
1.25 1.5 46 47 39.11216550740383 0.09929135202087032
1.25 1.5 47 48 37.94505894302722 0.09945963179278017
1.25 1.5 48 49 36.79970174686378 0.1014434909957219
1.25 1.5 49 50 35.6779022787569 0.1040378468677421
1.5 1.75 0 1 4681.551066343034 0.9386717542624851
1.5 1.75 1 2 -2780.21973041533 0.8016457100668027
1.5 1.75 2 3 -5590.869652399469 1.730797288441284
1.5 1.75 3 4 -4316.519577065521 1.671895946460763
1.5 1.75 4 5 -3108.23692940709 1.492063248138466
1.5 1.75 5 6 -2229.10803098987 1.311217550248375
1.5 1.75 6 7 -1612.052676821344 1.15294477710562
1.5 1.75 7 8 -1177.172479493253 1.019233335977616
1.5 1.75 8 9 -866.3535654002035 0.9061381561713396
1.5 1.75 9 10 -640.6256582083465 0.8118066850404074
1.5 1.75 10 11 -474.0854587360404 0.7307582336307836
1.5 1.75 11 12 -349.6068598838585 0.6615048658470114
1.5 1.75 12 13 -255.4556899959641 0.6016454012040946
1.5 1.75 13 14 -183.5431644579394 0.5495062377179132
1.5 1.75 14 15 -128.1761447429944 0.5037698057208065
1.5 1.75 15 16 -85.27893575936082 0.4633913322043545
1.5 1.75 16 17 -51.88765429375098 0.4275349803820792
1.5 1.75 17 18 -25.81594028109635 0.3955258121594075
1.5 1.75 18 19 -5.430019405902385 0.3668137898981257
1.5 1.75 19 20 10.50526178091195 0.3409467128162271
1.5 1.75 20 21 22.93354050507196 0.3175497266267849
1.5 1.75 21 22 32.58257961902405 0.2963096863151545
1.5 1.75 22 23 40.01844426021853 0.2769631087329968
1.5 1.75 23 24 45.68481111886274 0.2592868110225879
1.5 1.75 24 25 49.93183396444863 0.2430905694212321
1.5 1.75 25 26 53.03757537777392 0.2282113142107271
1.5 1.75 26 27 55.22408204568387 0.2145085005905202
1.5 1.75 27 28 56.66955616244297 0.2018603896072973
1.5 1.75 28 29 57.51765140175121 0.1901610378745094
1.5 1.75 29 30 57.88462991825304 0.1793178443169599
1.5 1.75 30 31 57.86491368450311 0.169249536888343
1.5 1.75 31 32 57.53542014014738 0.1598845125270776
1.5 1.75 32 33 56.95897006989941 0.1511594569692419
1.5 1.75 33 34 56.18698219684802 0.1430181943259635
1.5 1.75 34 35 55.26161557174396 0.1354107212336981
1.5 1.75 35 36 54.21748170593276 0.1282923926278528
1.5 1.75 36 37 53.08301939505299 0.1216232322305974
1.5 1.75 37 38 51.88160364989437 0.1153673459891361
1.5 1.75 38 39 50.63244387782578 0.109492421059627
1.5 1.75 39 40 49.35131415878971 0.1039692967125544
1.5 1.75 40 41 48.05114925612304 0.09877159354149574
1.5 1.75 41 42 46.74253255460133 0.093875396216544
1.5 1.75 42 43 45.43409690137366 0.08925897450813002
1.5 1.75 43 44 44.1328547999982 0.08490254482428043
1.5 1.75 44 45 42.84447116185999 0.08078805927409359
1.5 1.75 45 46 41.57234913404906 0.07760416521479868
1.5 1.75 46 47 40.3222471119972 0.0779239839948499
1.5 1.75 47 48 39.09584787538211 0.08182642190691579
1.5 1.75 48 49 37.89533697161187 0.08865778540140423
1.5 1.75 49 50 36.72217221111057 0.09586840594214438
1.75 2 0 1 4253.925601838519 1.073157398778917
1.75 2 1 2 -3163.885816517862 2.475474607971478
1.75 2 2 3 -5603.321585424998 2.785647300169674
1.75 2 3 4 -4279.071627301682 2.33868447503096
1.75 2 4 5 -3067.779012353352 1.946973606075753
1.75 2 5 6 -2194.010378548365 1.644960111912954
1.75 2 6 7 -1583.113360157025 1.411912776695418
1.75 2 7 8 -1153.614619757602 1.228703318992927
1.75 2 8 9 -847.2013037326356 1.081146866532384
1.75 2 9 10 -625.020446421383 0.960277423440356
1.75 2 10 11 -461.320513393754 0.8599407400167611
1.75 2 11 12 -339.1281558158653 0.7750677722036269
1.75 2 12 13 -246.8237388431794 0.7025378013350988
1.75 2 13 14 -176.4099395116723 0.6399160460580759
1.75 2 14 15 -122.2646694840148 0.5853664146301958
1.75 2 15 16 -80.36750101177881 0.5374786353407367
1.75 2 16 17 -47.79775598529773 0.4951516395688699
1.75 2 17 18 -22.40306512499978 0.4575131721268398
1.75 2 18 19 -2.57657525654281 0.4238632276864135
1.75 2 19 20 12.89540515977455 0.393633489098029
1.75 2 20 21 24.93929751860765 0.3663577284980121
1.75 2 21 22 34.26897545538804 0.3416498635494748
1.75 2 22 23 41.43923949621546 0.3191874507958969
1.75 2 23 24 46.88458621177949 0.2986991049539055
1.75 2 24 25 50.9476549918993 0.2799547938225028
1.75 2 25 26 53.90033273563483 0.2627582696238983
1.75 2 26 27 55.95957195509061 0.2469411050411888
1.75 2 27 28 57.29935861245019 0.2323579512757192
1.75 2 28 29 58.05984600722275 0.2188827343354716
1.75 2 29 30 58.35438200553142 0.20640557974468
1.75 2 30 31 58.27495594495792 0.1948303074932227
1.75 2 31 32 57.89644984675431 0.1840723779175945
1.75 2 32 33 57.27997772621671 0.1740571956048809
1.75 2 33 34 56.47552427647372 0.1647187016706034
1.75 2 34 35 55.52404150211646 0.1559981972299343
1.75 2 35 36 54.45912327060887 0.1478433565971244
1.75 2 36 37 53.30834916912562 0.1402073937214934
1.75 2 37 38 52.09436783950076 0.1330483566799856
1.75 2 38 39 50.83577394087763 0.1263285258854715
1.75 2 39 40 49.5478207906533 0.1200139005266279
1.75 2 40 41 48.24300167422422 0.1140737569186491
1.75 2 41 42 46.93152550607806 0.1084802684125082
1.75 2 42 43 45.62170738679862 0.103208176842822
1.75 2 43 44 44.32029016779066 0.09823450715620013
1.75 2 44 45 43.03270994527375 0.09353831914015867
1.75 2 45 46 41.76220777825574 0.08945512149617296
1.75 2 46 47 40.51431498636927 0.08730916628084162
1.75 2 47 48 39.29060729034512 0.08728332067505427
1.75 2 48 49 38.09315237225221 0.09081925483442389
1.75 2 49 50 36.92330023581522 0.09766369560945096
2 2.25 0 1 3776.542104021298 1.086780578791189
2 2.25 1 2 -3576.141427517494 0.8862304401402918
2 2.25 2 3 -5597.309984998259 1.668100866427717
2 2.25 3 4 -4204.441685025717 1.539916167907912
2 2.25 4 5 -2983.13196197484 1.357020136046088
2 2.25 5 6 -2114.249534294098 1.196041082943435
2 2.25 6 7 -1511.994298812176 1.061310411098434
2 2.25 7 8 -1091.494568437074 0.9482911563965318
2 2.25 8 9 -793.3435307750983 0.8524998057219351
2 2.25 9 10 -578.3983702703649 0.7713505402067566
2 2.25 10 11 -420.9365842237648 0.700651148041909
2 2.25 11 12 -304.05532546059 0.6393964859458455
2 2.25 12 13 -216.2687230142935 0.5857384464350116
2 2.25 13 14 -149.7006180643079 0.5384257345177657
2 2.25 14 15 -98.83636994289259 0.4964611605425362
2 2.25 15 16 -59.74712960029547 0.4590412652556126
2 2.25 16 17 -29.5888236031833 0.4255121514684212
2 2.25 17 18 -6.272618987008855 0.395336736087031
2 2.25 18 19 11.75580092199834 0.3680701493670717
2 2.25 19 20 25.66668714093385 0.3433410331075248
2 2.25 20 21 36.35047959457722 0.3208371599138267
2 2.25 21 22 44.49116759920139 0.3002942699075108
2 2.25 22 23 50.61865006897438 0.2814873148141674
2 2.25 23 24 55.14660005139592 0.2642235356538635
2 2.25 24 25 58.40017955687733 0.2483369436414301
2 2.25 25 26 60.63655224883564 0.2336838852472635
2 2.25 26 27 62.0602220983551 0.220139454189516
2 2.25 27 28 62.83461200637964 0.2075945676044481
2 2.25 28 29 63.09088078545562 0.1959535693295842
2 2.25 29 30 62.93469150017916 0.1851322522086457
2 2.25 30 31 62.4514461350804 0.1750562173944436
2 2.25 31 32 61.71036218819847 0.1656595066470318
2 2.25 32 33 60.76766779879256 0.156883453987383
2 2.25 33 34 59.66912095502994 0.1486757201285807
2 2.25 34 35 58.45200677826472 0.1409894738000501
2 2.25 35 36 57.14672917878829 0.1337826965530385
2 2.25 36 37 55.77808531859307 0.1270175894695453
2 2.25 37 38 54.36629066391879 0.1206600645467384
2 2.25 38 39 52.92780684724175 0.1146793068627872
2 2.25 39 40 51.47601281538101 0.1090473982421081
2 2.25 40 41 50.02175097283225 0.1037389889258605
2 2.25 41 42 48.57377295475322 0.09873101483925571
2 2.25 42 43 47.13910470653695 0.09400244947580838
2 2.25 43 44 45.72334627865527 0.08953408760169501
2 2.25 44 45 44.33091866643787 0.08530835608169482
2 2.25 45 46 42.964181234818 0.08196765565033409
2 2.25 46 47 41.62781933964854 0.08191053592311093
2 2.25 47 48 40.322710836786 0.08519806338147569
2 2.25 48 49 39.05027993053255 0.09120595597279445
2 2.25 49 50 37.81130310280705 0.09755698601956056
2.25 2.5 0 1 3268.819580279577 1.882904777659679
2.25 2.5 1 2 -3988.192006623128 0.9804269334666333
2.25 2.5 2 3 -5549.668034600665 1.705152326983715
2.25 2.5 3 4 -4096.848003556857 1.581170566098669
2.25 2.5 4 5 -2878.963377793129 1.466824736984147
2.25 2.5 5 6 -2025.299162457816 1.321673545923337
2.25 2.5 6 7 -1438.526530186502 1.184729190216115
2.25 2.5 7 8 -1031.297252257095 1.063498995825358
2.25 2.5 8 9 -743.9825135447581 0.9579065257515735
2.25 2.5 9 10 -537.7654033096537 0.867039714613815
2.25 2.5 10 11 -387.3400236264447 0.7875289641021298
2.25 2.5 11 12 -276.1402332953373 0.7183226077030583
2.25 2.5 12 13 -192.9704945447318 0.6576221000579909
2.25 2.5 13 14 -130.1774264436549 0.6040984147996509
2.25 2.5 14 15 -82.4188529082619 0.5566586319278191
2.25 2.5 15 16 -45.89949209228894 0.514404791123207
2.25 2.5 16 17 -17.87920064443574 0.4765969997961285
2.25 2.5 17 18 3.649452272810322 0.4426227594758914
2.25 2.5 18 19 20.17656202076751 0.4119722413816514
2.25 2.5 19 20 32.82133978976105 0.3842186075375557
2.25 2.5 20 21 42.43337152050697 0.3590024104523068
2.25 2.5 21 22 49.6637233216826 0.3360192162193989
2.25 2.5 22 23 55.01559263840875 0.3150097570523732
2.25 2.5 23 24 58.88086784132236 0.2957520605863677
2.25 2.5 24 25 61.5668389242436 0.2780551272189743
2.25 2.5 25 26 63.31593161639159 0.2617538232197258
2.25 2.5 26 27 64.32043787060707 0.2467047324250954
2.25 2.5 27 28 64.73361607777235 0.2327827678575417
2.25 2.5 28 29 64.67812919653284 0.2198783882765217
2.25 2.5 29 30 64.25251119865356 0.2078953002200184
2.25 2.5 30 31 63.53615974397235 0.1967485499436442
2.25 2.5 31 32 62.59321772691214 0.1863629319338739
2.25 2.5 32 33 61.47561037957843 0.1766716545895041
2.25 2.5 33 34 60.22543582627884 0.1676152169503251
2.25 2.5 34 35 58.87685714948236 0.1591404579056171
2.25 2.5 35 36 57.45760761973264 0.1511997495144365
2.25 2.5 36 37 55.99019388188543 0.1437503081652054
2.25 2.5 37 38 54.49286199878355 0.1367536057155007
2.25 2.5 38 39 52.98037627951874 0.1301748628075133
2.25 2.5 39 40 51.46464954701958 0.1239826128216318
2.25 2.5 40 41 49.95525507737631 0.1181483237471097
2.25 2.5 41 42 48.45984367583031 0.1126460710677005
2.25 2.5 42 43 46.98448459552711 0.1074522518951396
2.25 2.5 43 44 45.53394494094724 0.1025453365084262
2.25 2.5 44 45 44.11191924494017 0.09790565011118117
2.25 2.5 45 46 42.72016849060188 0.0938254478883207
2.25 2.5 46 47 41.36275338871914 0.09145068084063962
2.25 2.5 47 48 40.04010185820437 0.09091761718146511
2.25 2.5 48 49 38.75321165508814 0.09209037027277918
2.25 2.5 49 50 37.50248505353446 0.0938283869793822
2.5 2.75 0 1 2705.806742741107 2.526151092722003
2.5 2.75 1 2 -4432.997987935262 1.128647215220414
2.5 2.75 2 3 -5494.525734606673 2.661236155716367
2.5 2.75 3 4 -3976.762395322017 2.633131903309424
2.5 2.75 4 5 -2760.612023948771 2.341801143405677
2.5 2.75 5 6 -1921.725928343621 2.049994876534381
2.5 2.75 6 7 -1350.822213491735 1.79786642496084
2.5 2.75 7 8 -957.706019286602 1.586254628029483
2.5 2.75 8 9 -682.2672076307058 1.409250560530739
2.5 2.75 9 10 -485.8641342023366 1.259816311857533
2.5 2.75 10 11 -343.5203926635668 1.133356512213636
2.5 2.75 11 12 -238.973412679157 1.024954986279834
2.5 2.75 12 13 -161.3030734261042 0.9313872290774031
2.5 2.75 13 14 -103.0776720043925 0.8500076531335081
2.5 2.75 14 15 -59.13244623435457 0.7787343123601649
2.5 2.75 15 16 -25.81316248367989 0.7159150922639217
2.5 2.75 16 17 -0.4917905407828584 0.660226914210015
2.5 2.75 17 18 18.74971848836822 0.610600404857613
2.5 2.75 18 19 33.32987201711512 0.5661635112485022
2.5 2.75 19 20 44.31023825987631 0.5261990477550404
2.5 2.75 20 21 52.49372810608736 0.4901124810603057
2.5 2.75 21 22 58.49340113202538 0.4574072708802595
2.5 2.75 22 23 62.78133696248369 0.4276658265064153
2.5 2.75 23 24 65.72381167214701 0.4005346705180425
2.5 2.75 24 25 67.60692806321799 0.3757127814041648
2.5 2.75 25 26 68.65550116601048 0.3529423591297298
2.5 2.75 26 27 69.0471183661889 0.332001452801961
2.5 2.75 27 28 68.92270704026703 0.3126980313995553
2.5 2.75 28 29 68.39454720358884 0.2948651815985452
2.5 2.75 29 30 67.5523962000255 0.27835719271003
2.5 2.75 30 31 66.46820544927346 0.2630463446025462
2.5 2.75 31 32 65.19977810625306 0.248820256948044
2.5 2.75 32 33 63.79362365108466 0.2355796894039385
2.5 2.75 33 34 62.28719898293724 0.2232367061002844
2.5 2.75 34 35 60.71067757139303 0.2117131368345895
2.5 2.75 35 36 59.08835318789954 0.2009392800751062
2.5 2.75 36 37 57.43975895219245 0.190852806029244
2.5 2.75 37 38 55.78056336609978 0.1813978237772443
2.5 2.75 38 39 54.1232906804982 0.1725240853863682
2.5 2.75 39 40 52.47790218142796 0.1641863040046735
2.5 2.75 40 41 50.85226695044977 0.1563435675938371
2.5 2.75 41 42 49.25254422065845 0.1489588330406007
2.5 2.75 42 43 47.68349492334704 0.1419984879806352
2.5 2.75 43 44 46.1487361788146 0.1354319705386137
2.5 2.75 44 45 44.65094967972712 0.1292314377825564
2.5 2.75 45 46 43.19103871227711 0.1235897055310914
2.5 2.75 46 47 41.77220410528545 0.1193062757883015
2.5 2.75 47 48 40.3942105304701 0.1164935110771605
2.5 2.75 48 49 39.05743556511086 0.1150977164585901
2.5 2.75 49 50 37.76173005931435 0.1143233769594111
2.75 3 0 1 2083.133526464597 2.050141416715279
2.75 3 1 2 -4868.537828957145 3.966533355253301
2.75 3 2 3 -5376.338446594167 5.85499196392549
2.75 3 3 4 -3798.420612255799 5.074690427360093
2.75 3 4 5 -2595.265055095932 4.248314963193076
2.75 3 5 6 -1781.591303769995 3.578516924864839
2.75 3 6 7 -1234.897558933235 3.051141350514238
2.75 3 7 8 -862.2994459499378 2.632840901451835
2.75 3 8 9 -603.590396851579 2.296260868705978
2.75 3 9 10 -420.7201439474475 2.021186316027525
2.75 3 10 11 -289.3683627979253 1.793631879798387
2.75 3 11 12 -193.6593520717765 1.60238650501181
2.75 3 12 13 -123.225703833818 1.440260575441876
2.75 3 13 14 -70.94064340832415 1.301371352945302
2.75 3 14 15 -31.90224179787492 1.181350176568243
2.75 3 15 16 -2.660511925807896 1.076829648148195
2.75 3 16 17 19.253219085311 0.9851778920089502
2.75 3 17 18 35.63192316637151 0.9043116212217008
2.75 3 18 19 47.79526889572958 0.8325625802558118
2.75 3 19 20 56.72616993769259 0.7685806731535372
2.75 3 20 21 63.16450948288048 0.7112626887109706
2.75 3 21 22 67.67250240796602 0.6596991529336306
2.75 3 22 23 70.68094940519495 0.6131342018014854
2.75 3 23 24 72.522411132667 0.5709349316748878
2.75 3 24 25 73.45529589410785 0.5325677366898173
2.75 3 25 26 73.68154821245901 0.4975798565298445
2.75 3 26 27 73.35977373716082 0.4655848536488171
2.75 3 27 28 72.61507119633558 0.4362510835775347
2.75 3 28 29 71.54646256920086 0.4092924677213431
2.75 3 29 30 70.23255375683681 0.384461052739518
2.75 3 30 31 68.73587950619594 0.3615409683573764
2.75 3 31 32 67.10626147485823 0.3403434879308452
2.75 3 32 33 65.38342015018924 0.3207029657692254
2.75 3 33 34 63.59901840770715 0.302473475825523
2.75 3 34 35 61.77826910695313 0.2855260151402309
2.75 3 35 36 59.94120610277497 0.2697461655417757
2.75 3 36 37 58.1036938010144 0.2550321283661073
2.75 3 37 38 56.27823249587101 0.2412930655181831
2.75 3 38 39 54.47460332464979 0.2284476924734728
2.75 3 39 40 52.70038661746918 0.2164230804288199
2.75 3 40 41 50.96137994824193 0.2051536320783119
2.75 3 41 42 49.26193620389682 0.1945802028901749
2.75 3 42 43 47.6052377935267 0.1846493442240752
2.75 3 43 44 45.99351957115809 0.1753126493179911
2.75 3 44 45 44.42825044544847 0.1665261862030049
2.75 3 45 46 42.90931331976816 0.1584057389396186
2.75 3 46 47 41.43887985057205 0.1515070427436954
2.75 3 47 48 40.01593319669192 0.1459093506195282
2.75 3 48 49 38.64012033956743 0.1415859137330181
2.75 3 49 50 37.31064452279327 0.1379659511382849
3 3.25 0 1 1403.141217311179 1.314007479138611
3 3.25 1 2 -5225.580263908343 8.693656303716427
3 3.25 2 3 -5141.377628517632 9.697919805817005
3 3.25 3 4 -3527.913258406071 8.001325998976071
3 3.25 4 5 -2361.731409995099 6.540412949564579
3 3.25 5 6 -1591.525253108316 5.425560830207309
3 3.25 6 7 -1082.284559978139 4.574461669341966
3 3.25 7 8 -739.7610045730421 3.912676008298323
3 3.25 8 9 -504.7633462797742 3.387825910914997
3 3.25 9 10 -340.527306657387 2.963613149779051
3 3.25 10 11 -223.9021007029105 2.615356056535629
3 3.25 11 12 -139.96193905529 2.325500143638812
3 3.25 12 13 -78.95786970980544 2.08115987179367
3 3.25 13 14 -34.30180235307557 1.873038843284797
3 3.25 14 15 -1.48130773544267 1.694109581894157
3 3.25 15 16 22.65795022275165 1.539006975534867
3 3.25 16 17 40.35840851132753 1.403571950327383
3 3.25 17 18 53.23838755932582 1.28453568120061
3 3.25 18 19 62.48152361361406 1.179296939030915
3 3.25 19 20 68.96385999410234 1.085762365865618
3 3.25 20 21 73.34062828953256 1.002230053396495
3 3.25 21 22 76.10647158935546 0.9273034342245928
3 3.25 22 23 77.63786168143611 0.8598267318185148
3 3.25 23 24 78.22338279996211 0.7988359701644603
3 3.25 24 25 78.08562274205349 0.7435213668003735
3 3.25 25 26 77.39717796753342 0.6931981591645647
3 3.25 26 27 76.29247777519601 0.6472837519326137
3 3.25 27 28 74.87660350262234 0.6052796537960066
3 3.25 28 29 73.23192441709983 0.5667570792965985
3 3.25 29 30 71.42313117339421 0.5313453825251857
3 3.25 30 31 69.5010822493781 0.4987226973131528
3 3.25 31 32 67.50576341524646 0.4686083112409684
3 3.25 32 33 65.46857910963746 0.4407564126896455
3 3.25 33 34 63.41413682760418 0.4149509322120553
3 3.25 34 35 61.36164410401585 0.3910012632936344
3 3.25 35 36 59.32600754561003 0.3687386931063126
3 3.25 36 37 57.31870131605521 0.3480134107878244
3 3.25 37 38 55.34845625812841 0.3286919876575762
3 3.25 38 39 53.42180871428127 0.3106552453661803
3 3.25 39 40 51.54353904988568 0.2937964447747282
3 3.25 40 41 49.71702316380362 0.278019740743144
3 3.25 41 42 47.94451491039624 0.2632388588860001
3 3.25 42 43 46.22737359935772 0.2493759582560488
3 3.25 43 44 44.56624759776187 0.2363606504205881
3 3.25 44 45 42.96122272982612 0.2241291503878904
3 3.25 45 46 41.41103774988713 0.2127278032244562
3 3.25 46 47 39.91668002622296 0.2025009406063374
3 3.25 47 48 38.47627249325623 0.1934795254988272
3 3.25 48 49 37.08865181776632 0.1856313294040514
3 3.25 49 50 35.75230790833845 0.178561036526337
3.25 3.5 0 1 691.7208513948367 0.4469955966478149
3.25 3.5 1 2 -5389.055205617683 19.12538654282534
3.25 3.5 2 3 -4720.324463250716 15.57197898499531
3.25 3.5 3 4 -3125.504486320957 11.85994939051113
3.25 3.5 4 5 -2037.418846884589 9.294010049047541
3.25 3.5 5 6 -1339.052831371619 7.495150261332692
3.25 3.5 6 7 -886.5937087374045 6.18620259094865
3.25 3.5 7 8 -587.4239365618171 5.200706673371896
3.25 3.5 8 9 -385.4000008820249 4.437438555065552
3.25 3.5 9 10 -246.365365176398 3.832220867226475
3.25 3.5 10 11 -149.113643904099 3.342979939002738
3.25 3.5 11 12 -80.33075942715118 2.940952623455571
3.25 3.5 12 13 -31.28435465398047 2.606018339069913
3.25 3.5 13 14 3.901085008126074 2.323625998151674
3.25 3.5 14 15 29.13870360609144 2.0830728190809
3.25 3.5 15 16 47.16210508537972 1.876305198288868
3.25 3.5 16 17 59.8980362353326 1.697160626402058
3.25 3.5 17 18 68.72528824473648 1.540850465830005
3.25 3.5 18 19 74.6438125036284 1.403602313521887
3.25 3.5 19 20 78.38738072008232 1.282407650475077
3.25 3.5 20 21 80.500003233234 1.174840514348509
3.25 3.5 21 22 81.38862696734213 1.078925051464016
3.25 3.5 22 23 81.3600272647891 0.9930373240590351
3.25 3.5 23 24 80.64699128930113 0.9158315229979578
3.25 3.5 24 25 79.42713528561706 0.8461838315403891
3.25 3.5 25 26 77.83658317893776 0.7831492320258078
3.25 3.5 26 27 75.98001397309696 0.7259279236387056
3.25 3.5 27 28 73.93811249813677 0.6738389609192753
3.25 3.5 28 29 71.7731429620834 0.6262993755034387
3.25 3.5 29 30 69.53315158306202 0.5828075039224839
3.25 3.5 30 31 67.25515873068349 0.5429295711988209
3.25 3.5 31 32 64.96759976536356 0.5062888171447613
3.25 3.5 32 33 62.69220280452748 0.4725566240374578
3.25 3.5 33 34 60.44544135976548 0.4414452317688658
3.25 3.5 34 35 58.23966379083001 0.4127017214487574
3.25 3.5 35 36 56.08397549840254 0.3861030181767378
3.25 3.5 36 37 53.98493081772122 0.3614517196304874
3.25 3.5 37 38 51.94707767117939 0.3385725959003844
3.25 3.5 38 39 49.9733876947121 0.3173096394447468
3.25 3.5 39 40 48.0655968520276 0.2975235672879616
3.25 3.5 40 41 46.22447586190449 0.2790896976596781
3.25 3.5 41 42 44.45004524182275 0.2618961373057305
3.25 3.5 42 43 42.74174660813969 0.2458422286199954
3.25 3.5 43 44 41.09857926038779 0.2308372141957643
3.25 3.5 44 45 39.51920911594124 0.2167990846042229
3.25 3.5 45 46 38.00124372161507 0.2037474284353874
3.25 3.5 46 47 36.54442712205577 0.191977180844343
3.25 3.5 47 48 35.14606545410368 0.1815095917208681
3.25 3.5 48 49 33.80420925978005 0.1723115465295231
3.25 3.5 49 50 32.51666850286701 0.1640184423100325
3.5 3.75 0 1 31.16877010532744 1.771443733356196
3.5 3.75 1 2 -5170.103723518814 25.69799470474693
3.5 3.75 2 3 -4033.771280474394 17.442432211885
3.5 3.75 3 4 -2559.559898295105 12.48307998464915
3.5 3.75 4 5 -1612.921683746937 9.439089617415895
3.5 3.75 5 6 -1025.210964134 7.424615579907499
3.5 3.75 6 7 -653.7188568185907 6.01055508751664
3.5 3.75 7 8 -413.2927179012811 4.97275753462513
3.5 3.75 8 9 -254.2283473268099 4.184489630607866
3.5 3.75 9 10 -147.0092554905209 3.569494065822179
3.5 3.75 10 11 -73.65196010370596 3.078829444195591
3.5 3.75 11 12 -22.74511730852032 2.679559829069758
3.5 3.75 12 13 12.50060418423436 2.351580873960796
3.5 3.75 13 14 36.77178241355261 2.076692015250265
3.5 3.75 14 15 53.60090272144203 1.844702780851619
3.5 3.75 15 16 65.00625656071941 1.646835612134912
3.5 3.75 16 17 72.50322275221799 1.4766393746577
3.5 3.75 17 18 77.16422592542312 1.329147240510456
3.5 3.75 18 19 79.75826853063029 1.200478760240206
3.5 3.75 19 20 80.84308382203278 1.087562457107428
3.5 3.75 20 21 80.82713388739006 0.9879386101799109
3.5 3.75 21 22 80.01202759222957 0.899616563195537
3.5 3.75 22 23 78.62198856368786 0.8209698396557817
3.5 3.75 23 24 76.82461211284965 0.7506579370321153
3.5 3.75 24 25 74.74567097871875 0.6875672503048362
3.5 3.75 25 26 72.47979715685358 0.6307659129674504
3.5 3.75 26 27 70.09826864003122 0.5794688984387526
3.5 3.75 27 28 67.6547392869939 0.5330107792925343
3.5 3.75 28 29 65.18949129693721 0.4908242661880969
3.5 3.75 29 30 62.73261570647716 0.4524231546191024
3.5 3.75 30 31 60.30640788684934 0.4173886660274663
3.5 3.75 31 32 57.92718324055028 0.3853584262384228
3.5 3.75 32 33 55.60666127413219 0.3560175101796935
3.5 3.75 33 34 53.35302602616608 0.3290911183528784
3.5 3.75 34 35 51.17174219108597 0.3043385513404336
3.5 3.75 35 36 49.06618568963285 0.2815482239223158
3.5 3.75 36 37 47.03813250318075 0.2605335173078777
3.5 3.75 37 38 45.08813869888957 0.2411293113312885
3.5 3.75 38 39 43.21583651105155 0.2231890710869325
3.5 3.75 39 40 41.42016536837619 0.2065823888499169
3.5 3.75 40 41 39.6995523751508 0.1911929009199183
3.5 3.75 41 42 38.05205328064633 0.1769165157110606
3.5 3.75 42 43 36.47546254997113 0.1636599006219952
3.5 3.75 43 44 34.96739918612531 0.1513391859282053
3.5 3.75 44 45 33.52537344807307 0.1398788507327905
3.5 3.75 45 46 32.14615980787401 0.1293271927477986
3.5 3.75 46 47 30.82842860982785 0.120082809034343
3.5 3.75 47 48 29.56895162932727 0.1122154408224836
3.5 3.75 48 49 28.36522504281868 0.1057218006839779
3.5 3.75 49 50 27.21460601857919 0.1001741371829793
3.75 4 0 1 -463.0097842340011 2.004711885850625
3.75 4 1 2 -4420.677278742785 30.2759532124725
3.75 4 2 3 -3059.806796595222 14.58464159969579
3.75 4 3 4 -1839.799337906072 8.751354877044292
3.75 4 4 5 -1107.106005891765 5.835989288551544
3.75 4 5 6 -670.5163770878098 4.143100083039659
3.75 4 6 7 -403.1591707548414 3.064698485231924
3.75 4 7 8 -234.97958844402 2.333029116594894
3.75 4 8 9 -126.7415666848224 1.813052845365999
3.75 4 9 10 -55.85219972475034 1.43034269363356
3.75 4 10 11 -8.973103809088002 1.14467678655389
3.75 4 11 12 22.21963103369649 0.9220629118548076
3.75 4 12 13 42.98669828475704 0.7498468368879799
3.75 4 13 14 56.52889163176906 0.6026627303607603
3.75 4 14 15 65.08615332353315 0.4975650552016992
3.75 4 15 16 70.23361275719958 0.4083878410898279
3.75 4 16 17 72.96381365328017 0.3364430628937203
3.75 4 17 18 73.99307753360995 0.278608882281542
3.75 4 18 19 73.8267299042335 0.2326113400819612
3.75 4 19 20 72.82496774760881 0.2137811873779175
3.75 4 20 21 71.24670475712657 0.1985787878535742
3.75 4 21 22 69.27925974172217 0.184763683769882
3.75 4 22 23 67.05877093896896 0.1721718130169315
3.75 4 23 24 64.68442916642005 0.1606630454657758
3.75 4 24 25 62.2285259279835 0.150117082005867
3.75 4 25 26 59.74362700430663 0.140430149794212
3.75 4 26 27 57.26774571211601 0.1315123228004046
3.75 4 27 28 54.82810743147925 0.1310359285709239
3.75 4 28 29 52.4439112186131 0.1338631652807881
3.75 4 29 30 50.12837023933974 0.1367969408494561
3.75 4 30 31 47.89022893014294 0.1396227934157826
3.75 4 31 32 45.73489730984613 0.1422156986425101
3.75 4 32 33 43.66530305604002 0.1445089285797246
3.75 4 33 34 41.68253409264128 0.1464728828060942
3.75 4 34 35 39.78632471182279 0.1481011079181079
3.75 4 35 36 37.97542417247709 0.1494012023314862
3.75 4 36 37 36.24787657507903 0.1503889500746126
3.75 4 37 38 34.60123346613186 0.1510845619595279
3.75 4 38 39 33.03271522898237 0.1515102862654399
3.75 4 39 40 31.53933334178792 0.1516889084874962
3.75 4 40 41 30.11798269790579 0.1516428285266669
3.75 4 41 42 28.76551090133854 0.1513935129091629
3.75 4 42 43 27.47876987956336 0.150961189902265
3.75 4 43 44 26.25465389917828 0.1503647017102549
3.75 4 44 45 25.09012709118642 0.1496214561453325
3.75 4 45 46 23.981739360529 0.1488172397894862
3.75 4 46 47 22.9275336741737 0.1482075784065953
3.75 4 47 48 21.92427925598778 0.147804945420982
3.75 4 48 49 20.96937207697885 0.1475805244988884
3.75 4 49 50 20.06014872225371 0.1473263977189349
4 5 0 1 -1248.971825775733 3.842557876428117
4 5 1 2 -4956.749981093757 10.79784185832851
4 5 2 3 -2820.40204196348 6.893780044541519
4 5 3 4 -1467.778152238445 4.903321902064791
4 5 4 5 -754.7696889034657 3.573878172377201
4 5 5 6 -373.4361859612438 2.697701769981647
4 5 6 7 -161.1017481977071 2.144985147943193
4 5 7 8 -39.54361085735695 1.771852221546327
4 5 8 9 31.00091746483827 1.496425920306609
4 5 9 10 71.83294234726543 1.281251063161438
4 5 10 11 94.83970918868283 1.111884274406131
4 5 11 12 106.9513439250333 0.9767633456741773
4 5 12 13 112.3117484739792 0.8638642236786992
4 5 13 14 113.4448931431833 0.7672449400078779
4 5 14 15 111.9318871287259 0.6855722695284596
4 5 15 16 108.79018503802 0.6165063653357226
4 5 16 17 104.6838482026785 0.5571357016219386
4 5 17 18 100.0456466503373 0.5050898197174084
4 5 18 19 95.15725898424813 0.4590448914009563
4 5 19 20 90.20255369822843 0.4182854762076542
4 5 20 21 85.30149049835001 0.3822064483614984
4 5 21 22 80.53120254721597 0.3501606051312415
4 5 22 23 75.93950726011045 0.3215256174224898
4 5 23 24 71.55406052197148 0.2957847921516719
4 5 24 25 67.3887803635792 0.2725436126715586
4 5 25 26 63.44836149849132 0.2515005357722139
4 5 26 27 59.73139953664798 0.2324101759431856
4 5 27 28 56.23252372235723 0.2150591638397533
4 5 28 29 52.94384868202573 0.1992562291509675
4 5 29 30 49.85596936717384 0.1848303032553917
4 5 30 31 46.95864939271986 0.1716307858240451
4 5 31 32 44.24129926598481 0.1595270471167121
4 5 32 33 41.69330669762041 0.1484066162578335
4 5 33 34 39.3042606719149 0.1381725826811631
4 5 34 35 37.06409864950916 0.1287408903995894
4 5 35 36 34.96319836797822 0.1200379674838211
4 5 36 37 32.99243017014797 0.1119988499130584
4 5 37 38 31.14318164572422 0.1045657764276124
4 5 38 39 29.40736319830042 0.09768714872164852
4 5 39 40 27.7774007329531 0.09131674516757297
4 5 40 41 26.24621992267164 0.08541309485728665
4 5 41 42 24.80722513812977 0.07993895505907703
4 5 42 43 23.45427524078527 0.07486085399585113
4 5 43 44 22.18165778914348 0.07014868287391356
4 5 44 45 20.98406268120063 0.0657753282154135
4 5 45 46 19.85605777411169 0.06215704535274612
4 5 46 47 18.79371386657701 0.06086910790613131
4 5 47 48 17.79231635264177 0.06211299650750723
4 5 48 49 16.84795560324739 0.06580710146060394
4 5 49 50 15.95660040005134 0.06981127879362448
-5 5 0 50 -555621.5153362175 98.53787220756686
