#ylo yhi qTlo qThi PDF0  uncertainty
-5 -4 0 1 -1205.790724920611 3.830684608646517
-5 -4 1 2 -4879.71084044483 10.74332929972881
-5 -4 2 3 -2797.132400328999 6.832467472964087
-5 -4 3 4 -1464.424723195547 4.831712115014134
-5 -4 4 5 -758.2656716149809 3.524483098827594
-5 -4 5 6 -378.8308810134181 2.674453745996705
-5 -4 6 7 -166.6422518616118 2.134147056111655
-5 -4 7 8 -44.64001235378623 1.76535307088796
-5 -4 8 9 26.50659838623369 1.491428591042378
-5 -4 9 10 67.94097903227157 1.276791890659079
-5 -4 10 11 91.4947154477461 1.107808132389378
-5 -4 11 12 104.0819512205184 0.9723558410191125
-5 -4 12 13 109.8509878863011 0.8594572082282376
-5 -4 13 14 111.3312368623723 0.7626450053987794
-5 -4 14 15 110.1125041213384 0.6807753209983022
-5 -4 15 16 107.2204472576319 0.6115535094562502
-5 -4 16 17 103.3263550805292 0.552063405003776
-5 -4 17 18 98.86912888866891 0.4999307464869867
-5 -4 18 19 94.13554404674102 0.4538305293490177
-5 -4 19 20 89.31368108568296 0.4130451732968367
-5 -4 20 21 84.52697968651972 0.3769658882134675
-5 -4 21 22 79.85545028745199 0.3449414473256732
-5 -4 22 23 75.34929166582867 0.3163458733296061
-5 -4 23 24 71.03813444787923 0.2906592699171682
-5 -4 24 25 66.93753943677063 0.2674842686542131
-5 -4 25 26 63.0535735847466 0.2465168099302772
-5 -4 26 27 59.38598389207041 0.2275093564333191
-5 -4 27 28 55.93036994050846 0.2102467583320803
-5 -4 28 29 52.67966749374736 0.1945363001084277
-5 -4 29 30 49.62516907059982 0.1802057453015377
-5 -4 30 31 46.75723305119432 0.1671035460821531
-5 -4 31 32 44.06577883923482 0.1550983012742664
-5 -4 32 33 41.54063104637855 0.1440769148935614
-5 -4 33 34 39.17175496838512 0.1339419761769729
-5 -4 34 35 36.9494131951202 0.1246090377631664
-5 -4 35 36 34.86426519669639 0.1160042304791263
-5 -4 36 37 32.90742611612477 0.1080623738251556
-5 -4 37 38 31.07049680180252 0.1007255587010922
-5 -4 38 39 29.3455738861836 0.09394209738527241
-5 -4 39 40 27.72524626681709 0.08766572779156964
-5 -4 40 41 26.20258257355653 0.08185498108715529
-5 -4 41 42 24.77111280977994 0.07647265319292178
-5 -4 42 43 23.42480645145235 0.07148534303712276
-5 -4 43 44 22.15804861885763 0.06686304120412902
-5 -4 44 45 20.96561540205144 0.06257875900665465
-5 -4 45 46 19.84215296687572 0.05905534473709462
-5 -4 46 47 18.78379511323144 0.05789675292044217
-5 -4 47 48 17.78588932561967 0.05933570361487858
-5 -4 48 49 16.84457898721677 0.06329151721217477
-5 -4 49 50 15.95587986856495 0.0675863461784024
-4 -3.75 0 1 -427.8145780937507 2.030803099983276
-4 -3.75 1 2 -4349.538006946605 29.88364252123141
-4 -3.75 2 3 -3033.650629401455 14.39371010321093
-4 -3.75 3 4 -1832.36082434365 8.638008845208702
-4 -3.75 4 5 -1107.250250462363 5.761922558935931
-4 -3.75 5 6 -673.5174341594579 4.091895848834254
-4 -3.75 6 7 -407.0671043195662 3.028025169879551
-4 -3.75 7 8 -238.9826270473893 2.30616739530143
-4 -3.75 8 9 -130.5150238881936 1.793112146005398
-4 -3.75 9 10 -59.28779674526004 1.415919184735544
-4 -3.75 10 11 -12.04732830035903 1.135333674658493
-4 -3.75 11 12 19.28283668306983 0.9144684677358679
-4 -3.75 12 13 40.50679523166241 0.7371241669826508
-4 -3.75 13 14 54.74326232559417 0.6016758744551791
-4 -3.75 14 15 63.22511975811483 0.4945823139013614
-4 -3.75 15 16 68.5909402654537 0.4064274586155021
-4 -3.75 16 17 71.51191613548099 0.3352458663340644
-4 -3.75 17 18 72.70786440226908 0.2779469927557436
-4 -3.75 18 19 72.68732091124309 0.2322741747899831
-4 -3.75 19 20 71.81332336123279 0.2126925223847379
-4 -3.75 20 21 70.34725039153238 0.1975581724840291
-4 -3.75 21 22 68.47853780574275 0.1838079628150659
-4 -3.75 22 23 66.34513295899131 0.1712777250435657
-4 -3.75 23 24 64.04776989586588 0.1598273246328609
-4 -3.75 24 25 61.66005674253472 0.1493365237945573
-4 -3.75 25 26 59.23568412009899 0.1397016519839664
-4 -3.75 26 27 56.81362838722302 0.1308329100259789
-4 -3.75 27 28 54.4219415662792 0.1282824411805492
-4 -3.75 28 29 52.08053427713423 0.130890770723373
-4 -3.75 29 30 49.80323398537743 0.1336528550943289
-4 -3.75 30 31 47.59931702182661 0.1363457742684376
-4 -3.75 31 32 45.47465528622232 0.1388371803440473
-4 -3.75 32 33 43.43257867278786 0.1410543587907362
-4 -3.75 33 34 41.47452631800427 0.1429629300526056
-4 -3.75 34 35 39.60053998926767 0.1445526519273379
-4 -3.75 35 36 37.80963879748818 0.1458281142446402
-4 -3.75 36 37 36.1001042344584 0.1468026974908613
-4 -3.75 37 38 34.46969714912242 0.1474946770938777
-4 -3.75 38 39 32.91582285272703 0.1479247290575082
-4 -3.75 39 40 31.43565654459583 0.1481143505668878
-4 -3.75 40 41 30.0262383396082 0.1480848770110466
-4 -3.75 41 42 28.68454488720785 0.1478568886304031
-4 -3.75 42 43 27.40754298317898 0.1474498706125128
-4 -3.75 43 44 26.19222930925498 0.1468820381792457
-4 -3.75 44 45 25.03565945066703 0.1461702671170414
-4 -3.75 45 46 23.93446816080476 0.1454015273158126
-4 -3.75 46 47 22.88676619911511 0.1448369388756809
-4 -3.75 47 48 21.88939155944333 0.1444896389420928
-4 -3.75 48 49 20.93979898180412 0.1443307943889574
-4 -3.75 49 50 20.03537906277785 0.1441473872545658
-3.75 -3.5 0 1 72.32548511601681 1.784777443686472
-3.75 -3.5 1 2 -5082.49921018236 25.60842685578887
-3.75 -3.5 2 3 -3998.280749350051 17.41788796443727
-3.75 -3.5 3 4 -2546.991456341364 12.47562058709091
-3.75 -3.5 4 5 -1610.338506447559 9.438064801485558
-3.75 -3.5 5 6 -1026.840677175843 7.426397085167088
-3.75 -3.5 6 7 -657.0248749646184 6.013641694500666
-3.75 -3.5 7 8 -417.1331408622759 4.97644970079577
-3.75 -3.5 8 9 -258.0855908520109 4.188444166706205
-3.75 -3.5 9 10 -150.6560862976901 3.5735022131519
-3.75 -3.5 10 11 -76.9963042675115 3.082496564935465
-3.75 -3.5 11 12 -25.82087162010862 2.684210975285003
-3.75 -3.5 12 13 9.712198587252715 2.354968813762726
-3.75 -3.5 13 14 34.2967909268209 2.080360002135157
-3.75 -3.5 14 15 51.38223850276961 1.848236958837556
-3.75 -3.5 15 16 63.01783951433686 1.650235199261558
-3.75 -3.5 16 17 70.72031983731983 1.479906629796059
-3.75 -3.5 17 18 75.56421531320746 1.33228617476032
-3.75 -3.5 18 19 78.32085532926135 1.203494341696719
-3.75 -3.5 19 20 79.55025023131623 1.090460116524339
-3.75 -3.5 20 21 79.66297042167059 0.9907239334790158
-3.75 -3.5 21 22 78.96252073268164 0.9022951015927857
-3.75 -3.5 22 23 77.67480258088341 0.8235469947946188
-3.75 -3.5 23 24 75.96888291703544 0.7531388940075497
-3.75 -3.5 24 25 73.97181942593238 0.6899569417960777
-3.75 -3.5 25 26 71.77936388431135 0.6330690029984016
-3.75 -3.5 26 27 69.46376986929215 0.5816897789583507
-3.75 -3.5 27 28 67.07954185230653 0.535153574519975
-3.75 -3.5 28 29 64.66770473568056 0.4928928418898649
-3.75 -3.5 29 30 62.25899921097658 0.4544211299790846
-3.75 -3.5 30 31 59.8762900626914 0.4193194271513117
-3.75 -3.5 31 32 57.53639283589834 0.3872251398068383
-3.75 -3.5 32 33 55.25146727923814 0.3578231374232905
-3.75 -3.5 33 34 53.03008577067129 0.3308384282321396
-3.75 -3.5 34 35 50.87805626992849 0.3060301333199134
-3.75 -3.5 35 36 48.79905872671569 0.2831864998277314
-3.75 -3.5 36 37 46.79513891689987 0.2621207523423033
-3.75 -3.5 37 38 44.86709276150864 0.2426676241959485
-3.75 -3.5 38 39 43.0147661037405 0.2246804431429743
-3.75 -3.5 39 40 41.23728892573172 0.2080286725034129
-3.75 -3.5 40 41 39.53325858923483 0.1925958269550407
-3.75 -3.5 41 42 37.90088319713503 0.1782776997750435
-3.75 -3.5 42 43 36.33809374620564 0.1649808489081677
-3.75 -3.5 43 44 34.84263176221056 0.1526212997543149
-3.75 -3.5 44 45 33.41211760214807 0.1411234302810291
-3.75 -3.5 45 46 32.04342906186362 0.13053444973177
-3.75 -3.5 46 47 30.73531802476528 0.1212491253262705
-3.75 -3.5 47 48 29.48464106491573 0.1133369657295379
-3.75 -3.5 48 49 28.28896681298197 0.1067959321710071
-3.75 -3.5 49 50 27.14571947927531 0.1012027151568018
-3.5 -3.25 0 1 736.983246028496 0.4591056874187889
-3.5 -3.25 1 2 -5287.355499197689 19.10120147578327
-3.5 -3.25 2 3 -4675.772439037135 15.61001613262919
-3.5 -3.25 3 4 -3107.419108745237 11.90222676055276
-3.5 -3.25 4 5 -2031.521833645488 9.332804043950398
-3.5 -3.25 5 6 -1338.713448858781 7.529481276494581
-3.5 -3.25 6 7 -888.757550635079 6.216416347590111
-3.5 -3.25 7 8 -590.6378867706292 5.227379509263431
-3.5 -3.25 8 9 -388.9569586481452 4.461111333101127
-3.5 -3.25 9 10 -249.9209605511708 3.853339194059771
-3.5 -3.25 10 11 -152.5343159581973 3.362009952977427
-3.5 -3.25 11 12 -83.53911923533451 2.958138891139675
-3.5 -3.25 12 13 -34.22952345980161 2.621612912703995
-3.5 -3.25 13 14 1.202503869917336 2.337853049231998
-3.5 -3.25 14 15 26.67534797098983 2.096106205115148
-3.5 -3.25 15 16 44.91765118132548 1.888290014319335
-3.5 -3.25 16 17 57.85450722352687 1.708218892360695
-3.5 -3.25 17 18 66.86475822156694 1.551085552154929
-3.5 -3.25 18 19 72.94924423507746 1.413102401204878
-3.5 -3.25 19 20 76.84299557893951 1.291248454226508
-3.5 -3.25 20 21 79.09140109361704 1.18308744138251
-3.5 -3.25 21 22 80.10277590432247 1.086634925861527
-3.5 -3.25 22 23 80.18518909933084 1.000259774385262
-3.5 -3.25 23 24 79.572619159223 0.9226101073939256
-3.5 -3.25 24 25 78.44376274392471 0.8525569560221169
-3.5 -3.25 25 26 76.93571499314595 0.7891509053561848
-3.5 -3.25 26 27 75.15402359623937 0.7315883816976104
-3.5 -3.25 27 28 73.18014831330908 0.6791851862494772
-3.5 -3.25 28 29 71.077043853237 0.6313555322345221
-3.5 -3.25 29 30 68.89337158171128 0.5875953037579306
-3.5 -3.25 30 31 66.66670010423843 0.5474685829450698
-3.5 -3.25 31 32 64.42595375974304 0.510596729901322
-3.5 -3.25 32 33 62.19329722273545 0.4766494718928843
-3.5 -3.25 33 34 59.98559419604598 0.4453375866146086
-3.5 -3.25 34 35 57.81554219775538 0.4164068588380834
-3.5 -3.25 35 36 55.69255944421889 0.3896330609997271
-3.5 -3.25 36 37 53.62348086085075 0.3648177626052994
-3.5 -3.25 37 38 51.61310635027024 0.3417848140866574
-3.5 -3.25 38 39 49.66463409707578 0.3203773831398201
-3.5 -3.25 39 40 47.78000397821305 0.3004554450955167
-3.5 -3.25 40 41 45.96017045149125 0.2818936496102542
-3.5 -3.25 41 42 44.20531977331481 0.264579499411356
-3.5 -3.25 42 43 42.5150432172303 0.2484117898500799
-3.5 -3.25 43 44 40.88847535654472 0.2332992671219574
-3.5 -3.25 44 45 39.32440450266526 0.2191594703458142
-3.5 -3.25 45 46 37.82055446647924 0.2060105417421448
-3.5 -3.25 46 47 36.37675990649407 0.1941432440136191
-3.5 -3.25 47 48 34.99042362258399 0.1835782801557947
-3.5 -3.25 48 49 33.65967874313904 0.1742830623049991
-3.5 -3.25 49 50 32.38241212153885 0.1658969142692172
-3.25 -3 0 1 1450.560194304241 1.330347148480115
-3.25 -3 1 2 -5111.235271212718 8.642277923677664
-3.25 -3 2 3 -5087.466582558822 9.705612142257207
-3.25 -3 3 4 -3503.718259720954 8.018638058472373
-3.25 -3 4 5 -2351.907832292635 6.558871173028907
-3.25 -3 5 6 -1588.666033581241 5.443080973306868
-3.25 -3 6 7 -1082.836929122984 4.590550429440852
-3.25 -3 7 8 -741.9577648696049 3.927308266503638
-3.25 -3 8 9 -507.6982599071566 3.401127517747804
-3.25 -3 9 10 -343.7422746248185 2.975702496958843
-3.25 -3 10 11 -227.1534119045766 2.626371436955107
-3.25 -3 11 12 -143.1087992791086 2.335605003228036
-3.25 -3 12 13 -81.94653779574992 2.090447558023291
-3.25 -3 13 14 -37.10570887962126 1.881604835892073
-3.25 -3 14 15 -4.092953833672937 1.702035640102192
-3.25 -3 15 16 20.23578209877951 1.546363155191768
-3.25 -3 16 17 38.11758386193128 1.410418445264456
-3.25 -3 17 18 51.16820242789811 1.290924409765828
-3.25 -3 18 19 60.57027447479436 1.185272875841655
-3.25 -3 19 20 67.19972049525779 1.091364646734807
-3.25 -3 20 21 71.71212663440917 1.007492887634653
-3.25 -3 21 22 74.60273690540544 0.9322568576275518
-3.25 -3 22 23 76.24873686160106 0.864497228872687
-3.25 -3 23 24 76.93946074487042 0.8032469901040525
-3.25 -3 24 25 76.8982394394078 0.7476937527332289
-3.25 -3 25 26 76.29838210691202 0.6971505068153384
-3.25 -3 26 27 75.27498850072101 0.6510327105202118
-3.25 -3 27 28 73.93376310180486 0.6088401797349721
-3.25 -3 28 29 72.35764987938472 0.5701426509095932
-3.25 -3 29 30 70.61186684266124 0.5345681825512029
-3.25 -3 30 31 68.7477547694333 0.5017937688062841
-3.25 -3 31 32 66.80573955862087 0.4715376912389094
-3.25 -3 32 33 64.81762672081732 0.4435532470280149
-3.25 -3 33 34 62.80838889989258 0.4176235750759208
-3.25 -3 34 35 60.79756589397533 0.3935573631988906
-3.25 -3 35 36 58.80036656101288 0.3711852679169972
-3.25 -3 36 37 56.82853998884488 0.3503569131356703
-3.25 -3 37 38 54.89106709802482 0.3309383622573209
-3.25 -3 38 39 52.9947117410392 0.3128099793160123
-3.25 -3 39 40 51.14446131165474 0.2958646120191205
-3.25 -3 40 41 49.3438801557846 0.2800060411586407
-3.25 -3 41 42 47.59539372331193 0.2651476531309713
-3.25 -3 42 43 45.9005176393209 0.2512112985920245
-3.25 -3 43 44 44.26004273147475 0.2381263081736817
-3.25 -3 44 45 42.67418472118172 0.2258286405207827
-3.25 -3 45 46 41.14180752241094 0.2143635715976025
-3.25 -3 46 47 39.66399437089828 0.2040722803832211
-3.25 -3 47 48 38.2389737382409 0.1949855942712423
-3.25 -3 48 49 36.86567234716964 0.1870719218625904
-3.25 -3 49 50 35.54266437748653 0.1799391870982414
-3 -2.75 0 1 2130.44134642687 2.182422357744992
-3 -2.75 1 2 -4744.744524337319 3.646101851464088
-3 -2.75 2 3 -5314.32088222823 5.670257807756765
-3 -2.75 3 4 -3768.808142205302 4.952673088814142
-3 -2.75 4 5 -2581.907147915785 4.161208377378116
-3 -2.75 5 6 -1776.418348657832 3.513106791622068
-3 -2.75 6 7 -1233.928943735051 3.000273242852595
-3 -2.75 7 8 -863.4982418185577 2.592261143599202
-3 -2.75 8 9 -605.9037216117918 2.26334968485049
-3 -2.75 9 10 -423.5414601551615 1.993883983532597
-3 -2.75 10 11 -292.346353258014 1.770836428612751
-3 -2.75 11 12 -196.687351029783 1.583198255530828
-3 -2.75 12 13 -126.1800504816892 1.42395514144347
-3 -2.75 13 14 -73.77088877217648 1.287428854718624
-3 -2.75 14 15 -34.58379129721948 1.169367815252911
-3 -2.75 15 16 -5.183710393182992 1.066490154194238
-3 -2.75 16 17 16.88940984529017 0.9762277594654455
-3 -2.75 17 18 33.42363848957893 0.8965457315287807
-3 -2.75 18 19 45.73594675167726 0.8258131125029808
-3 -2.75 19 20 54.80787019060256 0.7627089576819993
-3 -2.75 20 21 61.37870545884232 0.7061531245599987
-3 -2.75 21 22 66.01055450211129 0.6552545994101958
-3 -2.75 22 23 69.13438511085667 0.6092724401401926
-3 -2.75 23 24 71.08308618711396 0.5675859162288455
-3 -2.75 24 25 72.11548192900659 0.5296714355022377
-3 -2.75 25 26 72.43397479899863 0.4950845383558695
-3 -2.75 26 27 72.19764214122881 0.4634457163493805
-3 -2.75 27 28 71.532050706701 0.4344291469933092
-3 -2.75 28 29 70.53667627166254 0.4077536724995544
-3 -2.75 29 30 69.29055813892853 0.3831755220801966
-3 -2.75 30 31 67.85664070699335 0.3604823986225051
-3 -2.75 31 32 66.28512999245646 0.3394886429509308
-3 -2.75 32 33 64.61610517143077 0.3200312544381066
-3 -2.75 33 34 62.88156250709318 0.3019665975273767
-3 -2.75 34 35 61.10702378092611 0.2851676603479922
-3 -2.75 35 36 59.3128084234653 0.2695217621559042
-3 -2.75 36 37 57.51504435014374 0.2549286255330364
-3 -2.75 37 38 55.72647465545856 0.2412987486728254
-3 -2.75 38 39 53.95710394733666 0.228552024553293
-3 -2.75 39 40 52.21471806065648 0.2166165649268559
-3 -2.75 40 41 50.50530343160679 0.2054276946724
-3 -2.75 41 42 48.83338643422238 0.1949270884872613
-3 -2.75 42 43 47.20230879355358 0.1850620274165577
-3 -2.75 43 44 45.61445163771106 0.175784756211879
-3 -2.75 44 45 44.07141816810642 0.1670519255958612
-3 -2.75 45 46 42.57322243094799 0.1589790448695286
-3 -2.75 46 47 41.12213456351773 0.1521192004711075
-3 -2.75 47 48 39.71724966355831 0.1465514553228616
-3 -2.75 48 49 38.35831000039843 0.1422496393999134
-3 -2.75 49 50 37.04460826988847 0.1386467273423078
-2.75 -2.5 0 1 2750.378931633546 2.582920123509776
-2.75 -2.5 1 2 -4306.40787750421 1.105681106763118
-2.75 -2.5 2 3 -5428.18570927435 2.447618616539967
-2.75 -2.5 3 4 -3943.995968157559 2.474905199915915
-2.75 -2.5 4 5 -2745.104932337151 2.22044733526567
-2.75 -2.5 5 6 -1915.095388251394 1.953754293065317
-2.75 -2.5 6 7 -1348.859796706727 1.719506912970965
-2.75 -2.5 7 8 -958.2246237873578 1.520976751700661
-2.75 -2.5 8 9 -684.0963113069697 1.354093164790361
-2.75 -2.5 9 10 -488.3603454757554 1.212996792582169
-2.75 -2.5 10 11 -346.3181616330921 1.092576808502549
-2.75 -2.5 11 12 -241.8702043677176 0.9893305342127505
-2.75 -2.5 12 13 -164.1826609013131 0.900022193115986
-2.75 -2.5 13 14 -105.8747997190851 0.8222067336555366
-2.75 -2.5 14 15 -61.81174456059807 0.7539486156824229
-2.75 -2.5 15 16 -28.35699709978462 0.6937048412862349
-2.75 -2.5 16 17 -2.893125538578943 0.6402351382854841
-2.75 -2.5 17 18 16.49158207456412 0.5925339834746263
-2.75 -2.5 18 19 31.21187726398102 0.5497792621725285
-2.75 -2.5 19 20 42.3271549083139 0.5112933467780943
-2.75 -2.5 20 21 50.63913274545644 0.4765134011150577
-2.75 -2.5 21 22 56.76028877449085 0.4449685485943237
-2.75 -2.5 22 23 61.16250396056125 0.4162621744172227
-2.75 -2.5 23 24 64.21209492928949 0.3900580938704967
-2.75 -2.5 24 25 66.19535280155912 0.3660696550140623
-2.75 -2.5 25 26 67.33736984403026 0.3440510851920992
-2.75 -2.5 26 27 67.81606134896811 0.3237905683363804
-2.75 -2.5 27 28 67.77270823007257 0.3051046664426623
-2.75 -2.5 28 29 67.31995321200316 0.2878337939783399
-2.75 -2.5 29 30 66.54791471937131 0.2718385227015029
-2.75 -2.5 30 31 65.52889659740708 0.25699654546996
-2.75 -2.5 31 32 64.32104130011663 0.2432001677070806
-2.75 -2.5 32 33 62.97118174813289 0.230354223002961
-2.75 -2.5 33 34 61.51708089528995 0.2183743318726044
-2.75 -2.5 34 35 59.98920017787066 0.2071854407064457
-2.75 -2.5 35 36 58.41210312199422 0.1967205891478034
-2.75 -2.5 36 37 56.80557465734137 0.1869198665470302
-2.75 -2.5 37 38 55.1855176869268 0.1777295238153558
-2.75 -2.5 38 39 53.56467416586486 0.1691012149559625
-2.75 -2.5 39 40 51.95320720765477 0.1609913472616556
-2.75 -2.5 40 41 50.35917272910828 0.1533605215536583
-2.75 -2.5 41 42 48.78890271592331 0.1461730494246722
-2.75 -2.5 42 43 47.24731768312489 0.1393965342859153
-2.75 -2.5 43 44 45.73818206445154 0.1330015084807191
-2.75 -2.5 44 45 44.26431346521929 0.12696111549182
-2.75 -2.5 45 46 42.82674920058858 0.1214722419036573
-2.75 -2.5 46 47 41.4287891873802 0.1173468108457094
-2.75 -2.5 47 48 40.07031347096984 0.1146985135413073
-2.75 -2.5 48 49 38.75179763329379 0.113471584693927
-2.75 -2.5 49 50 37.47318464362695 0.1128596090921595
-2.5 -2.25 0 1 3309.224191208831 1.85590869839136
-2.5 -2.25 1 2 -3865.427961401954 0.9630490072396245
-2.5 -2.25 2 3 -5483.953867068558 1.692808433097167
-2.5 -2.25 3 4 -4064.293565592828 1.559024520370855
-2.5 -2.25 4 5 -2863.548765254972 1.375161552307674
-2.5 -2.25 5 6 -2018.691900739842 1.246801257121692
-2.5 -2.25 6 7 -1436.543104736888 1.12243461735047
-2.5 -2.25 7 8 -1031.7675219023 1.010572515756755
-2.5 -2.25 8 9 -745.7468007794046 0.9129503215189251
-2.5 -2.25 9 10 -540.1902603876001 0.8278884869048136
-2.5 -2.25 10 11 -390.0622616444789 0.7532062408637352
-2.5 -2.25 11 12 -278.9611591839694 0.6880011048697099
-2.5 -2.25 12 13 -195.7756679189233 0.6306389370279351
-2.5 -2.25 13 14 -132.90259187489 0.5799327048483183
-2.5 -2.25 14 15 -85.02913144635545 0.5348949468724142
-2.5 -2.25 15 16 -48.37741333752979 0.4947073925156585
-2.5 -2.25 16 17 -20.21768792013336 0.4586913133700392
-2.5 -2.25 17 18 1.451260959610636 0.4262818241329953
-2.5 -2.25 18 19 18.11583925864284 0.3970066383792509
-2.5 -2.25 19 20 30.89311394310903 0.3704688680363451
-2.5 -2.25 20 21 40.63148244827198 0.3463332127174692
-2.5 -2.25 21 22 47.9814185861527 0.3243148984765992
-2.5 -2.25 22 23 53.44590143203357 0.3041708063555055
-2.5 -2.25 23 24 57.41683560695435 0.2856923380689623
-2.5 -2.25 24 25 60.20167349567237 0.2686996539972583
-2.5 -2.25 25 26 62.04309243393323 0.2530369978320088
-2.5 -2.25 26 27 63.13368813228919 0.2385688841743487
-2.5 -2.25 27 28 63.62705051318153 0.2251769733729306
-2.5 -2.25 28 29 63.64618569067045 0.2127574971359542
-2.5 -2.25 29 30 63.28997168345671 0.2012191269277206
-2.5 -2.25 30 31 62.63814398486937 0.1904811998899471
-2.5 -2.25 31 32 61.75517246666237 0.1804722355961723
-2.5 -2.25 32 33 60.6932955344862 0.1711286906228213
-2.5 -2.25 33 34 59.49490891799655 0.1623939073234139
-2.5 -2.25 34 35 58.19445679918033 0.154217223338789
-2.5 -2.25 35 36 56.81993669242939 0.1465532138544308
-2.5 -2.25 36 37 55.3941026915391 0.1393610452693089
-2.5 -2.25 37 38 53.93543186190442 0.132603920076467
-2.5 -2.25 38 39 52.45890361682149 0.1262485996427448
-2.5 -2.25 39 40 50.97663066254614 0.1202649934777526
-2.5 -2.25 40 41 49.4983716989837 0.1146258012535137
-2.5 -2.25 41 42 48.03194930157693 0.1093062042318139
-2.5 -2.25 42 43 46.58359166666446 0.1042835944902002
-2.5 -2.25 43 44 45.15821283915724 0.09953733977543532
-2.5 -2.25 44 45 43.75964310075338 0.09504857625935195
-2.5 -2.25 45 46 42.38977769886489 0.0911186155690894
-2.5 -2.25 46 47 41.05277599141797 0.08892437859196621
-2.5 -2.25 47 48 39.74918172472201 0.08860212110710468
-2.5 -2.25 48 49 38.48009092140347 0.0900049140219832
-2.5 -2.25 49 50 37.24599813887295 0.09314445111255332
-2.25 -2 0 1 3814.801065041781 1.058315831679241
-2.25 -2 1 2 -3456.579809054688 0.8760447966433134
-2.25 -2 2 3 -5531.464962521897 1.661827785667389
-2.25 -2 3 4 -4171.473579852576 1.53590194882737
-2.25 -2 4 5 -2967.671853029738 1.353563651926889
-2.25 -2 5 6 -2107.940824522413 1.192572656866724
-2.25 -2 6 7 -1510.51781184125 1.057777928202472
-2.25 -2 7 8 -1092.572480912473 0.9445471567297776
-2.25 -2 8 9 -795.7498551311214 0.8498235310501916
-2.25 -2 9 10 -581.4588799836329 0.76752981782244
-2.25 -2 10 11 -424.2711189950123 0.6975494190755682
-2.25 -2 11 12 -307.4550619978063 0.6364835899577712
-2.25 -2 12 13 -219.6159062621209 0.5830145413551628
-2.25 -2 13 14 -152.9308310314786 0.5358846979467926
-2.25 -2 14 15 -101.9161737267718 0.4940935908401431
-2.25 -2 15 16 -62.6612306343452 0.4568362935991814
-2.25 -2 16 17 -32.33258638377538 0.4234585008991821
-2.25 -2 17 18 -8.847636689892624 0.3934233198513859
-2.25 -2 18 19 9.344357324950806 0.3662863922796956
-2.25 -2 19 20 23.41167039910988 0.3416770273710187
-2.25 -2 20 21 34.24374053022279 0.3192837247516673
-2.25 -2 21 22 42.5241501515136 0.298842954951772
-2.25 -2 22 23 48.78275434546549 0.2801303727629303
-2.25 -2 23 24 53.43340196158704 0.26295387957371
-2.25 -2 24 25 56.80156088158719 0.2471480965060522
-2.25 -2 25 26 59.14477425846735 0.2325699291912779
-2.25 -2 26 27 60.66796331353487 0.2190949793879582
-2.25 -2 27 28 61.53498306457016 0.2066146255255366
-2.25 -2 28 29 61.87742467000953 0.1950336284680345
-2.25 -2 29 30 61.80137446662309 0.1842681583909812
-2.25 -2 30 31 61.3926428161522 0.1742441575892344
-2.25 -2 31 32 60.72083718704141 0.1648959761718189
-2.25 -2 32 33 59.84255531294934 0.1561652276223313
-2.25 -2 33 34 58.80390347395223 0.1479998257177671
-2.25 -2 34 35 57.64249356271978 0.140353168829821
-2.25 -2 35 36 56.389035000734 0.1331834474666981
-2.25 -2 36 37 55.06860978525214 0.1264530524111223
-2.25 -2 37 38 53.7016983394617 0.1201280686917066
-2.25 -2 38 39 52.3050083042487 0.1141778395381336
-2.25 -2 39 40 50.89214669869244 0.1085745909222115
-2.25 -2 40 41 49.47416710839337 0.1032931052399077
-2.25 -2 41 42 48.06001651769179 0.0983104394843308
-2.25 -2 42 43 46.65690143159668 0.09360567824523131
-2.25 -2 43 44 45.27058868914483 0.08915971822341448
-2.25 -2 44 45 43.90565328144828 0.08495508043142475
-2.25 -2 45 46 42.56460620595524 0.08163399384201184
-2.25 -2 46 47 41.25224574583888 0.08159473972543242
-2.25 -2 47 48 39.96958046835232 0.08489991994851109
-2.25 -2 48 49 38.71814603391007 0.09092687713951193
-2.25 -2 49 50 37.49882324058169 0.09729991984696382
-2 -1.75 0 1 4289.520706963913 1.075122322338565
-2 -1.75 1 2 -3051.116397874735 2.554933650726796
-2 -1.75 2 3 -5540.954390525568 2.791028078526653
-2 -1.75 3 4 -4246.665916911342 2.330077337825301
-2 -1.75 4 5 -3051.309530063835 1.935441520066441
-2 -1.75 5 6 -2186.019032873655 1.633162701997738
-2 -1.75 6 7 -1579.737793885148 1.400580537093032
-2 -1.75 7 8 -1152.795367823786 1.217867835649221
-2 -1.75 8 9 -847.8088900222742 1.070986556774876
-2 -1.75 9 10 -626.4183153579738 0.9513094498041712
-2 -1.75 10 11 -463.1397605347192 0.8512120313324705
-2 -1.75 11 12 -341.1551338985212 0.7668924902562626
-2 -1.75 12 13 -248.9309998412448 0.6948663325262857
-2 -1.75 13 14 -178.5213546205246 0.6327031032113857
-2 -1.75 14 15 -124.3348593287092 0.5785715184822162
-2 -1.75 15 16 -82.36982880573964 0.531065911327582
-2 -1.75 16 17 -49.7171827631978 0.4890893549487425
-2 -1.75 17 18 -24.23182166132051 0.4517732136021891
-2 -1.75 18 19 -4.311494946193534 0.4184206060411756
-2 -1.75 19 20 11.25455786892758 0.3884659021760787
-2 -1.75 20 21 23.39089249575636 0.3614451888333607
-2 -1.75 21 22 32.81020721339314 0.336974385061322
-2 -1.75 22 23 40.0665816174037 0.3147327864058354
-2 -1.75 23 24 45.59409479118392 0.2944505271542963
-2 -1.75 24 25 49.73517367076749 0.2758989096875981
-2 -1.75 25 26 52.76163237882349 0.2588828641099848
-2 -1.75 26 27 54.89044609980249 0.2432350078923955
-2 -1.75 27 28 56.29568843911386 0.2288109223254323
-2 -1.75 28 29 57.11764395532191 0.2154853650069111
-2 -1.75 29 30 57.46982021047586 0.2031492071808908
-2 -1.75 30 31 57.44438376343953 0.1917069395888496
-2 -1.75 31 32 57.11640347942034 0.1810746280638235
-2 -1.75 32 33 56.54718409653395 0.1711782247816739
-2 -1.75 33 34 55.78690074618902 0.161952167068097
-2 -1.75 34 35 54.87669259069878 0.153338207114238
-2 -1.75 35 36 53.85033525415054 0.1452844302114884
-2 -1.75 36 37 52.73558321969699 0.1377444247753848
-2 -1.75 37 38 51.55525220602738 0.1306765816219807
-2 -1.75 38 39 50.32809555134861 0.1240434946587487
-2 -1.75 39 40 49.06951656226795 0.1178114506264933
-2 -1.75 40 41 47.79214974928675 0.1119499901945368
-2 -1.75 41 42 46.50633657309504 0.1064315298217955
-2 -1.75 42 43 45.22051620428573 0.1012310353302225
-2 -1.75 43 44 43.94154737473374 0.09632573837699916
-2 -1.75 44 45 42.67497421592515 0.0916948897924056
-2 -1.75 45 46 41.42414653576026 0.08768129533257558
-2 -1.75 46 47 40.19467348523659 0.08563592577881647
-2 -1.75 47 48 38.988225982069 0.08574201988593687
-2 -1.75 48 49 37.80695213388313 0.09085515802148202
-2 -1.75 49 50 36.65227843236249 0.09770885986467626
-1.75 -1.5 0 1 4717.270096759067 0.9379286940951916
-1.75 -1.5 1 2 -2671.369164688807 0.7463134866949945
-1.75 -1.5 2 3 -5533.684472931397 1.692081293566367
-1.75 -1.5 3 4 -4289.082794437931 1.637807417273992
-1.75 -1.5 4 5 -3096.215820828746 1.466025524799395
-1.75 -1.5 5 6 -2224.967757792667 1.292626561085887
-1.75 -1.5 6 7 -1611.95958943026 1.140029030390852
-1.75 -1.5 7 8 -1179.136944521183 1.010229739391052
-1.75 -1.5 8 9 -869.3219351461762 0.900345560264649
-1.75 -1.5 9 10 -644.0342116339825 0.8079365876820928
-1.75 -1.5 10 11 -477.6221753196683 0.7283567970626124
-1.75 -1.5 11 12 -353.1077878561562 0.6601880839633892
-1.75 -1.5 12 13 -258.8331388920465 0.6011310640853483
-1.75 -1.5 13 14 -186.7533134625805 0.5495919111856463
-1.75 -1.5 14 15 -131.1999591509959 0.5043077821726201
-1.75 -1.5 15 16 -88.11137814659696 0.4642720907415063
-1.75 -1.5 16 17 -54.53150411946262 0.4286761211506075
-1.75 -1.5 17 18 -28.27822016895561 0.3968645273169383
-1.75 -1.5 18 19 -7.719917208839433 0.3683016525965214
-1.75 -1.5 19 20 8.377602766450082 0.3425460079788508
-1.75 -1.5 20 21 20.95772291035132 0.3192308263405863
-1.75 -1.5 21 22 30.7483535351206 0.298049143982606
-1.75 -1.5 22 23 38.31593101221938 0.2787422564883148
-1.75 -1.5 23 24 44.10462130408348 0.2610907129892013
-1.75 -1.5 24 25 48.46512253599826 0.2449072325988831
-1.75 -1.5 25 26 51.67605934129654 0.2300310854163835
-1.75 -1.5 26 27 53.96003613396772 0.2163236012782513
-1.75 -1.5 27 28 55.49579577123893 0.203664553847017
-1.75 -1.5 28 29 56.42750842139924 0.1919492273075849
-1.75 -1.5 29 30 56.87192489677795 0.1810860217827965
-1.75 -1.5 30 31 56.92392642423567 0.1709944864715096
-1.75 -1.5 31 32 56.66086001345815 0.1616036933925464
-1.75 -1.5 32 33 56.14594683935741 0.1528508857370818
-1.75 -1.5 33 34 55.4309778128989 0.1446803491981841
-1.75 -1.5 34 35 54.55845722491796 0.137042462547289
-1.75 -1.5 35 36 53.563316286656 0.129892898189672
-1.75 -1.5 36 37 52.4742894333823 0.1231919437831787
-1.75 -1.5 37 38 51.31502475553913 0.1169039238685117
-1.75 -1.5 38 39 50.10498366455641 0.1109967076729069
-1.75 -1.5 39 40 48.86017261831313 0.1054412850738988
-1.75 -1.5 40 41 47.59374052697672 0.1002114011646402
-1.75 -1.5 41 42 46.31646802317312 0.09528324295429746
-1.75 -1.5 42 43 45.0371695701258 0.09063516479655095
-1.75 -1.5 43 44 43.76302484716689 0.08624745129252835
-1.75 -1.5 44 45 42.49985262366138 0.08210211018462647
-1.75 -1.5 45 46 41.25120603633283 0.0788893917167181
-1.75 -1.5 46 47 40.02295711446448 0.07918871163313337
-1.75 -1.5 47 48 38.81691716902128 0.08307968893714462
-1.75 -1.5 48 49 37.63538192999283 0.0899068900069187
-1.75 -1.5 49 50 36.47991101477183 0.097116389294664
-1.5 -1.25 0 1 5120.435938237442 3.306894989924791
-1.5 -1.25 1 2 -2294.584478204173 4.165624722562772
-1.5 -1.25 2 3 -5510.143977959268 1.675751482022895
-1.5 -1.25 3 4 -4324.789118783646 1.600164891750008
-1.5 -1.25 4 5 -3142.805280001648 1.425687015496042
-1.5 -1.25 5 6 -2270.521504167355 1.25850827794078
-1.5 -1.25 6 7 -1653.307363250372 1.114017145553961
-1.5 -1.25 7 8 -1215.68842329679 0.9915315121833257
-1.5 -1.25 8 9 -901.3194347305266 0.8885716028027173
-1.5 -1.25 9 10 -671.9647453951952 0.7996442191317858
-1.5 -1.25 10 11 -502.0083540746323 0.7243508275236132
-1.5 -1.25 11 12 -374.4450559933316 0.6589918289930479
-1.5 -1.25 12 13 -277.5568137039679 0.6020680517397782
-1.5 -1.25 13 14 -203.2379000887845 0.5521435579446472
-1.5 -1.25 14 15 -145.7638000636382 0.5080768081158628
-1.5 -1.25 15 16 -101.0237089187056 0.4689532883682524
-1.5 -1.25 16 17 -66.01972409173118 0.4340340227618754
-1.5 -1.25 17 18 -38.53453529961394 0.4027166382741156
-1.5 -1.25 18 19 -16.90709814544584 0.3745059235349075
-1.5 -1.25 19 20 0.1213572405442847 0.3489914614028044
-1.5 -1.25 20 21 13.51473155991857 0.3258305109635959
-1.5 -1.25 21 22 24.01809403684285 0.3047348061994147
-1.5 -1.25 22 23 32.21226431590378 0.2854602812503944
-1.5 -1.25 23 24 38.55349807201515 0.2677990111753857
-1.5 -1.25 24 25 43.40268557371053 0.2515728350514405
-1.5 -1.25 25 26 47.04707040036487 0.2384045751272079
-1.5 -1.25 26 27 49.71656830347388 0.2268260941853745
-1.5 -1.25 27 28 51.59614353545828 0.2160079015195124
-1.5 -1.25 28 29 52.83527644310152 0.2058857855877135
-1.5 -1.25 29 30 53.55526389746956 0.1964020760396917
-1.5 -1.25 30 31 53.85489046035434 0.1875048959619671
-1.5 -1.25 31 32 53.81486422507874 0.1791475007837394
-1.5 -1.25 32 33 53.50130860067526 0.1712876973444722
-1.5 -1.25 33 34 52.96852732185772 0.1638873325779024
-1.5 -1.25 34 35 52.26120607787431 0.1569118449152575
-1.5 -1.25 35 36 51.4161746185934 0.1503298703358407
-1.5 -1.25 36 37 50.46382384783692 0.1441128966248865
-1.5 -1.25 37 38 49.42925061472681 0.1382349583689884
-1.5 -1.25 38 39 48.3331864023217 0.132672369557052
-1.5 -1.25 39 40 47.19275363182282 0.1274034871304888
-1.5 -1.25 40 41 46.0220839433963 0.1224085027115943
-1.5 -1.25 41 42 44.83282523647813 0.1176692583054778
-1.5 -1.25 42 43 43.63455894617255 0.1131690828464991
-1.5 -1.25 43 44 42.43514440766029 0.1088926478351746
-1.5 -1.25 44 45 41.24100386019256 0.1048258380067755
-1.5 -1.25 45 46 40.05620645716326 0.1012926023447706
-1.5 -1.25 46 47 38.8871379281216 0.09953824732826304
-1.5 -1.25 47 48 37.73601623362268 0.09972482328827911
-1.5 -1.25 48 49 36.60551926192275 0.1017419514771948
-1.5 -1.25 49 50 35.49754097871667 0.104369806431218
-1.25 -1 0 1 5449.511249816733 1.571539091895397
-1.25 -1 1 2 -2009.427532818608 0.6501232929188735
-1.25 -1 2 3 -5509.580466010553 1.829168090179761
-1.25 -1 3 4 -4364.448725587594 1.781547414239751
-1.25 -1 4 5 -3185.42016374482 1.588081045160066
-1.25 -1 5 6 -2308.510664271029 1.399431624849454
-1.25 -1 6 7 -1685.555923047403 1.236915308494057
-1.25 -1 7 8 -1242.656126303711 1.099987412784491
-1.25 -1 8 9 -923.7912255408146 0.9852882311355048
-1.25 -1 9 10 -690.706059245977 0.886956101735134
-1.25 -1 10 11 -517.6740670448994 0.8036754083321727
-1.25 -1 11 12 -387.5814229210459 0.73159191442833
-1.25 -1 12 13 -288.6073277468352 0.6688930802925006
-1.25 -1 13 14 -212.5622227029939 0.6139513383396697
-1.25 -1 14 15 -153.6538531936435 0.5654832998468188
-1.25 -1 15 16 -107.7171849651463 0.5224670086444122
-1.25 -1 16 17 -71.71097545521275 0.4840803928874026
-1.25 -1 17 18 -43.38320775956481 0.4496556200621051
-1.25 -1 18 19 -21.04493797371538 0.4186450828036806
-1.25 -1 19 20 -3.414863950948074 0.3905958391900747
-1.25 -1 20 21 10.48920324591245 0.3651302193550883
-1.25 -1 21 22 21.42725066812591 0.3419309615857942
-1.25 -1 22 23 29.99232578215924 0.3207297059272895
-1.25 -1 23 24 36.65075384906015 0.3012980022218925
-1.25 -1 24 25 41.7717540526329 0.2834402190866172
-1.25 -1 25 26 45.64948782760155 0.266987904225269
-1.25 -1 26 27 48.51963932008516 0.2517952626391363
-1.25 -1 27 28 50.57200046647529 0.237735504747185
-1.25 -1 28 29 51.96010604240439 0.2246978744061144
-1.25 -1 29 30 52.80866910276632 0.2125852163841123
-1.25 -1 30 31 53.2193615242702 0.2013119702372183
-1.25 -1 31 32 53.27533885849391 0.1908025088610046
-1.25 -1 32 33 53.04480487044998 0.1809897520455076
-1.25 -1 33 34 52.58383625388177 0.1718140059259177
-1.25 -1 34 35 51.93863344803532 0.1632219846130977
-1.25 -1 35 36 51.14732341185032 0.1551659833502943
-1.25 -1 36 37 50.24141046108366 0.1476031748472546
-1.25 -1 37 38 49.24694914501373 0.1404950098322119
-1.25 -1 38 39 48.18549638828398 0.1338067025946041
-1.25 -1 39 40 47.07488743466166 0.1275067886975031
-1.25 -1 40 41 45.92987062485997 0.1215667436055102
-1.25 -1 41 42 44.76262832637377 0.1159606521508678
-1.25 -1 42 43 43.58320594086479 0.1106649207619027
-1.25 -1 43 44 42.39986619580969 0.10565802801408
-1.25 -1 44 45 41.21938257368447 0.1009203045948474
-1.25 -1 45 46 40.04610874472718 0.09681037555108227
-1.25 -1 46 47 38.88674192870221 0.0947355362329962
-1.25 -1 47 48 37.74371188043096 0.09489768325023498
-1.25 -1 48 49 36.61990084970807 0.0977261650051522
-1.25 -1 49 50 35.5173856250197 0.1054430460154925
-1 -0.75 0 1 5728.002644340637 1.917213068924843
-1 -0.75 1 2 -1749.966160604195 1.787293204477028
-1 -0.75 2 3 -5484.773256349095 1.594405668784052
-1 -0.75 3 4 -4375.039353807213 1.532462054874182
-1 -0.75 4 5 -3201.711634940032 1.367996185823863
-1 -0.75 5 6 -2324.256675849078 1.212225076352362
-1 -0.75 6 7 -1699.418347118576 1.078704072222881
-1 -0.75 7 8 -1254.518659622594 0.9657245632328397
-1 -0.75 8 9 -933.851389754197 0.8705493418761979
-1 -0.75 9 10 -699.2223100558331 0.7878704239436316
-1 -0.75 10 11 -524.888838245146 0.7174919024404488
-1 -0.75 11 12 -393.7094584552783 0.6559852016104897
-1 -0.75 12 13 -293.8288543209203 0.6020700105326519
-1 -0.75 13 14 -217.0272180550019 0.5544902256144425
-1 -0.75 14 15 -157.4864871230213 0.5122463973466708
-1 -0.75 15 16 -111.0201484617817 0.4745349098405229
-1 -0.75 16 17 -74.56927293923377 0.4407030415378011
-1 -0.75 17 18 -45.86733650361384 0.4102155857406215
-1 -0.75 18 19 -23.21350167371702 0.382629821950144
-1 -0.75 19 20 -5.31670273965824 0.3575765520317603
-1 -0.75 20 21 8.813282017776146 0.3347455747602669
-1 -0.75 21 22 19.94306600811365 0.3138744500480395
-1 -0.75 22 23 28.67117833362943 0.294739716810741
-1 -0.75 23 24 35.46849185600058 0.2771499703521247
-1 -0.75 24 25 40.70800903384077 0.2609403562571341
-1 -0.75 25 26 44.68704721723327 0.2459681564483654
-1 -0.75 26 27 47.64392994985621 0.2321092234242662
-1 -0.75 27 28 49.77066202903814 0.2192550798892643
-1 -0.75 28 29 51.22263783333642 0.2073105430523283
-1 -0.75 29 30 52.12613663810748 0.1961917669862898
-1 -0.75 30 31 52.58415223234545 0.1858246193962835
-1 -0.75 31 32 52.68095812014622 0.1761433285597689
-1 -0.75 32 33 52.48570532981444 0.1670893491972568
-1 -0.75 33 34 52.05527463911136 0.1586104074918162
-1 -0.75 34 35 51.43655020250827 0.1506596920918982
-1 -0.75 35 36 50.66824128519579 0.1431951676064558
-1 -0.75 36 37 49.78234889873806 0.1361789875060168
-1 -0.75 37 38 48.80535187357259 0.1295769919779179
-1 -0.75 38 39 47.75917004736908 0.1233582747564146
-1 -0.75 39 40 46.66194947457103 0.1174948107758783
-1 -0.75 40 41 45.52870499544861 0.1119611312019943
-1 -0.75 41 42 44.37184772656258 0.1067340438370953
-1 -0.75 42 43 43.20161960856427 0.1017923873662079
-1 -0.75 43 44 42.02645237944415 0.09711681642942036
-1 -0.75 44 45 40.85326497198434 0.09268961533324398
-1 -0.75 45 46 39.6865172892351 0.08925953990960209
-1 -0.75 46 47 38.53305084793513 0.08962382777332413
-1 -0.75 47 48 37.39536911475832 0.09387706440940137
-1 -0.75 48 49 36.27643434563143 0.1013149367579605
-1 -0.75 49 50 35.1783890596042 0.1091719830889814
-0.75 -0.5 0 1 5943.802714854597 2.664143227707745
-0.75 -0.5 1 2 -1552.913603288549 2.065865462248104
-0.75 -0.5 2 3 -5469.369933537771 1.599874927514252
-0.75 -0.5 3 4 -4387.726310450568 1.544184108230789
-0.75 -0.5 4 5 -3219.243797274584 1.379702461071874
-0.75 -0.5 5 6 -2341.436267707077 1.222172163202444
-0.75 -0.5 6 7 -1714.986723770341 1.086554058763806
-0.75 -0.5 7 8 -1268.273073149404 0.971685579074792
-0.75 -0.5 8 9 -945.8995338228046 0.8749955779023065
-0.75 -0.5 9 10 -709.7558745464221 0.791123413121228
-0.75 -0.5 10 11 -534.1041947308322 0.7198595846903755
-0.75 -0.5 11 12 -401.7924446081188 0.6576824190915846
-0.75 -0.5 12 13 -300.9413674185043 0.6032649546708578
-0.75 -0.5 13 14 -223.3082799280762 0.555309303609296
-0.75 -0.5 14 15 -163.0542609397012 0.5130671442326233
-0.75 -0.5 15 16 -115.9746445217486 0.4778181927605184
-0.75 -0.5 16 17 -78.99505042977194 0.4458859174410539
-0.75 -0.5 17 18 -49.83594386376285 0.4168733745002489
-0.75 -0.5 18 19 -26.7855840013724 0.3904378340481716
-0.75 -0.5 19 20 -8.54378166097581 0.3662836163466888
-0.75 -0.5 20 21 5.887321795458092 0.3441553741932451
-0.75 -0.5 21 22 17.28074159583548 0.3238321329986354
-0.75 -0.5 22 23 26.24038440748768 0.305122147577038
-0.75 -0.5 23 24 33.24165118692247 0.2878585294460707
-0.75 -0.5 24 25 38.66136711643276 0.2718955573836463
-0.75 -0.5 25 26 42.80008544051066 0.2571055758071246
-0.75 -0.5 26 27 45.89887627459052 0.243376388896078
-0.75 -0.5 27 28 48.15208195199762 0.2306090717204538
-0.75 -0.5 28 29 49.71709158039607 0.218716126074032
-0.75 -0.5 29 30 50.72189110456509 0.2076199256778939
-0.75 -0.5 30 31 51.27093829078956 0.197251399987679
-0.75 -0.5 31 32 51.44976562109957 0.1875489175998923
-0.75 -0.5 32 33 51.32860949231872 0.1784573352743929
-0.75 -0.5 33 34 50.96528865945419 0.1699271866294673
-0.75 -0.5 34 35 50.40749980704982 0.1619139860706869
-0.75 -0.5 35 36 49.69465770535123 0.1543776316726029
-0.75 -0.5 36 37 48.85937734309942 0.1472818897710894
-0.75 -0.5 37 38 47.92867307247798 0.1405939493431896
-0.75 -0.5 38 39 46.92493284762941 0.1342840360493612
-0.75 -0.5 39 40 45.86671279836082 0.1283250757013476
-0.75 -0.5 40 41 44.7693877548017 0.1226924015676154
-0.75 -0.5 41 42 43.64568550441817 0.1173634983571278
-0.75 -0.5 42 43 42.5061271184382 0.1123177771228745
-0.75 -0.5 43 44 41.35939086190376 0.1075363778012373
-0.75 -0.5 44 45 40.21261382086362 0.1030019955715298
-0.75 -0.5 45 46 39.07043598403328 0.09909859397040041
-0.75 -0.5 46 47 37.93989392504801 0.09731585755733212
-0.75 -0.5 47 48 36.82363089616041 0.09785144344381243
-0.75 -0.5 48 49 35.72474572012686 0.1017147433235354
-0.75 -0.5 49 50 34.64550181731755 0.1097615921971277
-0.5 -0.25 0 1 6085.89255261228 2.589528155422965
-0.5 -0.25 1 2 -1429.153653037722 1.444948431432683
-0.5 -0.25 2 3 -5464.058157724853 1.5762571223794
-0.5 -0.25 3 4 -4399.351912433194 1.538053340448454
-0.5 -0.25 4 5 -3232.951260808729 1.384208729816645
-0.5 -0.25 5 6 -2354.137787361376 1.274188677946086
-0.5 -0.25 6 7 -1726.084181681199 1.15822948079701
-0.5 -0.25 7 8 -1277.790647865792 1.050583249505407
-0.5 -0.25 8 9 -954.0185051890035 0.9545362092615847
-0.5 -0.25 9 10 -716.6755983729004 0.870405071612284
-0.5 -0.25 10 11 -540.0119160923919 0.7955186639743209
-0.5 -0.25 11 12 -406.8489739446595 0.7297875913580331
-0.5 -0.25 12 13 -305.2822558703615 0.6716257795391805
-0.5 -0.25 13 14 -227.0465196181767 0.6199513863351966
-0.5 -0.25 14 15 -166.2837159914354 0.5738451290848685
-0.5 -0.25 15 16 -118.7732930737729 0.5325339468880891
-0.5 -0.25 16 17 -81.42779188642203 0.4953695560684015
-0.5 -0.25 17 18 -51.95693971391961 0.4618077526587111
-0.5 -0.25 18 19 -28.64017631620618 0.4313903290728631
-0.5 -0.25 19 20 -10.17005396612376 0.4037299302206967
-0.5 -0.25 20 21 4.457277301300792 0.3784976165966361
-0.5 -0.25 21 22 16.01979447390454 0.3554127381701212
-0.5 -0.25 22 23 25.12552758078004 0.3342347113473456
-0.5 -0.25 23 24 32.25331609183638 0.3147563406587292
-0.5 -0.25 24 25 37.78286232486778 0.2967983792125947
-0.5 -0.25 25 26 42.01713482007165 0.2802050875312462
-0.5 -0.25 26 27 45.19923766097725 0.2648405882742954
-0.5 -0.25 27 28 47.52523118269653 0.2505858645355735
-0.5 -0.25 28 29 49.15395979290156 0.2373362753790698
-0.5 -0.25 29 30 50.21464560510208 0.2249994898220126
-0.5 -0.25 30 31 50.81279919669396 0.2134937620569887
-0.5 -0.25 31 32 51.03485197567591 0.2027464836084971
-0.5 -0.25 32 33 50.95180974900541 0.1926929644325079
-0.5 -0.25 33 34 50.62215137406588 0.1832754006122166
-0.5 -0.25 34 35 50.09414114573167 0.1744419979697885
-0.5 -0.25 35 36 49.40768298155166 0.1661462243450549
-0.5 -0.25 36 37 48.59581429373617 0.1583461693439603
-0.5 -0.25 37 38 47.68591498310371 0.151003994860342
-0.5 -0.25 38 39 46.7006899628613 0.1440854600115734
-0.5 -0.25 39 40 45.65897071758081 0.1375595121463926
-0.5 -0.25 40 41 44.57637173288578 0.131397930005996
-0.5 -0.25 41 42 43.46582975582612 0.1255750143527041
-0.5 -0.25 42 43 42.338048369256 0.120067317557675
-0.5 -0.25 43 44 41.20186551618679 0.1148534066568439
-0.5 -0.25 44 45 40.06455821152485 0.10991365562402
-0.5 -0.25 45 46 38.93088010804399 0.1056116395893408
-0.5 -0.25 46 47 37.8079938938975 0.1033713660039654
-0.5 -0.25 47 48 36.69862862037877 0.1033981417470205
-0.5 -0.25 48 49 35.60596684586613 0.105564877727125
-0.5 -0.25 49 50 34.53234701794113 0.1110928709275154
-0.25 0 0 1 6157.385911376801 2.714258481607572
-0.25 0 1 2 -1366.444707581519 1.945154687753729
-0.25 0 2 3 -5460.568226964348 1.59882467530537
-0.25 0 3 4 -4403.809367213606 1.550344204755497
-0.25 0 4 5 -3238.109721412323 1.387905630737603
-0.25 0 5 6 -2358.656674098872 1.230887736611645
-0.25 0 6 7 -1729.79086856397 1.095242581695147
-0.25 0 7 8 -1280.765296967316 0.9800954380220672
-0.25 0 8 9 -956.3839144802687 0.8823409529199506
-0.25 0 9 10 -718.5462398555314 0.8033622175196662
-0.25 0 10 11 -541.4825939441421 0.7374164293154047
-0.25 0 11 12 -407.9975644861315 0.6789589140636405
-0.25 0 12 13 -306.170957486876 0.6267873639392201
-0.25 0 13 14 -227.7251752918808 0.5801117923285846
-0.25 0 14 15 -166.7923611915132 0.5382248946024834
-0.25 0 15 16 -119.1442055365944 0.5005108780411535
-0.25 0 16 17 -81.68710096282848 0.4664403197229542
-0.25 0 17 18 -52.12588057249195 0.4355603257689045
-0.25 0 18 19 -28.73606774094355 0.4074838572153229
-0.25 0 19 20 -10.20706380569163 0.3818797526280424
-0.25 0 20 21 4.467529423124461 0.358463963135335
-0.25 0 21 22 16.06775953697684 0.3369920801313934
-0.25 0 22 23 25.20334624908128 0.3172530617447236
-0.25 0 23 24 32.35451306852667 0.2990640043566705
-0.25 0 24 25 37.90209973796129 0.2822657981298535
-0.25 0 25 26 42.15001223334252 0.2667195195434106
-0.25 0 26 27 45.34212916458011 0.2523034303357491
-0.25 0 27 28 47.67515215471678 0.2389104771386444
-0.25 0 28 29 49.30845754382153 0.2264462011756386
-0.25 0 29 30 50.37170933713594 0.2148269847481047
-0.25 0 30 31 50.97078566116363 0.2039785763998432
-0.25 0 31 32 51.19242393694799 0.1938348445925749
-0.25 0 32 33 51.10788493435075 0.1843367212789641
-0.25 0 33 34 50.77586003886972 0.1754313034004816
-0.25 0 34 35 50.2447907356617 0.1670710855584514
-0.25 0 35 36 49.55472865691917 0.1592133026930675
-0.25 0 36 37 48.73883430922734 0.1518193649345994
-0.25 0 37 38 47.82459009426304 0.1448543705174176
-0.25 0 38 39 46.83478618306088 0.1382866837559168
-0.25 0 39 40 45.78832486369049 0.1320875695935207
-0.25 0 40 41 44.70087930024192 0.1262308749729193
-0.25 0 41 42 43.58543473799426 0.1206927506871384
-0.25 0 42 43 42.45273470600756 0.1154514086516425
-0.25 0 43 44 41.31164990752404 0.1104869077215945
-0.25 0 44 45 40.1694840763173 0.1057809665537664
-0.25 0 45 46 39.03100712870935 0.1017153400103362
-0.25 0 46 47 37.90341030510433 0.09977624591495329
-0.25 0 47 48 36.78943087754345 0.1001677729302035
-0.25 0 48 49 35.69226204343764 0.1028950845374212
-0.25 0 49 50 34.61425069203315 0.1110744514732108
0 0.25 0 1 6157.127712203839 2.714265010846351
0 0.25 1 2 -1366.949475724076 1.94517935083881
0 0.25 2 3 -5460.939775090718 1.598786671838441
0 0.25 3 4 -4403.966385594242 1.550251710211269
0 0.25 4 5 -3238.12878841707 1.387814304817112
0 0.25 5 6 -2358.60893438932 1.230826190608394
0 0.25 6 7 -1729.716524718427 1.095212873279286
0 0.25 7 8 -1280.684507697215 0.9800903049678353
0 0.25 8 9 -956.3057094644269 0.8823514475780959
0 0.25 9 10 -718.4740225654109 0.8033800761600061
0 0.25 10 11 -541.4173237018558 0.7374390318763524
0 0.25 11 12 -407.9387164138952 0.6789825897568519
0 0.25 12 13 -306.1176852027588 0.6268105352174116
0 0.25 13 14 -227.6765814777332 0.5801336474167409
0 0.25 14 15 -166.7476504748706 0.5382450719244357
0 0.25 15 16 -119.1027323353785 0.5005292700687616
0 0.25 16 17 -81.64836814217597 0.4664569558336397
0 0.25 17 18 -52.08951799161014 0.4355753046225329
0 0.25 18 19 -28.70180529452682 0.4074973082145769
0 0.25 19 20 -10.17470577461336 0.3818918146158266
0 0.25 20 21 4.498125998831256 0.3584747731597033
0 0.25 21 22 16.0967018267088 0.3370017675024242
0 0.25 22 23 25.23071826387627 0.3172617457806498
0 0.25 23 24 32.38038465423153 0.2990717931877034
0 0.25 24 25 37.92653270175572 0.282272789193643
0 0.25 25 26 42.17306431077168 0.2667257998686403
0 0.25 26 27 45.36385642334358 0.2523090775117065
0 0.25 27 28 47.69561030615341 0.2389155601736917
0 0.25 28 29 49.327702520407 0.2264507812589067
0 0.25 29 30 50.38979740146931 0.2148311162861171
0 0.25 30 31 50.98777323465083 0.2039823075682894
0 0.25 31 32 51.20836727983101 0.1938382181173196
0 0.25 32 33 51.12283976568574 0.1843397750871932
0 0.25 33 34 50.78988115140351 0.1754340710975261
0 0.25 34 35 50.25793164152117 0.1670735969627533
0 0.25 35 36 49.56704128243257 0.1592155842819235
0 0.25 36 37 48.75036874455174 0.1518214403677006
0 0.25 37 38 47.83539440367554 0.1448562605804272
0 0.25 38 39 46.84490626795434 0.1382884071479401
0 0.25 39 40 45.7978043773436 0.1320891428504911
0 0.25 40 41 44.70975960459469 0.1262323127663376
0 0.25 41 42 43.59375489762829 0.1206940663281725
0 0.25 42 43 42.46053151295786 0.1154526137091469
0 0.25 43 44 41.31895792884825 0.1104880128145481
0 0.25 44 45 40.1763357206944 0.1057819810200079
0 0.25 45 46 39.03743269838884 0.101716283868032
0 0.25 46 47 37.90943816058899 0.0997771797810736
0 0.25 47 48 36.79508745551826 0.1001687550901322
0 0.25 48 49 35.69757199336678 0.1028961579414071
0 0.25 49 50 34.61923694899613 0.1110755672743056
0.25 0.5 0 1 6085.146122574822 2.58953278758528
0.25 0.5 1 2 -1430.606264000141 1.444945786962003
0.25 0.5 2 3 -5465.117246728472 1.576151871860755
0.25 0.5 3 4 -4399.792622970686 1.537895945028786
0.25 0.5 4 5 -3233.001350649795 1.384079217116105
0.25 0.5 5 6 -2354.002206508379 1.2741201813176
0.25 0.5 6 7 -1725.876231348135 1.158211967729788
0.25 0.5 7 8 -1277.566080557413 1.050600805807002
0.25 0.5 8 9 -953.8005796918073 0.9552037884200427
0.25 0.5 9 10 -716.4767132817674 0.8698000105313753
0.25 0.5 10 11 -539.8308747350015 0.7955674936800351
0.25 0.5 11 12 -406.685253590193 0.7298358986553172
0.25 0.5 12 13 -305.133409704812 0.6716716137779951
0.25 0.5 13 14 -226.9100439398674 0.6199938387905132
0.25 0.5 14 15 -166.157443534127 0.573883891199185
0.25 0.5 15 16 -118.6555029184854 0.5325690391682487
0.25 0.5 16 17 -81.31718968852397 0.4954011681366736
0.25 0.5 17 18 -51.85258738755215 0.461836151509611
0.25 0.5 18 19 -28.54141033656356 0.4314158075169524
0.25 0.5 19 20 -10.07641010984048 0.4037527792723483
0.25 0.5 20 21 4.546126094875035 0.3785181117208862
0.25 0.5 21 22 16.10408598377103 0.3554311326884014
0.25 0.5 22 23 25.20544529269921 0.3342512348144882
0.25 0.5 23 24 32.32901356033267 0.3147711984372531
0.25 0.5 24 25 37.85447928707299 0.2968117546562119
0.25 0.5 25 26 42.08480718752912 0.2802171432062437
0.25 0.5 26 27 45.26310314566183 0.2648514681274811
0.25 0.5 27 28 47.58543193077753 0.2505956962109189
0.25 0.5 28 29 49.21064306122685 0.2373451716933914
0.25 0.5 29 30 50.2679632310917 0.2250075506480277
0.25 0.5 30 31 50.86290639671904 0.2135010756380221
0.25 0.5 31 32 51.08190583152611 0.2027531283023773
0.25 0.5 32 33 50.99596762258136 0.1926990095924841
0.25 0.5 33 34 50.66356939779041 0.1832809078824607
0.25 0.5 34 35 50.1329728739567 0.1744470219215161
0.25 0.5 35 36 49.44407824394261 0.1661508134732697
0.25 0.5 36 37 48.62991826479595 0.1583503668779696
0.25 0.5 37 38 47.71786746118545 0.1510078390671937
0.25 0.5 38 39 46.73062484227358 0.1440889853301255
0.25 0.5 39 40 45.68701563497171 0.1375627489811371
0.25 0.5 40 41 44.60264786085179 0.1314009056791996
0.25 0.5 41 42 43.49045172107884 0.1255777531510822
0.25 0.5 42 43 42.36112427324031 0.1200698412792318
0.25 0.5 43 44 41.22349703676844 0.1148557348609733
0.25 0.5 44 45 40.08484076772226 0.1099158058544718
0.25 0.5 45 46 38.94990300394386 0.105613657708936
0.25 0.5 46 47 37.82584073191521 0.1033734054642617
0.25 0.5 47 48 36.71537739392915 0.1034003553322539
0.25 0.5 48 49 35.62169031078366 0.1055673882024084
0.25 0.5 49 50 34.5471128986762 0.1110956187959401
0.5 0.75 0 1 5942.515523635147 2.664148561839744
0.5 0.75 1 2 -1555.384201280016 2.06587503077588
0.5 0.75 2 3 -5471.110075020735 1.599808914883442
0.5 0.75 3 4 -4388.390495111877 1.544072506967644
0.5 0.75 4 5 -3219.259316511493 1.379606799833405
0.5 0.75 5 6 -2341.161911373914 1.222116115380051
0.5 0.75 6 7 -1714.610950313874 1.086533420016064
0.5 0.75 7 8 -1267.883909642863 0.971691348469517
0.5 0.75 8 9 -945.532834907734 0.8750076605175545
0.5 0.75 9 10 -709.4227740009023 0.7911538697759498
0.5 0.75 10 11 -533.8063081708888 0.7198889206357656
0.5 0.75 11 12 -401.5253778655192 0.6577122980613364
0.5 0.75 12 13 -300.7001289974914 0.6032938624088978
0.5 0.75 13 14 -223.0881523109217 0.5553364623325916
0.5 0.75 14 15 -162.8513086820058 0.5130922086150276
0.5 0.75 15 16 -115.7858064225068 0.4778409777280991
0.5 0.75 16 17 -78.8180525793307 0.4459065317033227
0.5 0.75 17 18 -49.66915119667783 0.4168919913006038
0.5 0.75 18 19 -26.62784628940699 0.3904546499337418
0.5 0.75 19 20 -8.394297929883805 0.3662988279962111
0.5 0.75 20 21 6.029112663740534 0.3441691663817358
0.5 0.75 21 22 17.41524410463876 0.3238446729972315
0.5 0.75 22 23 26.36790688380324 0.3051335834195242
0.5 0.75 23 24 33.36244778868468 0.2878689905783161
0.5 0.75 24 25 38.77566568530858 0.2719051559431378
0.5 0.75 25 26 42.90810491372304 0.2571144084025574
0.5 0.75 26 27 46.00083667038166 0.2433845388507526
0.5 0.75 27 28 48.24820926105383 0.2306166107743502
0.5 0.75 28 29 49.80761931363907 0.2187231161440399
0.5 0.75 29 30 50.80705976328159 0.2076264205356942
0.5 0.75 30 31 51.35099365560768 0.1972574463633174
0.5 0.75 31 32 51.52495647047647 0.1875545562250004
0.5 0.75 32 33 51.39918515538557 0.178462602052323
0.5 0.75 33 34 51.03149665262981 0.1699321130329041
0.5 0.75 34 35 50.46958370528523 0.16191860009973
0.5 0.75 35 36 49.7528553199565 0.1543819584667834
0.5 0.75 36 37 48.91391923204719 0.1472859514893345
0.5 0.75 37 38 47.97978138086177 0.1405977660841491
0.5 0.75 38 39 46.97282045316649 0.1342876258522766
0.5 0.75 39 40 45.91158273079003 0.1283284549293499
0.5 0.75 40 41 44.81143285156895 0.122695585208632
0.5 0.75 41 42 43.68508826531632 0.1173664998307717
0.5 0.75 42 43 42.54305972430637 0.1123206088467567
0.5 0.75 43 44 41.39401532301412 0.1075390510492673
0.5 0.75 44 45 40.24508222879069 0.1030045208081254
0.5 0.75 45 46 39.10089074701995 0.09910102641270946
0.5 0.75 46 47 37.96846836416563 0.09731841814399196
0.5 0.75 47 48 36.85044944135271 0.0978543593030255
0.5 0.75 48 49 35.7499244769437 0.1017181617189181
0.5 0.75 49 50 34.66914888761661 0.1097653878801697
0.75 1 0 1 5726.114810936951 1.91713580435021
0.75 1 1 2 -1753.561756977549 1.786818480288117
0.75 1 2 3 -5487.257131843795 1.593839506657996
0.75 1 3 4 -4375.938701360319 1.532268704761604
0.75 1 4 5 -3201.676993957935 1.368167453225307
0.75 1 5 6 -2323.815727363313 1.21261410626047
0.75 1 6 7 -1698.842227649616 1.079175953811213
0.75 1 7 8 -1253.93141698562 0.9664521214456948
0.75 1 8 9 -933.303019609134 0.8701428396176881
0.75 1 9 10 -698.7288922919097 0.7888364886039142
0.75 1 10 11 -524.4493779216896 0.7178092154308839
0.75 1 11 12 -393.3178497546378 0.6562491550048173
0.75 1 12 13 -293.4773828160714 0.6022871992316138
0.75 1 13 14 -216.7086604052759 0.5546676595217861
0.75 1 14 15 -157.1948023105272 0.512390663271704
0.75 1 15 16 -110.7505912582092 0.4746518427366513
0.75 1 16 17 -74.31826112130011 0.4407976428258439
0.75 1 17 18 -45.63223511350134 0.4102920549562485
0.75 1 18 19 -22.99240137176162 0.3826916368179524
0.75 1 19 20 -5.108224984663821 0.3576265644054111
0.75 1 20 21 9.010142566767172 0.3347861059717414
0.75 1 21 22 20.12906213479073 0.3139073790080877
0.75 1 22 23 28.84689873081948 0.2947665576760053
0.75 1 23 24 35.63442354566382 0.2771719388550659
0.75 1 24 25 40.86457971444611 0.2609584259758622
0.75 1 25 26 44.83465271714306 0.2459831052029601
0.75 1 26 27 47.78295099251386 0.2321216715909181
0.75 1 27 28 49.90147357310786 0.2192655215734871
0.75 1 28 29 51.3456134432148 0.2073193715864965
0.75 1 29 30 52.24164967010893 0.1961992949346447
0.75 1 30 31 52.69257511216597 0.1858310954550066
0.75 1 31 32 52.78266058734948 0.1761489504153457
0.75 1 32 33 52.58105223851931 0.1670942741091842
0.75 1 33 34 52.14462369268784 0.1586147606461701
0.75 1 34 35 51.52024984975304 0.1506635730925177
0.75 1 35 36 50.74662890512491 0.1431986562113599
0.75 1 36 37 49.85574932846623 0.1361821473230778
0.75 1 37 38 48.87407629275316 0.1295798741090723
0.75 1 38 39 47.82351520153242 0.1233609201993919
0.75 1 39 40 46.72219720577942 0.117497252552102
0.75 1 40 41 45.58512204119995 0.1119633962876703
0.75 1 41 42 44.42468574439874 0.106736154211324
0.75 1 42 43 43.25111538455434 0.1017943605695244
0.75 1 43 44 42.07282818467866 0.09711866772545519
0.75 1 44 45 40.89672903037433 0.09269135651610844
0.75 1 45 46 39.72726417680713 0.08926123433579303
0.75 1 46 47 38.57126247015339 0.08962572522545957
0.75 1 47 48 37.43121496465335 0.09387940456672279
0.75 1 48 49 36.31007236154196 0.1013178958190031
0.75 1 49 50 35.2099661112085 0.1091755451958181
1 1.25 0 1 5447.003356057717 1.571803359026913
1 1.25 1 2 -2014.198712553145 0.6527592754859699
1 1.25 2 3 -5512.868963486173 1.829582540336272
1 1.25 3 4 -4365.631669106495 1.781190079122978
1 1.25 4 5 -3185.359749835136 1.587401158730192
1 1.25 5 6 -2307.904205529005 1.398741429095426
1 1.25 6 7 -1684.763852955021 1.236330733640709
1 1.25 7 8 -1241.846616394258 1.099530827551912
1 1.25 8 9 -923.03217858378 0.9844421279070077
1 1.25 9 10 -690.0219738261503 0.8872026138550166
1 1.25 10 11 -517.0654337664027 0.8034793706571783
1 1.25 11 12 -387.0404851737021 0.7314477687590667
1 1.25 12 13 -288.1240324358423 0.6687889616360692
1 1.25 13 14 -212.1268487358095 0.6138782328292454
1 1.25 14 15 -153.2580618585289 0.5654342672645696
1 1.25 15 16 -107.3542607362099 0.5224366257207572
1 1.25 16 17 -71.37570867183808 0.4840643751354666
1 1.25 17 18 -43.0716455668171 0.4496505625011652
1 1.25 18 19 -20.7541127908687 0.4186482753567745
1 1.25 19 20 -3.142547735676317 0.3906051288595091
1 1.25 20 21 10.74470185921837 0.3651439033878646
1 1.25 21 22 21.66724447425258 0.3419477013096236
1 1.25 22 23 30.21786715422775 0.3207484573307732
1 1.25 23 24 36.86272000057477 0.3013179585438962
1 1.25 24 25 41.9709066067752 0.2834607639763053
1 1.25 25 26 45.83651306422155 0.2670085732105394
1 1.25 26 27 48.69517434697855 0.2518157116558199
1 1.25 27 28 50.73664943235826 0.2377554844816852
1 1.25 28 29 52.11444951427006 0.2247172099650911
1 1.25 29 30 52.95326891126717 0.2126037900977073
1 1.25 30 31 53.35476273130655 0.2013297090005101
1 1.25 31 32 53.40207000942576 0.1908193729821419
1 1.25 32 33 53.163377322781 0.1810057272664017
1 1.25 33 34 52.69474310657688 0.1718290964572576
1 1.25 34 35 52.04234840188587 0.1632362082626611
1 1.25 35 36 51.244299759321 0.155179367318294
1 1.25 36 37 50.33208030780378 0.1476157529098905
1 1.25 37 38 49.33172291050494 0.1405068195277168
1 1.25 38 39 48.26476258893967 0.133817783734357
1 1.25 39 40 47.14901273069927 0.1275171820894362
1 1.25 40 41 45.99920010230699 0.1215764898653252
1 1.25 41 42 44.82748597446647 0.1159697911234648
1 1.25 42 43 43.6438952899282 0.1106734910028415
1 1.25 43 44 42.4566710768824 0.1056660664633216
1 1.25 44 45 41.27256796808365 0.1009278463140389
1 1.25 45 46 40.09592142887709 0.09681754572453166
1 1.25 46 47 38.93341211770988 0.09474278698080363
1 1.25 47 48 37.78745346293735 0.09490545999296829
1 1.25 48 49 36.66091267121993 0.09773475957743642
1 1.25 49 50 35.55585220569753 0.1054520729763751
1.25 1.5 0 1 5117.45267519772 3.306973595222134
1.25 1.5 1 2 -2300.170475712338 4.166020260934116
1.25 1.5 2 3 -5513.846884356778 1.677009082669731
1.25 1.5 3 4 -4325.99298534913 1.6008321122
1.25 1.5 4 5 -3142.614739469397 1.425600867801812
1.25 1.5 5 6 -2269.760785619975 1.257899123604315
1.25 1.5 6 7 -1652.376119488107 1.113165942213216
1.25 1.5 7 8 -1214.762091962998 0.9909017611837598
1.25 1.5 8 9 -900.4648173730252 0.8868746509772072
1.25 1.5 9 10 -671.200215445323 0.7994926262738947
1.25 1.5 10 11 -501.3315069581126 0.7237231199917169
1.25 1.5 11 12 -373.8444691142254 0.6584730780145648
1.25 1.5 12 13 -277.020026907393 0.6016464074381039
1.25 1.5 13 14 -202.7535223147427 0.5518051087493966
1.25 1.5 14 15 -145.3223766581286 0.507807979031177
1.25 1.5 15 16 -100.6178047361266 0.4687418535591489
1.25 1.5 16 17 -65.64368300190404 0.4338694234431909
1.25 1.5 17 18 -38.18413952914034 0.4025899732899414
1.25 1.5 18 19 -16.57923084401273 0.3744098007658247
1.25 1.5 19 20 0.4290038017004463 0.348919802147786
1.25 1.5 20 21 13.80389009758869 0.3257783509323172
1.25 1.5 21 22 24.29010081928777 0.3046981121200064
1.25 1.5 22 23 32.46819009862872 0.285435789537319
1.25 1.5 23 24 38.79424082608443 0.2677840899346365
1.25 1.5 24 25 43.62903393050306 0.251565368790269
1.25 1.5 25 26 47.25974543405857 0.2384028807493803
1.25 1.5 26 27 49.91624977800279 0.2268287436319567
1.25 1.5 27 28 51.78348534493807 0.21601375695459
1.25 1.5 28 29 53.01091477885291 0.2058939577111363
1.25 1.5 29 30 53.71982071329603 0.1964118724346838
1.25 1.5 30 31 54.00897405941623 0.1875157798484347
1.25 1.5 31 32 53.95906822897382 0.1791590586722379
1.25 1.5 32 33 53.63621014549608 0.1712996125927881
1.25 1.5 33 34 53.09468502565841 0.1638993651522577
1.25 1.5 34 35 52.37915811422295 0.1569238147061774
1.25 1.5 35 36 51.52643708118472 0.1503416445254079
1.25 1.5 36 37 50.56688949845602 0.1441243788020393
1.25 1.5 37 38 49.5255880375193 0.1382460809084138
1.25 1.5 38 39 48.42323955137761 0.1326830868990055
1.25 1.5 39 40 47.27694173518944 0.1274137706820138
1.25 1.5 40 41 46.10080171614015 0.1224183370345309
1.25 1.5 41 42 44.90644334876498 0.1176786376362638
1.25 1.5 42 43 43.70342469895769 0.1131780089399038
1.25 1.5 43 44 42.49958256459763 0.1089011277292505
1.25 1.5 44 45 41.3013175962692 0.1048338829546312
1.25 1.5 45 46 40.11267813863631 0.101300329117155
1.25 1.5 46 47 38.94003080792695 0.09954614477441594
1.25 1.5 47 48 37.78557490386427 0.0997333851811794
1.25 1.5 48 49 36.65197105702194 0.1017515669174885
1.25 1.5 49 50 35.54109680288585 0.1043804728440672
1.5 1.75 0 1 4713.707641256889 0.9385383726785593
1.5 1.75 1 2 -2677.975646606368 0.7512150502560198
1.5 1.75 2 3 -5537.94552819604 1.694784345141168
1.5 1.75 3 4 -4290.338995887806 1.63905985092048
1.5 1.75 4 5 -3095.846644688691 1.465682978281465
1.5 1.75 5 6 -2223.966261686202 1.291335897526659
1.5 1.75 6 7 -1610.792135742431 1.138388194934533
1.5 1.75 7 8 -1178.001564305832 1.008473277398872
1.5 1.75 8 9 -868.2892321699555 0.8989865912561094
1.5 1.75 9 10 -643.1183279489196 0.8066435695246116
1.5 1.75 10 11 -476.8198056247093 0.7272922583722055
1.5 1.75 11 12 -352.4019049586202 0.6593174033628068
1.5 1.75 12 13 -258.207488378398 0.6004274846530002
1.5 1.75 13 14 -186.1933608101097 0.5490282629742474
1.5 1.75 14 15 -130.6937228235417 0.5038593531150738
1.5 1.75 15 16 -87.64942153674883 0.4639175523876379
1.5 1.75 16 17 -54.10659588115391 0.4283975755753611
1.5 1.75 17 18 -27.88490416225272 0.396647196210246
1.5 1.75 18 19 -7.354100515625532 0.3681334524675995
1.5 1.75 19 20 8.719001350510553 0.3424171200230366
1.5 1.75 20 21 21.27705368030843 0.3191333052461772
1.5 1.75 21 22 31.04745042490993 0.2979765797244865
1.5 1.75 22 23 38.59627000165301 0.2786894889358181
1.5 1.75 23 24 44.36743400240687 0.2610535960418491
1.5 1.75 24 25 48.71147541148571 0.2448824401614703
1.5 1.75 25 26 51.90690744370215 0.2300159530876026
1.5 1.75 26 27 54.17625838575736 0.2163159979037786
1.5 1.75 27 28 55.69821727890746 0.2036627772720877
1.5 1.75 28 29 56.61691389058547 0.191951920393916
1.5 1.75 29 30 57.04906613090031 0.1810921045165535
1.5 1.75 30 31 57.08952603931402 0.1710031011445686
1.5 1.75 31 32 56.81561285554898 0.161614160533303
1.5 1.75 32 33 56.29052012071645 0.1528626688810263
1.5 1.75 33 34 55.56601063421425 0.144693025964689
1.5 1.75 34 35 54.68455991217604 0.1370557022060825
1.5 1.75 35 36 53.68106979709898 0.1299064432091667
1.5 1.75 36 37 52.58424497008326 0.1232055945379914
1.5 1.75 37 38 51.41770365484996 0.1169175277458848
1.5 1.75 38 39 50.20087757044399 0.1110101484831799
1.5 1.75 39 40 48.94974392653927 0.105454476326862
1.5 1.75 40 41 47.67742306788557 0.1002242794574714
1.5 1.75 41 42 46.3946679447015 0.09529576320603365
1.5 1.75 42 43 45.11026637638207 0.09064729622942386
1.5 1.75 43 44 43.83137255541465 0.08625917469564126
1.5 1.75 44 45 42.5637810006244 0.08211341482893397
1.5 1.75 45 46 41.31102158599961 0.07890035742033615
1.5 1.75 46 47 40.07894514435742 0.07919971764667008
1.5 1.75 47 48 38.86934230851941 0.0830911037506056
1.5 1.75 48 49 37.68448977672088 0.08991898249856731
1.5 1.75 49 50 36.5259291022833 0.09712912808970643
1.75 2 0 1 4285.691213926567 1.075449807383346
1.75 2 1 2 -3058.198885431785 2.555476189883298
1.75 2 2 3 -5545.507927510544 2.791150273329544
1.75 2 3 4 -4248.018808076529 2.329685600248565
1.75 2 4 5 -3050.939346716487 1.934853856503612
1.75 2 5 6 -2184.968866389002 1.632624817107739
1.75 2 6 7 -1578.496551835582 1.400166819361954
1.75 2 7 8 -1151.574851157416 1.217742854229519
1.75 2 8 9 -846.6895827153139 1.070614704797107
1.75 2 9 10 -625.4184081812227 0.9511606364468199
1.75 2 10 11 -462.2593038353812 0.851123095616137
1.75 2 11 12 -340.3779182242829 0.766837257297727
1.75 2 12 13 -248.2408827772927 0.6948356793514469
1.75 2 13 14 -177.9034716290757 0.6326906885255171
1.75 2 14 15 -123.7767120832184 0.5785727579017439
1.75 2 15 16 -81.86141208099411 0.5310773568644145
1.75 2 16 17 -49.2507100259345 0.4891083347451253
1.75 2 17 18 -23.8013225627019 0.4517976208370365
1.75 2 18 19 -3.912411838313346 0.4184487686107455
1.75 2 19 20 11.62572176381946 0.388496495147991
1.75 2 20 21 23.7368577631795 0.3614771699652445
1.75 2 21 22 33.13313767927923 0.3370069437422491
1.75 2 22 23 40.36824753879569 0.314765302017894
1.75 2 23 24 45.87599071457237 0.294482533745109
1.75 2 24 25 49.99860134483629 0.2759300663181703
1.75 2 25 26 53.00775761309433 0.2589129299490937
1.75 2 26 27 55.12033673346116 0.2432638213224982
1.75 2 27 28 56.51033895906914 0.2288383839287556
1.75 2 28 29 57.31799092005247 0.2155114232767343
1.75 2 29 30 57.65675152025415 0.2031738469906134
1.75 2 30 31 57.61874395157429 0.1917301733071621
1.75 2 31 32 57.27899654470895 0.181096487768858
1.75 2 32 33 56.69877491443674 0.1711987565776431
1.75 2 33 34 55.92821574705954 0.1619714266980065
1.75 2 34 35 55.00842014287565 0.1533562563464709
1.75 2 35 36 53.97312601942923 0.1453013337505805
1.75 2 36 37 52.85005063004081 0.1377602488627092
1.75 2 37 38 51.66197313060877 0.1306913919264263
1.75 2 38 39 50.42761117521746 0.124057355622769
1.75 2 39 40 49.16233346805711 0.1178244244827202
1.75 2 40 41 47.87874117377532 0.1119621363467059
1.75 2 41 42 46.58714380524958 0.1064429048167975
1.75 2 42 43 45.29595008790744 0.1012416924861272
1.75 2 43 44 44.01198987979538 0.09633572759626988
1.75 2 44 45 42.74078004678049 0.09170425788977976
1.75 2 45 46 41.4856443613678 0.08769020313945776
1.75 2 46 47 40.25216856549972 0.08564494901795254
1.75 2 47 48 39.04200068100741 0.08575172191461539
1.75 2 48 49 37.85726789748801 0.09086560879789637
1.75 2 49 50 36.6993769605894 0.09771989704273157
2 2.25 0 1 3810.554346343058 1.058291582224798
2 2.25 1 2 -3464.353221182138 0.875714970544384
2 2.25 2 3 -5536.297688082677 1.661436544326648
2 2.25 3 4 -4172.705841680538 1.535547792184623
2 2.25 4 5 -2967.032072748068 1.35345696270081
2 2.25 5 6 -2106.614727484443 1.192700721590985
2 2.25 6 7 -1509.041472495527 1.058038903479261
2 2.25 7 8 -1091.166061589548 0.944873492813317
2 2.25 8 9 -794.4862957340774 0.849600475898181
2 2.25 9 10 -580.3518327975585 0.7683603744086969
2 2.25 10 11 -423.3104686776401 0.6978026925467652
2 2.25 11 12 -306.6188951644242 0.6367017763980383
2 2.25 12 13 -218.8831417234164 0.5832002391089895
2 2.25 13 14 -152.2828121282641 0.5360418676174056
2 2.25 14 15 -101.3374973755742 0.4942264172258604
2 2.25 15 16 -62.13965859856035 0.4569486765408615
2 2.25 16 17 -31.85860623214603 0.4235538648599166
2 2.25 17 18 -8.413937155079566 0.3935045764126238
2 2.25 18 19 9.743380015169578 0.3663559711744492
2 2.25 19 20 23.78033137375974 0.3417369340366876
2 2.25 20 21 34.58540131951747 0.3193356035755547
2 2.25 21 22 42.8414764381173 0.2988881495616399
2 2.25 22 23 49.07790865431298 0.2801699796199035
2 2.25 23 24 53.70818445986583 0.2629887934042126
2 2.25 24 25 57.05751028410918 0.2471790486386782
2 2.25 25 26 59.38323889064509 0.232597518466509
2 2.25 26 27 60.89015034869396 0.2191196978990844
2 2.25 27 28 61.74199211244104 0.2066368790226373
2 2.25 28 29 62.07027035978865 0.1950537530081028
2 2.25 29 30 61.9810014358203 0.1842864336188031
2 2.25 30 31 61.55993557492508 0.1742608172932171
2 2.25 31 32 60.87662660515338 0.1649112169325644
2 2.25 32 33 59.98762295036323 0.1561792156216486
2 2.25 33 34 58.93898458696577 0.1480127021986729
2 2.25 34 35 57.76827934087959 0.1403650544998104
2 2.25 35 36 56.50617439537888 0.1331944459952465
2 2.25 36 37 55.17771115141051 0.1264632533961449
2 2.25 37 38 53.80333102320839 0.1201375500671418
2 2.25 38 39 52.39970424474393 0.1141866690926574
2 2.25 39 40 50.98040207352017 0.1085828283357325
2 2.25 40 41 49.55644402991396 0.1033008028547314
2 2.25 41 42 48.13674476745484 0.09831764384538347
2 2.25 42 43 46.72848022111515 0.09361243046073496
2 2.25 43 44 45.33738842491408 0.08916605518966819
2 2.25 44 45 43.96801731600266 0.0849610348890915
2 2.25 45 46 42.62285216795706 0.08163968102226311
2 2.25 46 47 41.30666825339722 0.08160057405810245
2 2.25 47 48 40.02045167602583 0.08490629294814045
2 2.25 48 49 38.76571764456912 0.09093407188807646
2 2.25 49 50 37.54332769425443 0.09730791065022854
2.25 2.5 0 1 3305.170736091437 1.855912625015542
2.25 2.5 1 2 -3872.695260445093 0.9630253984011962
2.25 2.5 2 3 -5488.229154275347 1.692632749188998
2.25 2.5 3 4 -4065.174206726249 1.558757194859809
2.25 2.5 4 5 -2862.802983461916 1.374981996456494
2.25 2.5 5 6 -2017.420495059664 1.24675149101221
2.25 2.5 6 7 -1435.198257574295 1.122467224516956
2.25 2.5 7 8 -1030.517731566079 1.010661910936238
2.25 2.5 8 9 -744.639136448433 0.9130425254907032
2.25 2.5 9 10 -539.2237835677429 0.8279580760758867
2.25 2.5 10 11 -389.2259355438366 0.7532874292308426
2.25 2.5 11 12 -278.2319642988077 0.6880740842654212
2.25 2.5 12 13 -195.1341161859382 0.6307037346424834
2.25 2.5 13 14 -132.332177231742 0.579990082891216
2.25 2.5 14 15 -84.51662679729793 0.534945869560788
2.25 2.5 15 16 -47.91255161707295 0.4947527971974838
2.25 2.5 16 17 -19.79264505138303 0.4587320264512924
2.25 2.5 17 18 1.842395765846277 0.4263185422605331
2.25 2.5 18 19 18.47753039278359 0.3970399363696783
2.25 2.5 19 20 31.22876040287463 0.3704992156823443
2.25 2.5 20 21 40.9437140204958 0.346360993595738
2.25 2.5 21 22 48.27231818458301 0.324340426453827
2.25 2.5 22 23 53.71716743230968 0.3041943400426189
2.25 2.5 23 24 57.66989755843554 0.2857140925492982
2.25 2.5 24 25 60.43777277584115 0.2687198099036941
2.25 2.5 25 26 62.26333722793788 0.2530557086704853
2.25 2.5 26 27 63.33909004425982 0.2385862818188845
2.25 2.5 27 28 63.81854832639101 0.225193172485821
2.25 2.5 28 29 63.82466034441666 0.212772598364264
2.25 2.5 29 30 63.45625540429234 0.2012332195539355
2.25 2.5 30 31 62.79302565016508 0.1904943635365762
2.25 2.5 31 32 61.89940063987876 0.1804845421309083
2.25 2.5 32 33 60.8275801493225 0.171140204940634
2.25 2.5 33 34 59.61992225227539 0.1624046884740169
2.25 2.5 34 35 58.31083414950444 0.1542273251423551
2.25 2.5 35 36 56.92827699405785 0.1465626856987509
2.25 2.5 36 37 55.49496922244322 0.1393699323371397
2.25 2.5 37 38 54.02935309627253 0.1326122638719941
2.25 2.5 38 39 52.54637424663883 0.1262564385990398
2.25 2.5 39 40 51.05811278107893 0.1202723626093939
2.25 2.5 40 41 49.57429612219778 0.1146327331767492
2.25 2.5 41 42 48.10271699693087 0.1093127287129387
2.25 2.5 42 43 46.64957525897452 0.1042897393661352
2.25 2.5 43 44 45.21975816103495 0.09954313036429889
2.25 2.5 44 45 43.81707076034448 0.0950540362890893
2.25 2.5 45 46 42.44338434760857 0.09112386041218612
2.25 2.5 46 47 41.10283659932952 0.08892985986800882
2.25 2.5 47 48 39.79595031838628 0.08860829698843339
2.25 2.5 48 49 38.52380236990811 0.09001215693493976
2.25 2.5 49 50 37.28686925806321 0.0931526693664087
2.5 2.75 0 1 2746.598664578122 2.582932010723806
2.5 2.75 1 2 -4313.133304027893 1.105808180323297
2.5 2.75 2 3 -5432.049620204474 2.447536138066018
2.5 2.75 3 4 -3944.691037833976 2.474689355484751
2.5 2.75 4 5 -2744.323008769666 2.220251690267545
2.5 2.75 5 6 -1913.861463549849 1.953639297455289
2.5 2.75 6 7 -1347.582881708714 1.719458417891786
2.5 2.75 7 8 -957.0515603451563 1.52111777130132
2.5 2.75 8 9 -683.0658640266852 1.353968842364037
2.5 2.75 9 10 -487.4667741216767 1.213011746518859
2.5 2.75 10 11 -345.5494921381933 1.092607658423298
2.5 2.75 11 12 -241.2035996964503 0.9893619822749801
2.5 2.75 12 13 -163.5991403042869 0.9000527753583684
2.5 2.75 13 14 -105.3584562305641 0.8222358518596786
2.5 2.75 14 15 -61.34989944004883 0.7539760782948548
2.5 2.75 15 16 -27.93983230160893 0.6937306363922451
2.5 2.75 16 17 -2.513161953290364 0.6402593262939029
2.5 2.75 17 18 16.84000051610406 0.5925566494273199
2.5 2.75 18 19 31.53303087143377 0.5498004954105162
2.5 2.75 19 20 42.62430990403959 0.5113132335335607
2.5 2.75 20 21 50.91482094981484 0.4765320224067535
2.5 2.75 21 22 57.0165170319766 0.4449859801699338
2.5 2.75 22 23 61.40090700890471 0.4162784873397097
2.5 2.75 23 24 64.43404458278167 0.3900733552939902
2.5 2.75 24 25 66.40203440076209 0.3660839286493635
2.5 2.75 25 26 67.52983477227065 0.3440644318407868
2.5 2.75 26 27 67.99526242198897 0.3238030458966987
2.5 2.75 27 28 67.93952307642166 0.30511633024007
2.5 2.75 28 29 67.4751994103591 0.2878446967203696
2.5 2.75 29 30 66.69235940312592 0.2718487145016334
2.5 2.75 30 31 65.66326244946214 0.2570060738746935
2.5 2.75 31 32 64.44601026988835 0.2432090776986909
2.5 2.75 32 33 63.08739739852848 0.2303625569228717
2.5 2.75 33 34 61.62514998016792 0.2183821296596284
2.5 2.75 34 35 60.08969383884858 0.2071927396893377
2.5 2.75 35 36 58.50555793972876 0.1967274243219371
2.5 2.75 36 37 56.89249369803343 0.1869262705019205
2.5 2.75 37 38 55.26637161241848 0.1777355269247204
2.5 2.75 38 39 53.63990243608606 0.1691068454982469
2.5 2.75 39 40 52.02321937837928 0.16099663138345
2.5 2.75 40 41 50.42434982994922 0.1533654835854332
2.5 2.75 41 42 48.84959869076818 0.1461777118516254
2.5 2.75 42 43 47.30386086766865 0.1394009178792548
2.5 2.75 43 44 45.79087667936301 0.1330056325128465
2.5 2.75 44 45 44.31344110386522 0.1269649976581215
2.5 2.75 45 46 42.87257003191735 0.1214759675698816
2.5 2.75 46 47 41.47154403679539 0.117350715367585
2.5 2.75 47 48 40.11022453009872 0.1147029506775488
2.5 2.75 48 49 38.78907008688427 0.1134768671850802
2.5 2.75 49 50 37.50800767887122 0.112865787563259
2.75 3 0 1 2127.119004803392 2.182436317238585
2.75 3 1 2 -4750.582368823824 3.646163811800522
2.75 3 2 3 -5317.546793651543 5.670244678078471
2.75 3 3 4 -3769.250979626928 4.95256754696188
2.75 3 4 5 -2581.113837200941 4.161087909420966
2.75 3 5 6 -1775.284899969851 3.513017768093355
2.75 3 6 7 -1232.794214609712 3.000217371165954
2.75 3 7 8 -862.4757242947808 2.592229168737719
2.75 3 8 9 -605.001702722509 2.26313356652995
2.75 3 9 10 -422.7665573667275 1.994445827723358
2.75 3 10 11 -291.7247733867277 1.77046598193751
2.75 3 11 12 -196.1277715311426 1.583200797417238
2.75 3 12 13 -125.6930587677712 1.423959830943598
2.75 3 13 14 -73.34210156065456 1.287434948546473
2.75 3 14 15 -34.20188942520895 1.169374837323809
2.75 3 15 16 -4.840004035898573 1.066497778489222
2.75 3 16 17 17.20149942514104 0.9762357499292521
2.75 3 17 18 33.70906315519142 0.8965539107564205
2.75 3 18 19 45.99843967305083 0.8258213446099438
2.75 3 19 20 55.05027046667533 0.7627171380398536
2.75 3 20 21 61.60320648524009 0.7061611731343725
2.75 3 21 22 66.21888863495383 0.6552624558741845
2.75 3 22 23 69.32795784488337 0.6092800602147642
2.75 3 23 24 71.26307174318822 0.5675932685752707
2.75 3 24 25 72.28289013201083 0.5296784992846709
2.75 3 25 26 72.58969706741937 0.4950913011827451
2.75 3 26 27 72.34248257749061 0.4634521725802135
2.75 3 27 28 71.6667467567791 0.4344352961399493
2.75 3 28 29 70.66191222328968 0.4077595182372772
2.75 3 29 30 69.40697380659208 0.3831810710291434
2.75 3 30 31 67.96483696135658 0.360487659737295
2.75 3 31 32 66.38567228276196 0.3394936267397823
2.75 3 32 33 64.7095258243416 0.3200359724794601
2.75 3 33 34 62.96836231971741 0.3019710620141318
2.75 3 34 35 61.18767324517574 0.2851718837925393
2.75 3 35 36 59.38774878858447 0.2695257571206582
2.75 3 36 37 57.58468864576656 0.2549324044302139
2.75 3 37 38 55.79120874093036 0.2413023235952196
2.75 3 38 39 54.01728761329832 0.2285554072109973
2.75 3 39 40 52.27068619012775 0.2166197666046552
2.75 3 40 41 50.55736721243548 0.2054307260489396
2.75 3 41 42 48.88183460864914 0.1949299597524058
2.75 3 42 43 47.24740892718114 0.1850647481923169
2.75 3 43 44 45.65645139268503 0.1757873354958221
2.75 3 44 45 44.11054656240688 0.1670543719955106
2.75 3 45 46 42.60969087197245 0.1589814117955853
2.75 3 46 47 41.15613853335202 0.1521217091423877
2.75 3 47 48 39.7489693744655 0.1465543479477459
2.75 3 48 49 38.38791173250488 0.1422531443874845
2.75 3 49 50 37.07224520614906 0.1386509036495967
3 3.25 0 1 1447.797026885786 1.330353642649891
3 3.25 1 2 -5116.01778714087 8.64229742078715
3 3.25 2 3 -5089.97974953864 9.705604516158694
3 3.25 3 4 -3503.918016956882 8.018576435172674
3 3.25 4 5 -2351.140328592041 6.558799771799215
3 3.25 5 6 -1587.6720420301 5.443028699246054
3 3.25 6 7 -1081.878375790621 4.590518477253967
3 3.25 7 8 -741.1136265562563 3.927290898492152
3 3.25 8 9 -506.9821379266361 3.401107864789127
3 3.25 9 10 -343.1338566212316 2.975700419828949
3 3.25 10 11 -226.6334509640703 2.626386853486256
3 3.25 11 12 -142.6703889371749 2.335607608087111
3 3.25 12 13 -81.56839916332297 2.090451181508321
3 3.25 13 14 -36.77535378740413 1.8816090459243
3 3.25 14 15 -3.80069167722354 1.702040174050425
3 3.25 15 16 20.49731760322584 1.546367845407872
3 3.25 16 17 38.3539276347808 1.410423180095143
3 3.25 17 18 51.38349465131353 1.290929112733756
3 3.25 18 19 60.76761836696835 1.18527749387236
3 3.25 19 20 67.38146202814949 1.091369143139205
3 3.25 20 21 71.88006624511149 1.007497237554461
3 3.25 21 22 74.75828584258318 0.9322610448763443
3 3.25 22 23 76.39303035578757 0.8645012438607919
3 3.25 23 24 77.07343851799885 0.8032508280364981
3 3.25 24 25 77.02270208208381 0.7476974125548621
3 3.25 25 26 76.41402996896676 0.6971539901242763
3 3.25 26 27 75.38244813176402 0.6510360209525726
3 3.25 27 28 74.03360497185179 0.608843322328158
3 3.25 28 29 72.45040009905972 0.5701456317037175
3 3.25 29 30 70.69801482716213 0.534571008269937
3 3.25 30 31 68.82775822050917 0.5017964465293634
3 3.25 31 32 66.88002771769794 0.4715402282611174
3 3.25 32 33 64.88660254271082 0.4435556506624684
3 3.25 33 34 62.87243058380352 0.417625852533451
3 3.25 34 35 60.85702805232944 0.3935595215584168
3 3.25 35 36 58.85558120861458 0.371187314025153
3 3.25 36 37 56.87981745661645 0.3503588535315401
3 3.25 37 38 54.93869693298191 0.3309402031646527
3 3.25 38 39 53.03896362226305 0.3128117266823147
3 3.25 39 40 51.18558599099777 0.2958662714546917
3 3.25 40 41 49.38211042306432 0.2800076179224362
3 3.25 41 42 47.63094538832405 0.2651491522032203
3 3.25 42 43 45.93359052016075 0.2512127245591622
3 3.25 43 44 44.29082163784767 0.2381276654029194
3 3.25 44 45 42.702840423975 0.2258299330796993
3 3.25 45 46 41.16849755977034 0.2143648290821072
3 3.25 46 47 39.68886428125788 0.2040736284525903
3 3.25 47 48 38.26215761428912 0.1949871737791666
3 3.25 48 49 36.88729383612173 0.1870738716955493
3 3.25 49 50 35.56283730693625 0.1799415532497839
3.25 3.5 0 1 734.7398270814738 0.459068523739913
3.25 3.5 1 2 -5291.164784367855 19.1012085586235
3.25 3.5 2 3 -4677.640003636785 15.61001556621256
3.25 3.5 3 4 -3107.407041592544 11.90218964209804
3.25 3.5 4 5 -2030.783449028155 9.332755090012327
3.25 3.5 5 6 -1337.847214523625 7.529441764680003
3.25 3.5 6 7 -887.9574414022641 6.216388923990688
3.25 3.5 7 8 -589.9532082062622 5.227361331113359
3.25 3.5 8 9 -388.3894812702579 4.461103500880644
3.25 3.5 9 10 -249.4575276099313 3.853357306508945
3.25 3.5 10 11 -152.1380620966672 3.361991177974653
3.25 3.5 11 12 -83.19861410434441 2.958116834814041
3.25 3.5 12 13 -33.94991390090377 2.621610521497082
3.25 3.5 13 14 1.44329768374655 2.337851555797867
3.25 3.5 14 15 26.88562981463133 2.096105400648651
3.25 3.5 15 16 45.10367707712385 1.888289746101696
3.25 3.5 16 17 58.02094877657714 1.70821904311881
3.25 3.5 17 18 67.01509268251971 1.551086029280231
3.25 3.5 18 19 73.08606524304946 1.413103130532831
3.25 3.5 19 20 76.96825215207934 1.291249376046745
3.25 3.5 20 21 79.20657687587061 1.183088507534495
3.25 3.5 21 22 80.20902102301579 1.086636097558038
3.25 3.5 22 23 80.28341564143363 1.000261020508199
3.25 3.5 23 24 79.66356937176295 0.9226114029902713
3.25 3.5 24 25 78.52805716658401 0.8525582812409275
3.25 3.5 25 26 77.01388605301645 0.7891522444925406
3.25 3.5 26 27 75.22653881751933 0.731589722381511
3.25 3.5 27 28 73.24742620336457 0.6791865188866437
3.25 3.5 28 29 71.13946469234224 0.6313568494425892
3.25 3.5 29 30 68.95128471262922 0.5875965999093288
3.25 3.5 30 31 66.72042885568277 0.5474698539326737
3.25 3.5 31 32 64.47579879446653 0.5105979727493948
3.25 3.5 32 33 62.23953885975413 0.4766506845736768
3.25 3.5 33 34 60.02849407819011 0.4453387678355252
3.25 3.5 34 35 57.85534455507502 0.4164080078781187
3.25 3.5 35 36 55.7294921146798 0.3896341776375426
3.25 3.5 36 37 53.65775617362016 0.3648188469396574
3.25 3.5 37 38 51.64492193369276 0.3417858665413745
3.25 3.5 38 39 49.69417364848084 0.3203784042853184
3.25 3.5 39 40 47.80743801433337 0.3004564356894133
3.25 3.5 40 41 45.98565704899963 0.2818946105253615
3.25 3.5 41 42 44.22900529871808 0.2645804315637845
3.25 3.5 42 43 42.53706304711235 0.2484126942433448
3.25 3.5 43 44 40.90895458212105 0.2333001447493308
3.25 3.5 44 45 39.34345861615125 0.2191603222492426
3.25 3.5 45 46 37.83828993793797 0.2060113871677046
3.25 3.5 46 47 36.39327500622063 0.1941441714552253
3.25 3.5 47 48 35.00580884201162 0.1835793922281315
3.25 3.5 48 49 33.67401747630612 0.1742844636275649
3.25 3.5 49 50 32.39578108898155 0.165898644934812
3.5 3.75 0 1 70.52800210839877 1.784747459915317
3.5 3.75 1 2 -5085.480866951198 25.60842723785769
3.5 3.75 2 3 -3999.613569685476 17.41788820739977
3.5 3.75 3 4 -2546.819827484823 12.47559532366808
3.5 3.75 4 5 -1609.642228989444 9.438028640503818
3.5 3.75 5 6 -1026.094503085185 7.42636664445387
3.5 3.75 6 7 -656.3658845391199 6.013619732850653
3.5 3.75 7 8 -416.5869497595454 4.976435537922884
3.5 3.75 8 9 -257.6450425572521 4.188431027800666
3.5 3.75 9 10 -150.3057921962791 3.573503937132796
3.5 3.75 10 11 -76.72259148301191 3.082993538653493
3.5 3.75 11 12 -25.57268778346065 2.68330754819488
3.5 3.75 12 13 9.932066336398748 2.355347717649042
3.5 3.75 13 14 34.46425429045462 2.080357445214111
3.5 3.75 14 15 51.52569121369368 1.848234987581342
3.5 3.75 15 16 63.14252825432141 1.650233699071867
3.5 3.75 16 17 70.83013990508198 1.479905512482713
3.5 3.75 17 18 75.66205327495038 1.332285370645875
3.5 3.75 18 19 78.40885466157283 1.203493794908747
3.5 3.75 19 20 79.63001233921204 1.090459781887491
3.5 3.75 20 21 79.73570408511688 0.9907237742280974
3.5 3.75 21 22 79.02915169391929 0.9022950876391046
3.5 3.75 22 23 77.73605300910833 0.8235471014170235
3.5 3.75 23 24 76.02532848969366 0.7531391007857899
3.5 3.75 24 25 74.02393000024261 0.689957231784339
3.5 3.75 25 26 71.82753227135407 0.6330693621112892
3.5 3.75 26 27 69.5083320667614 0.5816901953799162
3.5 3.75 27 28 67.12079120063947 0.5351540384260857
3.5 3.75 28 29 64.70590178754264 0.4928933449720784
3.5 3.75 29 30 62.29437860367261 0.4544216653350754
3.5 3.75 30 31 59.90906531392534 0.4193199889302324
3.5 3.75 31 32 57.56675971294578 0.387225723143173
3.5 3.75 32 33 55.27960619964043 0.3578237381860427
3.5 3.75 33 34 53.0561635502311 0.3308390430351802
3.5 3.75 34 35 50.90222743702435 0.3060307593122882
3.5 3.75 35 36 48.82146655086675 0.2831871346509007
3.5 3.75 36 37 46.81591625036194 0.2621213940487002
3.5 3.75 37 38 44.88636275892384 0.2426682711773616
3.5 3.75 38 39 43.03264286226684 0.224681094176309
3.5 3.75 39 40 41.2538780713333 0.2080293265668104
3.5 3.75 40 41 39.54865782458343 0.1925964832517635
3.5 3.75 41 42 37.91518282139536 0.1782783577620455
3.5 3.75 42 43 36.35137714955191 0.1649815081756917
3.5 3.75 43 44 34.85497589884338 0.1526219601092723
3.5 3.75 44 45 33.42359344188915 0.1411240916227037
3.5 3.75 45 46 32.05410197385611 0.130535128202165
3.5 3.75 46 47 30.74524827546954 0.1212498999632043
3.5 3.75 47 48 29.49388411429513 0.113337931434715
3.5 3.75 48 49 28.29757373748983 0.1067971870780338
3.5 3.75 49 50 27.15373723429575 0.1012042984532621
3.75 4 0 1 -429.2040489160175 2.03076398440341
3.75 4 1 2 -4351.779002185263 29.88363855394056
3.75 4 2 3 -3034.536637156246 14.39371012717356
3.75 4 3 4 -1832.092951386459 8.637991500181359
3.75 4 4 5 -1106.633714832442 5.761892764303536
3.75 4 5 6 -672.9102412525369 4.09186823921135
3.75 4 6 7 -406.5558400822683 3.028003824557509
3.75 4 7 8 -238.5735735797423 2.306152119719056
3.75 4 8 9 -130.1924248043263 1.793101191073542
3.75 4 9 10 -59.02934037041655 1.415789406066808
3.75 4 10 11 -11.83517299606808 1.133932658024872
3.75 4 11 12 19.66244446623682 0.9161693892137779
3.75 4 12 13 40.71024298577049 0.7318243803522054
3.75 4 13 14 54.54743871582059 0.6080741632047417
3.75 4 14 15 63.31596336486496 0.4945756427362941
3.75 4 15 16 68.66843345685925 0.4064211598549949
3.75 4 16 17 71.57902598528977 0.3352399072979033
3.75 4 17 18 72.76677060994973 0.2779413617686858
3.75 4 18 19 72.73962880575317 0.2322688840047293
3.75 4 19 20 71.86022180438346 0.2126879831083843
3.75 4 20 21 70.38962757590269 0.1975543375713906
3.75 4 21 22 68.51706544111403 0.183804737882263
3.75 4 22 23 66.38032703719813 0.1712750306645197
3.75 4 23 24 64.08003428314163 0.1598250929925599
3.75 4 24 25 61.68971428830747 0.1493346964940789
3.75 4 25 26 59.26299875723331 0.1397001783129946
3.75 4 26 27 56.83882077315764 0.1308317456774706
3.75 4 27 28 54.44520012103467 0.1282815865900437
3.75 4 28 29 52.10202295942148 0.1308901926031666
3.75 4 29 30 49.82309777040504 0.1336524901423198
3.75 4 30 31 47.61768576923322 0.1363455719166086
3.75 4 31 32 45.49164648683777 0.1388371009808441
3.75 4 32 33 43.44829941961117 0.1410543717374971
3.75 4 33 34 41.48907474227428 0.1429630116372126
3.75 4 34 35 39.61400633180324 0.144552783927318
3.75 4 35 36 37.82210623047003 0.1458282826052685
3.75 4 36 37 36.11164951372982 0.1468028913858488
3.75 4 37 38 34.48039115149932 0.1474948882121701
3.75 4 38 39 32.92573103406268 0.1479249509424766
3.75 4 39 40 31.44483934257232 0.1481145782666619
3.75 4 40 41 30.03475153665006 0.1480851067696
3.75 4 41 42 28.69243994440856 0.1478571175298247
3.75 4 42 43 27.41486734972061 0.1474500964758612
3.75 4 43 44 26.19902671259199 0.1468822593563625
3.75 4 44 45 25.04197016927946 0.1461704824256987
3.75 4 45 46 23.94032926453461 0.1454017425093333
3.75 4 46 47 22.89221180899857 0.1448371831669396
3.75 4 47 48 21.8944530562503 0.1444899429390809
3.75 4 48 49 20.94450524150113 0.1443311861705838
3.75 4 49 50 20.0397566086442 0.144147872484212
4 5 0 1 -1207.519914381847 3.833922284439451
4 5 1 2 -4882.395865744667 10.7442623741138
4 5 2 3 -2797.986121505258 6.830068081735083
4 5 3 4 -1463.847389516086 4.838771721978946
4 5 4 5 -757.3694727367347 3.531353058960929
4 5 5 6 -378.0552911658508 2.675508779588449
4 5 6 7 -166.0437115577249 2.133776783993394
4 5 7 8 -44.18970139357361 1.765407712184159
4 5 8 9 26.85012421385682 1.491478681780642
4 5 9 10 68.20521672993107 1.276609901056551
4 5 10 11 91.69996321896178 1.107246780160225
4 5 11 12 104.2445557776534 0.9720084708290285
4 5 12 13 109.9806555055891 0.8589129472010231
4 5 13 14 111.4364411508265 0.7621113899152491
4 5 14 15 110.1992209262514 0.6802898321647119
4 5 15 16 107.2930378351776 0.6111244398200882
4 5 16 17 103.3880211596781 0.5516930292557869
4 5 17 18 98.92222800184589 0.4996177906375528
4 5 18 19 94.18182017075463 0.4535708001871714
4 5 19 20 89.35443255840732 0.4128327743415699
4 5 20 21 84.56318152704716 0.3767944933627825
4 5 21 22 79.88784310271654 0.3448050351933007
4 5 22 23 75.37844588082655 0.3162389769540394
4 5 23 24 71.0644964254503 0.2905770173774367
4 5 24 25 66.96146449687805 0.2674223818493321
4 5 25 26 63.07534966042616 0.2464715971821957
4 5 26 27 59.40584852232138 0.2274776888268824
4 5 27 28 55.94852251388753 0.2102260227821627
4 5 28 29 52.69627809399196 0.194524336367462
4 5 29 30 49.64038488678162 0.1802007780164685
4 5 30 31 46.7711830439804 0.1671041209294405
4 5 31 32 44.07857716253311 0.1551032294524163
4 5 32 33 41.55237958302153 0.144085226681429
4 5 33 34 39.1825452360583 0.1339528824068386
4 5 34 35 36.95932780611625 0.1246218983237525
4 5 35 36 34.87337899790606 0.1160185278131939
4 5 36 37 32.91580710062019 0.1080776911338831
4 5 37 38 31.07820685408259 0.1007415616765452
4 5 38 39 29.35266940570466 0.09395851897975316
4 5 39 40 27.73177870012967 0.08768235562068949
4 5 40 41 26.20859887661674 0.08187164713407545
4 5 41 42 24.77665585582775 0.07648922514678549
4 5 42 43 23.42991539471809 0.07150171736890737
4 5 43 44 22.16275922245922 0.06687913741063557
4 5 44 45 20.96996033481834 0.06259451498334163
4 5 45 46 19.84616200392876 0.0590707626221036
4 5 46 47 18.78749557100977 0.05791186582741677
4 5 47 48 17.78930609720953 0.05935048091620927
4 5 48 49 16.84773482761311 0.06330580940465433
4 5 49 50 15.958795546623 0.06760015397003737
-5 5 0 50 -549326.1284984729 98.03019336683963
