#ylo yhi qTlo qThi PDF0  uncertainty
-5 -4 0 1 -1058.182692787128 3.052248204852636
-5 -4 1 2 -4648.745129357532 7.651451748418899
-5 -4 2 3 -2691.28531190644 5.322579636531227
-5 -4 3 4 -1471.770321124028 4.002867721043702
-5 -4 4 5 -804.2772069776008 3.065403791333051
-5 -4 5 6 -429.7111921214357 2.25658206354398
-5 -4 6 7 -213.0987312744978 1.765354762584994
-5 -4 7 8 -84.41658444053269 1.469586091084312
-5 -4 8 9 -6.481334420353505 1.243211453280569
-5 -4 9 10 40.75373085265107 1.058077230992921
-5 -4 10 11 69.06845343265309 0.9288078308911207
-5 -4 11 12 85.71967614536538 0.826757179664346
-5 -4 12 13 94.85743825911254 0.7263287616088546
-5 -4 13 14 99.007450968429 0.6464494066036485
-5 -4 14 15 99.95326931945203 0.5921287706375731
-5 -4 15 16 98.90284535698595 0.545626802637397
-5 -4 16 17 96.57891630537881 0.4956821513560609
-5 -4 17 18 93.42493129081458 0.448552654943039
-5 -4 18 19 89.76134085362247 0.4108813725611327
-5 -4 19 20 85.83192198614893 0.3815015517095489
-5 -4 20 21 81.80592239534275 0.3558162024487594
-5 -4 21 22 77.78865726969428 0.3309459944587322
-5 -4 22 23 73.84324956222687 0.3068659916911459
-5 -4 23 24 70.00965045870689 0.2846703193684645
-5 -4 24 25 66.3148507457158 0.2649891950280596
-5 -4 25 26 62.77666263763666 0.2476724800829794
-5 -4 26 27 59.40518714566443 0.2321788750857054
-5 -4 27 28 56.20419835551121 0.2179903314438356
-5 -4 28 29 53.17281493766723 0.2047929169438852
-5 -4 29 30 50.30711091362618 0.1924607056477961
-5 -4 30 31 47.60136332747086 0.1809645614566273
-5 -4 31 32 45.04887405554092 0.1702934882289716
-5 -4 32 33 42.64245759462386 0.16041692740397
-5 -4 33 34 40.37472185708647 0.1512798881051515
-5 -4 34 35 38.23823969152271 0.1428132461887318
-5 -4 35 36 36.22566661661045 0.1349460173359757
-5 -4 36 37 34.32982918865456 0.1276136463438826
-5 -4 37 38 32.54379227326836 0.120761440820857
-5 -4 38 39 30.86090767747282 0.1143445384697696
-5 -4 39 40 29.27484580814247 0.1083261729133274
-5 -4 40 41 27.77961276355907 0.1026755456538463
-5 -4 41 42 26.36955578962086 0.09736599937959263
-5 -4 42 43 25.03936014415236 0.09237372470170033
-5 -4 43 44 23.78404007482874 0.08767696607048259
-5 -4 44 45 22.59892601164209 0.0832555945538115
-5 -4 45 46 21.47916979016611 0.07947885816141126
-5 -4 46 47 20.42125513476196 0.07773550792275047
-5 -4 47 48 19.42093456284533 0.07799973132846715
-5 -4 48 49 18.47469471151013 0.07983893831829306
-5 -4 49 50 17.57880207450925 0.0820335312669255
-4 -3.75 0 1 -332.2190887941234 1.958691130222868
-4 -3.75 1 2 -4231.919580329688 29.84322320590136
-4 -3.75 2 3 -2987.008638743161 13.78793409275351
-4 -3.75 3 4 -1834.938055365966 8.022707428224919
-4 -3.75 4 5 -1126.965913193369 5.206137017364593
-4 -3.75 5 6 -695.3436102835572 3.600736600088713
-4 -3.75 6 7 -426.530605723653 2.594947137987486
-4 -3.75 7 8 -255.0200004622209 1.923179716594636
-4 -3.75 8 9 -143.2265879844367 1.453689667296564
-4 -3.75 9 10 -69.10310404307711 1.113978116242936
-4 -3.75 10 11 -19.39258483462493 0.86233577549921
-4 -3.75 11 12 14.13874517261763 0.6724796653653544
-4 -3.75 12 13 36.73384589132843 0.5277333090964492
-4 -3.75 13 14 51.81450067649246 0.4170657033202561
-4 -3.75 14 15 61.66315707027013 0.3330835163024966
-4 -3.75 15 16 67.83170165546437 0.2922134784383489
-4 -3.75 16 17 71.3930543789391 0.2689741710203403
-4 -3.75 17 18 73.09977254206689 0.2481629137008783
-4 -3.75 18 19 73.48626405794852 0.2294515510857945
-4 -3.75 19 20 72.93599976623977 0.2125659148460002
-4 -3.75 20 21 71.72652599616237 0.1972755810836796
-4 -3.75 21 22 70.06011299178851 0.1833857759772959
-4 -3.75 22 23 68.08493764260692 0.1778652590894923
-4 -3.75 23 24 65.90992328845451 0.1824252546710761
-4 -3.75 24 25 63.61526375234067 0.1869738830067345
-4 -3.75 25 26 61.25996958005666 0.1911521937748516
-4 -3.75 26 27 58.8873333025123 0.1947850476823562
-4 -3.75 27 28 56.52892332496413 0.1978044861257933
-4 -3.75 28 29 54.2075263171642 0.2002031147521071
-4 -3.75 29 30 51.93933070779337 0.2020063914982068
-4 -3.75 30 31 49.73555755615547 0.2032563539081778
-4 -3.75 31 32 47.60368565827343 0.2040021642950341
-4 -3.75 32 33 45.54837645395368 0.2042947004588115
-4 -3.75 33 34 43.5721753039619 0.2041835475962801
-4 -3.75 34 35 41.67604511983799 0.2037154132624729
-4 -3.75 35 36 39.85977358789441 0.2029333831273405
-4 -3.75 36 37 38.12228458189465 0.2018766680506489
-4 -3.75 37 38 36.46187662596027 0.2005806318235457
-4 -3.75 38 39 34.87640556942563 0.1990769728689559
-4 -3.75 39 40 33.36342443211892 0.1973939834360162
-4 -3.75 40 41 31.9202903101768 0.1955568405250091
-4 -3.75 41 42 30.54424580862359 0.1935879023567031
-4 -3.75 42 43 29.23248079106327 0.1915069944190921
-4 -3.75 43 44 27.98217888385793 0.1893316780161641
-4 -3.75 44 45 26.79055213622211 0.1870774967021409
-4 -3.75 45 46 25.65437144990704 0.1848109759816883
-4 -3.75 46 47 24.57181742338748 0.1827280526773603
-4 -3.75 47 48 23.53982690157124 0.1808417663637465
-4 -3.75 48 49 22.55593214187406 0.1791327572352185
-4 -3.75 49 50 21.61755206618128 0.1774428414564251
-3.75 -3.5 0 1 214.9577690626381 1.739122521581852
-3.75 -3.5 1 2 -4934.103280035416 25.22952308685268
-3.75 -3.5 2 3 -3951.613039803668 16.64749621589653
-3.75 -3.5 3 4 -2556.223025474668 11.75647528086787
-3.75 -3.5 4 5 -1638.990322448021 8.808183434453772
-3.75 -3.5 5 6 -1057.619291324006 6.877721989639298
-3.75 -3.5 6 7 -684.4990711183104 5.532829989155665
-3.75 -3.5 7 8 -439.9814350306767 4.551624908102398
-3.75 -3.5 8 9 -276.4036938022803 3.810112323206573
-3.75 -3.5 9 10 -164.9879980716737 3.233806273507747
-3.75 -3.5 10 11 -88.04515266962585 2.775881958881548
-3.75 -3.5 11 12 -34.37453530982248 2.40521260242242
-3.75 -3.5 12 13 3.273573153592224 2.100519118652015
-3.75 -3.5 13 14 29.70370324688633 1.846761425430839
-3.75 -3.5 14 15 48.16733856059477 1.633037258450547
-3.75 -3.5 15 16 60.90662057197676 1.451267522539805
-3.75 -3.5 16 17 69.49363362433132 1.295349522970945
-3.75 -3.5 17 18 75.04693618068166 1.160595535021448
-3.75 -3.5 18 19 78.37268748292672 1.043351013986163
-3.75 -3.5 19 20 80.05843273802395 0.9407291036479951
-3.75 -3.5 20 21 80.53654685976346 0.8504223177774052
-3.75 -3.5 21 22 80.12785521547318 0.7705665714024044
-3.75 -3.5 22 23 79.07207163383333 0.6996414302356576
-3.75 -3.5 23 24 77.54932521703023 0.6363958670348163
-3.75 -3.5 24 25 75.69557244671171 0.5797922731820977
-3.75 -3.5 25 26 73.61375520763045 0.5289637283805193
-3.75 -3.5 26 27 71.38196152766847 0.4831810291941144
-3.75 -3.5 27 28 69.0594497372179 0.4418269899610918
-3.75 -3.5 28 29 66.69113321953745 0.4043762243024565
-3.75 -3.5 29 30 64.31094491654619 0.3703791014163773
-3.75 -3.5 30 31 61.94437920699713 0.3394489125488209
-3.75 -3.5 31 32 59.61042455459295 0.3112515291378526
-3.75 -3.5 32 33 57.32304143917605 0.2854970109640464
-3.75 -3.5 33 34 55.0922984448795 0.2619327526353076
-3.75 -3.5 34 35 52.92524964442254 0.2403378529741161
-3.75 -3.5 35 36 50.8266149860826 0.2205184629015038
-3.75 -3.5 36 37 48.79930980744496 0.2023039223719393
-3.75 -3.5 37 38 46.84485821715597 0.1855435371075342
-3.75 -3.5 38 39 44.96371663232935 0.1701038772535186
-3.75 -3.5 39 40 43.15552749414847 0.1558665059130289
-3.75 -3.5 40 41 41.41931856426257 0.1427260619624311
-3.75 -3.5 41 42 39.75365954994859 0.1305886387020007
-3.75 -3.5 42 43 38.15678525006679 0.1193704109382806
-3.75 -3.5 43 44 36.62669232648312 0.1089964719503666
-3.75 -3.5 44 45 35.16121522309631 0.09939985149306167
-3.75 -3.5 45 46 33.75741606095519 0.0906799452385486
-3.75 -3.5 46 47 32.414160816506 0.08342410487590961
-3.75 -3.5 47 48 31.12843913198606 0.07777322127929268
-3.75 -3.5 48 49 29.89792641171228 0.07374264501056604
-3.75 -3.5 49 50 28.72010188080132 0.07074227396389858
-3.5 -3.25 0 1 923.578475954501 1.446447048918034
-3.5 -3.25 1 2 -5136.858546647055 18.92950409088778
-3.5 -3.25 2 3 -4657.993763111077 15.06237018535321
-3.5 -3.25 3 4 -3140.244629039494 11.36812921518197
-3.5 -3.25 4 5 -2078.000662960024 8.855704927658673
-3.5 -3.25 5 6 -1382.861971720856 7.108734970276479
-3.5 -3.25 6 7 -926.1704044191565 5.844347148740287
-3.5 -3.25 7 8 -620.8242525840133 4.896293278082292
-3.5 -3.25 8 9 -412.6757763971088 4.164313120679085
-3.5 -3.25 9 10 -268.2250509026378 3.585590780266154
-3.5 -3.25 10 11 -166.494968332624 3.118909219905564
-3.5 -3.25 11 12 -94.00444541705906 2.736284344740459
-3.5 -3.25 12 13 -41.91338823955675 2.41815882304286
-3.5 -3.25 13 14 -4.294526696188768 2.150463735636905
-3.5 -3.25 14 15 22.90725467447987 1.922849188960727
-3.5 -3.25 15 16 42.51745348182783 1.72754690353227
-3.5 -3.25 16 17 56.53739051516686 1.558622730284504
-3.5 -3.25 17 18 66.40550528182143 1.411472561019183
-3.5 -3.25 18 19 73.16916975128981 1.282474484249616
-3.5 -3.25 19 20 77.59980174126736 1.168743788031344
-3.5 -3.25 20 21 80.27133639299871 1.067957200793679
-3.5 -3.25 21 22 81.6145760170964 0.9782246984217011
-3.5 -3.25 22 23 81.95538472751616 0.8979945931059254
-3.5 -3.25 23 24 81.5418893183122 0.8259822999556647
-3.5 -3.25 24 25 80.56408801020137 0.761116205721946
-3.5 -3.25 25 26 79.16814443958071 0.7024960625972357
-3.5 -3.25 26 27 77.46691431984323 0.6493606724291103
-3.5 -3.25 27 28 75.54777055713583 0.6010625435490073
-3.5 -3.25 28 29 73.47847034892004 0.5570478367670384
-3.5 -3.25 29 30 71.31158898147146 0.5168403653317433
-3.5 -3.25 30 31 69.08789484391144 0.4800287298372506
-3.5 -3.25 31 32 66.83893561882212 0.4462558995039458
-3.5 -3.25 32 33 64.58903211785019 0.4152107175716469
-3.5 -3.25 33 34 62.35682404391309 0.3866209316070411
-3.5 -3.25 34 35 60.15647449896693 0.360247441301198
-3.5 -3.25 35 36 57.99861294002505 0.3358795243879344
-3.5 -3.25 36 37 55.89107647670241 0.3133308535358676
-3.5 -3.25 37 38 53.83949485914891 0.2924361568431492
-3.5 -3.25 38 39 51.84775367015919 0.2730484047244366
-3.5 -3.25 39 40 49.91836214441207 0.2550364297601351
-3.5 -3.25 40 41 48.05274606821462 0.2382829042793111
-3.5 -3.25 41 42 46.25148144207441 0.222682615197464
-3.5 -3.25 42 43 44.51448126799579 0.2081409869043262
-3.5 -3.25 43 44 42.8411450487726 0.1945728116788079
-3.5 -3.25 44 45 41.23047852969783 0.1819011552726371
-3.5 -3.25 45 46 39.68038219191652 0.1701660023646629
-3.5 -3.25 46 47 38.19081389291073 0.1597292045221193
-3.5 -3.25 47 48 36.75929451807937 0.1506320445577433
-3.5 -3.25 48 49 35.38405259998986 0.1428476496535321
-3.5 -3.25 49 50 34.06301977051619 0.13595905198627
-3.25 -3 0 1 1685.064945874123 1.282519580591742
-3.25 -3 1 2 -4972.1878663881 9.813268318366557
-3.25 -3 2 3 -5118.866091170664 10.14191791763597
-3.25 -3 3 4 -3575.225441239184 8.212325940552073
-3.25 -3 4 5 -2426.455598832178 6.644043943574766
-3.25 -3 5 6 -1653.093552092058 5.471981717040327
-3.25 -3 6 7 -1134.882760270043 4.587533600974564
-3.25 -3 7 8 -782.6966201982414 3.905272675446702
-3.25 -3 8 9 -539.0272295119587 3.367144185559869
-3.25 -3 9 10 -367.4838414704079 2.934456601194476
-3.25 -3 10 11 -244.9054988955518 2.580627195075315
-3.25 -3 11 12 -156.2132169859633 2.287023300362778
-3.25 -3 12 13 -91.41004578385014 2.040334841188142
-3.25 -3 13 14 -43.72784496522331 1.830795240117223
-3.25 -3 14 15 -8.495087052688177 1.651105585352274
-3.25 -3 15 16 17.57037649451058 1.495714010659615
-3.25 -3 16 17 36.81194559429423 1.360330324360994
-3.25 -3 17 18 50.92714515221689 1.241592053410902
-3.25 -3 18 19 61.16164939152975 1.136830102975856
-3.25 -3 19 20 68.44016427570875 1.043901324533203
-3.25 -3 20 21 73.45621404402948 0.9610669009138388
-3.25 -3 21 22 76.73469970147164 0.8869026702026533
-3.25 -3 22 23 78.67611377044932 0.8202320829108084
-3.25 -3 23 24 79.58820285437059 0.760075442772825
-3.25 -3 24 25 79.70891641544665 0.7056110273061441
-3.25 -3 25 26 79.22322495661149 0.6561449872282406
-3.25 -3 26 27 78.27557145872862 0.6110878109646456
-3.25 -3 27 28 76.97917657926757 0.5699357534789349
-3.25 -3 28 29 75.42305290032385 0.532256056143656
-3.25 -3 29 30 73.67733442317183 0.4976750917350152
-3.25 -3 30 31 71.79735582424189 0.4658687836490829
-3.25 -3 31 32 69.8267959642622 0.4365548106448123
-3.25 -3 32 33 67.80011548209262 0.4094862224764464
-3.25 -3 33 34 65.74445792686663 0.3844461795529712
-3.25 -3 34 35 63.68114039665596 0.3612435938666779
-3.25 -3 35 36 61.62682805549241 0.3397094968696517
-3.25 -3 36 37 59.59446372647022 0.3196939989837074
-3.25 -3 37 38 57.59400669583016 0.3010637300678082
-3.25 -3 38 39 55.63302208979763 0.2836996771832974
-3.25 -3 39 40 53.71715263240708 0.2674953483650406
-3.25 -3 40 41 51.85049749390615 0.2523552080649062
-3.25 -3 41 42 50.03591727555863 0.2381933380251169
-3.25 -3 42 43 48.27528019531337 0.2249322876230606
-3.25 -3 43 44 46.56966121316728 0.2125020827546992
-3.25 -3 44 45 44.91950336397139 0.2008393689006875
-3.25 -3 45 46 43.32384041000742 0.1900022528470745
-3.25 -3 46 47 41.78389743924365 0.180379615806694
-3.25 -3 47 48 40.29800326916924 0.1720118971706382
-3.25 -3 48 49 38.86516805765213 0.1648662579627675
-3.25 -3 49 50 37.4839996348969 0.1585061218369743
-3 -2.75 0 1 2422.796200993752 1.656389185138412
-3 -2.75 1 2 -4603.362184993112 5.081992957167927
-3 -2.75 2 3 -5397.357276205345 6.544869659922102
-3 -2.75 3 4 -3884.554709345725 5.537289110418283
-3 -2.75 4 5 -2690.094464367743 4.579426716561917
-3 -2.75 5 6 -1866.016241139474 3.826432442130016
-3 -2.75 6 7 -1304.745490345328 3.242657928271191
-3 -2.75 7 8 -918.255312623593 2.784280775415124
-3 -2.75 8 9 -647.7129968676186 2.418035354227259
-3 -2.75 9 10 -455.1355425899108 2.120443860759806
-3 -2.75 10 11 -316.009875205908 1.875082499053358
-3 -2.75 11 12 -214.2027648181777 1.670009401878398
-3 -2.75 12 13 -138.9213524694294 1.496628951002836
-3 -2.75 13 14 -82.80092675655078 1.348543015222891
-3 -2.75 14 15 -40.72189900124158 1.220921195729923
-3 -2.75 15 16 -9.063445337426629 1.110057789228979
-3 -2.75 16 17 14.77596113730738 1.013068128514944
-3 -2.75 17 18 32.69235582782039 0.9276767500284573
-3 -2.75 18 19 46.08546069710314 0.8520670617347847
-3 -2.75 19 20 56.00057708834731 0.7847729104974803
-3 -2.75 20 21 63.22642636344085 0.7245991775896471
-3 -2.75 21 22 68.36364879044379 0.6705628097742977
-3 -2.75 22 23 71.87343880010735 0.6218484547715931
-3 -2.75 23 24 74.11252677869516 0.5777746822445842
-3 -2.75 24 25 75.35864235977147 0.5377679775585743
-3 -2.75 25 26 75.8292538672689 0.5013425142336143
-3 -2.75 26 27 75.69549979418923 0.468084269618004
-3 -2.75 27 28 75.09264303941171 0.4376384417150508
-3 -2.75 28 29 74.12798380269612 0.4096993975627646
-3 -2.75 29 30 72.88689678623393 0.3840025829657124
-3 -2.75 30 31 71.43747144429096 0.3603179634668375
-3 -2.75 31 32 69.83410293937362 0.3384446708921778
-3 -2.75 32 33 68.12028869190544 0.3182066066187531
-3 -2.75 33 34 66.33081906321809 0.2994488085575851
-3 -2.75 34 35 64.49350276953089 0.2820344333608583
-3 -2.75 35 36 62.63053269122599 0.2658422350468567
-3 -2.75 36 37 60.75957205356838 0.2507644495681814
-3 -2.75 37 38 58.89462196827947 0.2367050101583231
-3 -2.75 38 39 57.04671709508222 0.2235780361020673
-3 -2.75 39 40 55.22448548857398 0.2113065467910093
-3 -2.75 40 41 53.43460073780955 0.199821363928645
-3 -2.75 41 42 51.68214813282859 0.1890601700547803
-3 -2.75 42 43 49.97092211640089 0.1789666985721123
-3 -2.75 43 44 48.30366848806091 0.169490034516046
-3 -2.75 44 45 46.6822820596997 0.160584008828029
-3 -2.75 45 46 45.10698784320365 0.1523693804286085
-3 -2.75 46 47 43.58025990902937 0.1454273833543794
-3 -2.75 47 48 42.10131401886034 0.1398402676166397
-3 -2.75 48 49 40.66999822800247 0.135576380133006
-3 -2.75 49 50 39.28565833756136 0.1320351329549151
-2.75 -2.5 0 1 3107.998531244988 2.387437669313053
-2.75 -2.5 1 2 -4141.574065322482 1.111600843103724
-2.75 -2.5 2 3 -5555.614814595114 3.140593508293211
-2.75 -2.5 3 4 -4101.622262011626 2.979635894550487
-2.75 -2.5 4 5 -2886.468287996907 2.602540476950258
-2.75 -2.5 5 6 -2030.263861940991 2.253534822407247
-2.75 -2.5 6 7 -1439.262962505181 1.961152743169734
-2.75 -2.5 7 8 -1028.004527783964 1.72003572880002
-2.75 -2.5 8 9 -737.4698688172534 1.520671926281508
-2.75 -2.5 9 10 -528.8848627121206 1.354186459336115
-2.75 -2.5 10 11 -376.9277893676012 1.21365754687052
-2.75 -2.5 11 12 -264.7864728698926 1.094060573058723
-2.75 -2.5 12 13 -181.1293895040503 0.9912904411728519
-2.75 -2.5 13 14 -118.175117764652 0.902249205496174
-2.75 -2.5 14 15 -70.4833756150299 0.8245264302269043
-2.75 -2.5 15 16 -34.18615620450782 0.7562262578575117
-2.75 -2.5 16 17 -6.49043788773406 0.695841300619282
-2.75 -2.5 17 18 14.64916758474715 0.6421604757318526
-2.75 -2.5 18 19 30.74972803867627 0.5942011514137504
-2.75 -2.5 19 20 42.94943527820863 0.5511587101328999
-2.75 -2.5 20 21 52.11108276282653 0.5123686669411431
-2.75 -2.5 21 22 58.89479314650669 0.4772779176097759
-2.75 -2.5 22 23 63.80984641629823 0.4454226907438519
-2.75 -2.5 23 24 67.25209002604015 0.4164114750112212
-2.75 -2.5 24 25 69.53126299740006 0.3899116743377079
-2.75 -2.5 25 26 70.89117199215582 0.3656390844308095
-2.75 -2.5 26 27 71.52474007266778 0.3433495254270286
-2.75 -2.5 27 28 71.58533599807924 0.3228321365134634
-2.75 -2.5 28 29 71.19537709865557 0.3039039627237073
-2.75 -2.5 29 30 70.45291401021393 0.2864055541987092
-2.75 -2.5 30 31 69.43670806491872 0.2701973658675101
-2.75 -2.5 31 32 68.21017326162894 0.2551567930971934
-2.75 -2.5 32 33 66.82445620933612 0.2411757170352948
-2.75 -2.5 33 34 65.32085678832925 0.22815846144703
-2.75 -2.5 34 35 63.73274110451513 0.2160200818014796
-2.75 -2.5 35 36 62.08706094327255 0.2046849277997212
-2.75 -2.5 36 37 60.4055663707465 0.194085427368175
-2.75 -2.5 37 38 58.70577773557153 0.1841610560144605
-2.75 -2.5 38 39 57.00176798086818 0.1748574579960225
-2.75 -2.5 39 40 55.30479464140461 0.1661256942758096
-2.75 -2.5 40 41 53.62381227876443 0.1579215976992006
-2.75 -2.5 41 42 51.96588920016245 0.1502052157883726
-2.75 -2.5 42 43 50.3365474440254 0.1429403305523943
-2.75 -2.5 43 44 48.74004087359793 0.1360940405778359
-2.75 -2.5 44 45 47.17958321314998 0.1296363980114536
-2.75 -2.5 45 46 45.6565014529148 0.1237625961479024
-2.75 -2.5 46 47 44.1743915764863 0.1192868285737798
-2.75 -2.5 47 48 42.73330624306647 0.1163210278984791
-2.75 -2.5 48 49 41.33387707477294 0.1148052184826414
-2.75 -2.5 49 50 39.97614392072666 0.1139234401039185
-2.5 -2.25 0 1 3732.805794897766 1.961781343799711
-2.5 -2.25 1 2 -3664.803107615602 0.9516144787235986
-2.5 -2.25 2 3 -5648.539631240727 1.760617834979256
-2.5 -2.25 3 4 -4258.986236256629 1.641096381262664
-2.5 -2.25 4 5 -3034.519001344668 1.518607783213745
-2.5 -2.25 5 6 -2156.76360784609 1.366789311743436
-2.5 -2.25 6 7 -1544.569841122638 1.224412200524833
-2.5 -2.25 7 8 -1115.14985464681 1.098432455054609
-2.5 -2.25 8 9 -809.6753968410731 0.9896694455644536
-2.5 -2.25 9 10 -588.9509063126798 0.8947647385740869
-2.5 -2.25 10 11 -427.1414268489946 0.8126629565539467
-2.5 -2.25 11 12 -306.9769558188473 0.7409654241762512
-2.5 -2.25 12 13 -216.7528008905047 0.6780790509553379
-2.5 -2.25 13 14 -148.3918984293025 0.6226268406013207
-2.5 -2.25 14 15 -96.22249058201965 0.5734773066616518
-2.5 -2.25 15 16 -56.19559840728948 0.5297011011896878
-2.5 -2.25 16 17 -25.37628314564972 0.4905325174354
-2.5 -2.25 17 18 -1.607285074024958 0.455337627504958
-2.5 -2.25 18 19 16.71719795391004 0.4235886647327352
-2.5 -2.25 19 20 30.80620139633606 0.3948436642809445
-2.5 -2.25 20 21 41.57944954863115 0.3687303364879227
-2.5 -2.25 21 22 49.74310692471897 0.3449332797086438
-2.5 -2.25 22 23 55.84391622422004 0.3231838083051811
-2.5 -2.25 23 24 60.3083834740504 0.3032518222825812
-2.5 -2.25 24 25 63.47147508173805 0.2849392759738847
-2.5 -2.25 25 26 65.5978629760308 0.2680749014343217
-2.5 -2.25 26 27 66.89781133781594 0.2525099206821511
-2.5 -2.25 27 28 67.5391669661301 0.2381145434316708
-2.5 -2.25 28 29 67.65648691018112 0.2247750879926702
-2.5 -2.25 29 30 67.35804222426634 0.2123916045432721
-2.5 -2.25 30 31 66.73123184354102 0.2008759003542541
-2.5 -2.25 31 32 65.84679620680669 0.1901498925107403
-2.5 -2.25 32 33 64.76211762768577 0.1801442263764847
-2.5 -2.25 33 34 63.52382068169237 0.1707971116737326
-2.5 -2.25 34 35 62.16983236889865 0.1620533378407383
-2.5 -2.25 35 36 60.73102266743626 0.1538634376423164
-2.5 -2.25 36 37 59.23251716536487 0.1461829731486571
-2.5 -2.25 37 38 57.69475201540422 0.1389719251904448
-2.5 -2.25 38 39 56.13432529624282 0.1321941678128896
-2.5 -2.25 39 40 54.5646866860485 0.1258170155980512
-2.5 -2.25 40 41 52.99669824878868 0.1198108317948058
-2.5 -2.25 41 42 51.4390918032199 0.1141486882432732
-2.5 -2.25 42 43 49.89884321031874 0.1088060692343672
-2.5 -2.25 43 44 48.38147948179997 0.1037606130519084
-2.5 -2.25 44 45 46.89133143872377 0.09899188541956228
-2.5 -2.25 45 46 45.4306643207814 0.09480011206346826
-2.5 -2.25 46 47 44.00402408722243 0.09236159592991042
-2.5 -2.25 47 48 42.61218207211391 0.09181016223208946
-2.5 -2.25 48 49 41.25644316935953 0.09299722248058484
-2.5 -2.25 49 50 39.9374437971741 0.0947471862771139
-2.25 -2 0 1 4297.561473025035 1.088946220342705
-2.25 -2 1 2 -3227.030362207313 0.8375384787733123
-2.25 -2 2 3 -5738.488056306797 1.719107178384567
-2.25 -2 3 4 -4406.71577690149 1.596247236748807
-2.25 -2 4 5 -3169.960247034518 1.408701588324293
-2.25 -2 5 6 -2269.321963321545 1.242810763605651
-2.25 -2 6 7 -1635.707790784846 1.103780798023395
-2.25 -2 7 8 -1188.544175200382 0.9868185403262228
-2.25 -2 8 9 -868.9212811166767 0.8893220263153182
-2.25 -2 9 10 -637.0140699114277 0.8031759764357844
-2.25 -2 10 11 -466.2894923050258 0.7307680805980619
-2.25 -2 11 12 -339.0326266776437 0.6671660812418925
-2.25 -2 12 13 -243.1133528091352 0.6113785356891019
-2.25 -2 13 14 -170.1472127093136 0.5621296753795285
-2.25 -2 14 15 -114.2288308918839 0.5184016436550885
-2.25 -2 15 16 -71.13101414942048 0.479373032117298
-2.25 -2 16 17 -37.78193642813221 0.4443741391079059
-2.25 -2 17 18 -11.91833723438936 0.4128538780384386
-2.25 -2 18 19 8.148363407476154 0.3843549374986273
-2.25 -2 19 20 23.69237987759993 0.3584948910127883
-2.25 -2 20 21 35.68516363057347 0.3349516583536995
-2.25 -2 21 22 44.87423498939563 0.3134522030682585
-2.25 -2 22 23 51.8396284868187 0.2937636534014538
-2.25 -2 23 24 57.03482152878746 0.2756862704576215
-2.25 -2 24 25 60.81676045679717 0.2590478314404032
-2.25 -2 25 26 63.46812730852787 0.2436991084285853
-2.25 -2 26 27 65.21401822274879 0.2295102038842547
-2.25 -2 27 28 66.23455197050089 0.2163675599128285
-2.25 -2 28 29 66.67448372493186 0.2041715014845451
-2.25 -2 29 30 66.65059369212906 0.1928342073248654
-2.25 -2 30 31 66.25740760100064 0.1822780233383725
-2.25 -2 31 32 65.57165602609405 0.1724340543121256
-2.25 -2 32 33 64.65577272521125 0.1632409805812318
-2.25 -2 33 34 63.56065535003808 0.1546440614129475
-2.25 -2 34 35 62.32785607462898 0.1465942883487653
-2.25 -2 35 36 60.99132879626239 0.1390476669813155
-2.25 -2 36 37 59.57882931598482 0.1319646016766667
-2.25 -2 37 38 58.11304245230701 0.1253093679425275
-2.25 -2 38 39 56.61249310465848 0.1190496594833436
-2.25 -2 39 40 55.09228549661509 0.1131561951743999
-2.25 -2 40 41 53.56470526402694 0.1076023796026536
-2.25 -2 41 42 52.03971134516144 0.1023640075479522
-2.25 -2 42 43 50.52533921348748 0.09741900612762866
-2.25 -2 43 44 49.0280323271279 0.0927472097212136
-2.25 -2 44 45 47.55291531387633 0.08833016171307828
-2.25 -2 45 46 46.10289674722301 0.08482093838466835
-2.25 -2 46 47 44.6832068411756 0.08465772246209009
-2.25 -2 47 48 43.2950914769182 0.08789774917432591
-2.25 -2 48 49 41.94030762496809 0.09390126506215953
-2.25 -2 49 50 40.61988418913239 0.1002452033919292
-2 -1.75 0 1 4829.964635440116 1.11165070373781
-2 -1.75 1 2 -2795.139594565157 2.798253946284958
-2 -1.75 2 3 -5794.183250395729 2.901084801136117
-2 -1.75 3 4 -4527.953536067941 2.385377201209149
-2 -1.75 4 5 -3290.891239974418 1.964514245338422
-2 -1.75 5 6 -2376.625066482685 1.648592728998942
-2 -1.75 6 7 -1727.741299973527 1.408469217267133
-2 -1.75 7 8 -1266.645264711482 1.221633423672838
-2 -1.75 8 9 -935.0741587181428 1.072426309510682
-2 -1.75 9 10 -693.1551193653327 0.9502750345257744
-2 -1.75 10 11 -514.0740900112414 0.8499225791410956
-2 -1.75 11 12 -379.8706216501255 0.7650863435355393
-2 -1.75 12 13 -278.1580674004551 0.6927564263781643
-2 -1.75 13 14 -200.3424640936651 0.6304171346239084
-2 -1.75 14 15 -140.3468716854136 0.5761862370622839
-2 -1.75 15 16 -93.80533257126194 0.5286273621873702
-2 -1.75 16 17 -57.53422974037517 0.4866249747841357
-2 -1.75 17 18 -29.18020280020255 0.4492991340184084
-2 -1.75 18 19 -6.981851373188192 0.415946102247267
-2 -1.75 19 20 10.39413133737685 0.3859961210176049
-2 -1.75 20 21 23.9673722408802 0.3589828283681212
-2 -1.75 21 22 34.52485948084859 0.3345207301843619
-2 -1.75 22 23 42.67912139704686 0.3122883449909475
-2 -1.75 23 24 48.91051747656184 0.2920154167503685
-2 -1.75 24 25 53.59833833830896 0.2734730891727437
-2 -1.75 25 26 57.04392262140527 0.2564662674521397
-2 -1.75 26 27 59.48801152456917 0.2408276171473166
-2 -1.75 27 28 61.12389773713596 0.2264128037360958
-2 -1.75 28 29 62.10747327808383 0.2130966817528797
-2 -1.75 29 30 62.56496850537746 0.2007702190723583
-2 -1.75 30 31 62.59895679162116 0.1893379955864118
-2 -1.75 31 32 62.29304542062079 0.1787161541145039
-2 -1.75 32 33 61.71556347083373 0.1688307112300083
-2 -1.75 33 34 60.92247834319318 0.1596161555572321
-2 -1.75 34 35 59.95971500390721 0.1510142780211761
-2 -1.75 35 36 58.86500977104578 0.1429731908986284
-2 -1.75 36 37 57.66939915368351 0.1354465002988091
-2 -1.75 37 38 56.39842098362283 0.1283926051076057
-2 -1.75 38 39 55.07308748576753 0.1217741004123447
-2 -1.75 39 40 53.71067663987264 0.1155572677390807
-2 -1.75 40 41 52.3253782192931 0.1097116371028902
-2 -1.75 41 42 50.9288228491007 0.1042096104781628
-2 -1.75 42 43 49.530516775065 0.09902613550240211
-2 -1.75 43 44 48.138200138348 0.09413842327135931
-2 -1.75 44 45 46.75814304555993 0.08952570194602384
-2 -1.75 45 46 45.39423820998348 0.08557079889016554
-2 -1.75 46 47 44.05266966482571 0.08403763787018631
-2 -1.75 47 48 42.7354524580654 0.08773789887937258
-2 -1.75 48 49 41.44505375959659 0.09434297499072404
-2 -1.75 49 50 40.1831296391577 0.1013018457721892
-1.75 -1.5 0 1 5319.074076989938 1.005532841561655
-1.75 -1.5 1 2 -2379.855913835867 0.7914084811477481
-1.75 -1.5 2 3 -5822.619047375876 1.799389964418298
-1.75 -1.5 3 4 -4605.831337528314 1.752577633724415
-1.75 -1.5 4 5 -3362.636832654366 1.570064338913418
-1.75 -1.5 5 6 -2434.733967134002 1.38240855925227
-1.75 -1.5 6 7 -1773.366225176064 1.21603872480966
-1.75 -1.5 7 8 -1302.269850668741 1.074473217912523
-1.75 -1.5 8 9 -962.9408746991594 0.9544018927592151
-1.75 -1.5 9 10 -715.0629370321171 0.8540624814420188
-1.75 -1.5 10 11 -531.3635045330066 0.7679298763617376
-1.75 -1.5 11 12 -393.5617933286485 0.6943716187766684
-1.75 -1.5 12 13 -289.0230986831564 0.6308573694388282
-1.75 -1.5 13 14 -208.9718854464973 0.575597819427686
-1.75 -1.5 14 15 -147.1967871994866 0.5271797823243594
-1.75 -1.5 15 16 -99.23138103201791 0.4844813204158602
-1.75 -1.5 16 17 -61.81614423406154 0.4466048056237636
-1.75 -1.5 17 18 -32.53973616776625 0.4128258067069155
-1.75 -1.5 18 19 -9.596007794375055 0.3825544736460831
-1.75 -1.5 19 20 8.383214265459628 0.3553063809550912
-1.75 -1.5 20 21 22.44495831574773 0.330680407650537
-1.75 -1.5 21 22 33.39791372699437 0.3083418440611574
-1.75 -1.5 22 23 41.87191445135204 0.2880093760388215
-1.75 -1.5 23 24 48.36120534620966 0.2694449756749651
-1.75 -1.5 24 25 53.25627934116142 0.2524459793539605
-1.75 -1.5 25 26 56.86755707202963 0.236838827491367
-1.75 -1.5 26 27 59.443174960742 0.2224740778558638
-1.75 -1.5 27 28 61.18247094912942 0.2092224029177728
-1.75 -1.5 28 29 62.24629599596142 0.1969713523206497
-1.75 -1.5 29 30 62.76496091850674 0.185622717799476
-1.75 -1.5 30 31 62.84440594138323 0.1750903730372045
-1.75 -1.5 31 32 62.57102313982455 0.1652984926426565
-1.75 -1.5 32 33 62.0154498419447 0.1561800751973074
-1.75 -1.5 33 34 61.23557020494115 0.1476757113427293
-1.75 -1.5 34 35 60.27890331587179 0.1397325514599243
-1.75 -1.5 35 36 59.18451295741909 0.1323034361424174
-1.75 -1.5 36 37 57.98454212878278 0.1253461600083467
-1.75 -1.5 37 38 56.70545158794204 0.1188228465129889
-1.75 -1.5 38 39 55.36902366039209 0.1126994143091089
-1.75 -1.5 39 40 53.99317893210019 0.1069451200705036
-1.75 -1.5 40 41 52.59264322702228 0.101532164966966
-1.75 -1.5 41 42 51.17949401239673 0.09643535571052099
-1.75 -1.5 42 43 49.763609585577 0.09163181046889671
-1.75 -1.5 43 44 48.35303934842079 0.08710070401373475
-1.75 -1.5 44 45 46.95430989592302 0.08282304470557615
-1.75 -1.5 45 46 45.57148413230306 0.07951268645619526
-1.75 -1.5 46 47 44.21100238747022 0.07983696213895507
-1.75 -1.5 47 48 42.87498086246762 0.08387708502471138
-1.75 -1.5 48 49 41.56600346418517 0.09095564713552631
-1.75 -1.5 49 50 40.28582868377575 0.09842473605824045
-1.5 -1.25 0 1 5782.303682006509 3.346426115937001
-1.5 -1.25 1 2 -1969.67565493531 3.989468454517634
-1.5 -1.25 2 3 -5841.457776452589 1.741073531683164
-1.5 -1.25 3 4 -4686.362791253718 1.682916338326446
-1.5 -1.25 4 5 -3446.169908740122 1.506494321054754
-1.5 -1.25 5 6 -2509.269410612238 1.332634176869112
-1.5 -1.25 6 7 -1837.208383323427 1.180458986959361
-1.5 -1.25 7 8 -1356.306176811219 1.050882333348438
-1.5 -1.25 8 9 -1008.594726669221 0.9407556519734056
-1.5 -1.25 9 10 -753.7213392254198 0.846544054478062
-1.5 -1.25 10 11 -564.2279317258735 0.7662215980507775
-1.5 -1.25 11 12 -421.6233560934543 0.6965959094708829
-1.5 -1.25 12 13 -313.0931013614991 0.635975805476896
-1.5 -1.25 13 14 -229.7105826164388 0.5828335526923832
-1.5 -1.25 14 15 -165.1421022582076 0.5359505584921951
-1.5 -1.25 15 16 -114.8230924422319 0.4943488990018568
-1.5 -1.25 16 17 -75.41542883622606 0.4572377358113528
-1.5 -1.25 17 18 -44.44469372297272 0.4239722517598229
-1.5 -1.25 18 19 -20.05392120149713 0.3940223599508298
-1.5 -1.25 19 20 -0.8338013030684124 0.3669488261947209
-1.5 -1.25 20 21 14.29616669146299 0.3423849489999132
-1.5 -1.25 21 22 26.1720507041 0.3200224122767739
-1.5 -1.25 22 23 35.44619369266445 0.2996002663006427
-1.5 -1.25 23 24 42.63143767408963 0.2814147469737506
-1.5 -1.25 24 25 48.13371344981988 0.2668063522663992
-1.5 -1.25 25 26 52.27631464142496 0.2532246181975967
-1.5 -1.25 26 27 55.31815778387261 0.2405766411459914
-1.5 -1.25 27 28 57.46764492129387 0.2287796550795627
-1.5 -1.25 28 29 58.89327759169203 0.2177597892676195
-1.5 -1.25 29 30 59.73184771421745 0.207450982928048
-1.5 -1.25 30 31 60.09480499938877 0.1977940384482567
-1.5 -1.25 31 32 60.07324057487256 0.1887357990686967
-1.5 -1.25 32 33 59.74181227319218 0.1802284328370893
-1.5 -1.25 33 34 59.16185458580867 0.1722288110048147
-1.5 -1.25 34 35 58.38385618760265 0.1646979662074461
-1.5 -1.25 35 36 57.44944376941879 0.1576006210382181
-1.5 -1.25 36 37 56.39297813491004 0.1509047765452096
-1.5 -1.25 37 38 55.24284411351448 0.1445813519536461
-1.5 -1.25 38 39 54.02249737097742 0.1386038703044439
-1.5 -1.25 39 40 52.75131721144658 0.1329481817489898
-1.5 -1.25 40 41 51.44530397678159 0.127592220662558
-1.5 -1.25 41 42 50.11765114855399 0.1225157920987406
-1.5 -1.25 42 43 48.77921631208517 0.1177003824909205
-1.5 -1.25 43 44 47.43890993030328 0.1131289934047192
-1.5 -1.25 44 45 46.10401719176156 0.108785993100031
-1.5 -1.25 45 46 44.77924230477066 0.1050083416744855
-1.5 -1.25 46 47 43.47166337030831 0.1030957929521231
-1.5 -1.25 47 48 42.18389355654978 0.1032249883015126
-1.5 -1.25 48 49 40.91898243128006 0.1052916322510271
-1.5 -1.25 49 50 39.67908998357325 0.1080213228446237
-1.25 -1 0 1 6172.891461796508 1.651396423006133
-1.25 -1 1 2 -1641.786987143865 0.7949998891402232
-1.25 -1 2 3 -5875.033010759952 2.22040197322189
-1.25 -1 3 4 -4765.335982290344 2.102564093294284
-1.25 -1 4 5 -3521.864842397778 1.847291996535254
-1.25 -1 5 6 -2573.250704748066 1.61199875238933
-1.25 -1 6 7 -1889.462352699235 1.414485112125076
-1.25 -1 7 8 -1398.593898186499 1.250867897138171
-1.25 -1 8 9 -1042.799656189034 1.115158462264573
-1.25 -1 9 10 -781.4560907154405 1.00047157192096
-1.25 -1 10 11 -586.8000910160154 0.9036051768342738
-1.25 -1 11 12 -440.0535503562487 0.820398166791778
-1.25 -1 12 13 -328.1846496883095 0.7483835886067637
-1.25 -1 13 14 -242.0954905410822 0.6855413386976531
-1.25 -1 14 15 -175.3203856973878 0.6302995736347893
-1.25 -1 15 16 -123.1929769764913 0.5814202796278628
-1.25 -1 16 17 -82.29624407196184 0.5379166658675589
-1.25 -1 17 18 -50.0942023310929 0.4989932750106987
-1.25 -1 18 19 -24.68148550425599 0.4640021557243736
-1.25 -1 19 20 -4.610451165492805 0.4324104198641179
-1.25 -1 20 21 11.22997758884185 0.4037759361158594
-1.25 -1 21 22 23.70042257793079 0.3777289011579176
-1.25 -1 22 23 33.47306843506931 0.3539577069555049
-1.25 -1 23 24 41.07688423687205 0.3321979860543034
-1.25 -1 24 25 46.930979032756 0.3122240338948244
-1.25 -1 25 26 51.36946839334837 0.2938420302516085
-1.25 -1 26 27 54.66019642759409 0.276884634532563
-1.25 -1 27 28 57.01896107906782 0.2612066422309115
-1.25 -1 28 29 58.62041483489713 0.2466814667567395
-1.25 -1 29 30 59.60648369912474 0.2331982703252982
-1.25 -1 30 31 60.09291712119148 0.22065960791526
-1.25 -1 31 32 60.17441847153896 0.2089794807025679
-1.25 -1 32 33 59.92868908760499 0.1980817186126488
-1.25 -1 33 34 59.41963473023122 0.1878986284588586
-1.25 -1 34 35 58.69992186950509 0.1783698583351818
-1.25 -1 35 36 57.81302607297863 0.1694414396707669
-1.25 -1 36 37 56.79488122003806 0.161064973715498
-1.25 -1 37 38 55.67521328105147 0.1531969402145399
-1.25 -1 38 39 54.47862348261697 0.1457981047831518
-1.25 -1 39 40 53.22547133642269 0.1388330109994476
-1.25 -1 40 41 51.93259724943687 0.1322695423246887
-1.25 -1 41 42 50.61391571377135 0.1260785432498648
-1.25 -1 42 43 49.28090396390508 0.1202334906306862
-1.25 -1 43 44 47.9430056294039 0.1147102079770594
-1.25 -1 44 45 46.60796513174654 0.1094866147566421
-1.25 -1 45 46 45.28085409900899 0.1049333049477681
-1.25 -1 46 47 43.96915042367868 0.1025127287525991
-1.25 -1 47 48 42.67573354441467 0.1024448078924912
-1.25 -1 48 49 41.40390736481547 0.1046032927399795
-1.25 -1 49 50 40.15605476628534 0.1114647603741147
-1 -0.75 0 1 6512.094118788056 2.372855868936176
-1 -0.75 1 2 -1329.472618588422 2.125965223940183
-1 -0.75 2 3 -5871.354313107771 1.616292021007655
-1 -0.75 3 4 -4805.016521451212 1.577195321733952
-1 -0.75 4 5 -3563.581197704697 1.415527985108378
-1 -0.75 5 6 -2609.2794314574 1.258921109450047
-1 -0.75 6 7 -1919.083573476492 1.123858304209165
-1 -0.75 7 8 -1422.626356601351 1.00917400492306
-1 -0.75 8 9 -1062.26468707836 0.9115806862418389
-1 -0.75 9 10 -797.2611255903962 0.8280607629241861
-1 -0.75 10 11 -599.6847461498996 0.7552394625897476
-1 -0.75 11 12 -450.598123480047 0.6918314801540761
-1 -0.75 12 13 -336.8463065810051 0.6360603058326645
-1 -0.75 13 14 -249.2340983235867 0.5866886417687993
-1 -0.75 14 15 -181.220713393383 0.542728898713147
-1 -0.75 15 16 -128.0818018573461 0.5033839938124972
-1 -0.75 16 17 -86.35533737769174 0.4680038847492848
-1 -0.75 17 18 -53.47016849925376 0.4360533712837206
-1 -0.75 18 19 -27.49324752678604 0.4070879561335221
-1 -0.75 19 20 -6.954983565300154 0.3807355247138714
-1 -0.75 20 21 9.273223676710131 0.3566822745808255
-1 -0.75 21 22 22.06607645478857 0.3346617969476666
-1 -0.75 22 23 32.1071401421566 0.3144465096520907
-1 -0.75 23 24 39.93463204012153 0.2958408806753804
-1 -0.75 24 25 45.9752133711919 0.2786760165833194
-1 -0.75 25 26 50.56919442269634 0.2628053092872319
-1 -0.75 26 27 53.98952124653499 0.2481009057005975
-1 -0.75 27 28 56.45620934422618 0.2344508274465084
-1 -0.75 28 29 58.14740952673355 0.2217566021251968
-1 -0.75 29 30 59.20795857525604 0.2099313065147831
-1 -0.75 30 31 59.75603476092283 0.1988979379989301
-1 -0.75 31 32 59.88837343017326 0.1885880537859803
-1 -0.75 32 33 59.6843799763069 0.1789406268729224
-1 -0.75 33 34 59.20939236256743 0.1699010794897688
-1 -0.75 34 35 58.51728320092491 0.1614204636082839
-1 -0.75 35 36 57.65254568482698 0.1534547624033011
-1 -0.75 36 37 56.65197369248756 0.1459642923980192
-1 -0.75 37 38 55.54602106653573 0.1389131902931406
-1 -0.75 38 39 54.35990589277708 0.132268970334417
-1 -0.75 39 40 53.1145110636412 0.1260021417403714
-1 -0.75 40 41 51.82712149278632 0.1200858756183324
-1 -0.75 41 42 50.51202949385208 0.1144957166072933
-1 -0.75 42 43 49.18103364464537 0.1092093294969139
-1 -0.75 43 44 47.84385099945115 0.1042062782149297
-1 -0.75 44 45 46.50845868557002 0.09946783130460428
-1 -0.75 45 46 45.18010147945245 0.09579313203762724
-1 -0.75 46 47 43.8664718566319 0.09616757005187705
-1 -0.75 47 48 42.57056756623757 0.1006929049537537
-1 -0.75 48 49 41.29581406909915 0.1086180292664755
-1 -0.75 49 50 40.04469101871481 0.1169911052769085
-0.75 -0.5 0 1 6778.789895755354 3.428241499795277
-0.75 -0.5 1 2 -1085.38739926048 2.902971573649336
-0.75 -0.5 2 3 -5873.524550270249 1.619515412492924
-0.75 -0.5 3 4 -4843.670460413794 1.59136894586492
-0.75 -0.5 4 5 -3604.812597037616 1.431081848169667
-0.75 -0.5 5 6 -2646.107832347933 1.272554367294131
-0.75 -0.5 6 7 -1950.486402673583 1.134674245380461
-0.75 -0.5 7 8 -1449.0540218378 1.017319037280356
-0.75 -0.5 8 9 -1084.464812745781 0.9200354653776168
-0.75 -0.5 9 10 -815.9558334004951 0.8494464948955108
-0.75 -0.5 10 11 -615.4963126126527 0.78466523587133
-0.75 -0.5 11 12 -464.0332734537387 0.7262040017987682
-0.75 -0.5 12 13 -348.3169820561188 0.6734221257504462
-0.75 -0.5 13 14 -259.0733168670986 0.6257601784735112
-0.75 -0.5 14 15 -189.6982880739047 0.5826587222058901
-0.75 -0.5 15 16 -135.4172831777764 0.5435985997344319
-0.75 -0.5 16 17 -92.72830007799257 0.508114339580129
-0.75 -0.5 17 18 -59.02828225633857 0.4757956536576095
-0.75 -0.5 18 19 -32.35859046269206 0.4462839043030817
-0.75 -0.5 19 20 -11.22899101864118 0.4192667372580537
-0.75 -0.5 20 21 5.505862932065384 0.3944723562761994
-0.75 -0.5 21 22 18.734335632691 0.3716640894676273
-0.75 -0.5 22 23 29.15119783943101 0.3506355032931441
-0.75 -0.5 23 24 37.30390398247937 0.3312061304452596
-0.75 -0.5 24 25 43.626766203638 0.3132177914797621
-0.75 -0.5 25 26 48.46646024075096 0.296531454649175
-0.75 -0.5 26 27 52.10125034689941 0.2810245657847893
-0.75 -0.5 27 28 54.75561280748502 0.2665887826358948
-0.75 -0.5 28 29 56.6114539490269 0.2531280517351687
-0.75 -0.5 29 30 57.81678341004101 0.2405569747971828
-0.75 -0.5 30 31 58.4924689756939 0.2287994181879154
-0.75 -0.5 31 32 58.73753299445946 0.2177873274058864
-0.75 -0.5 32 33 58.63333143952048 0.2074597126860217
-0.75 -0.5 33 34 58.24687069399636 0.1977617804116915
-0.75 -0.5 34 35 57.63345436135012 0.1886441850706526
-0.75 -0.5 35 36 56.83880621457456 0.1800623858103159
-0.75 -0.5 36 37 55.9007810356199 0.1719760890404572
-0.75 -0.5 37 38 54.85074950796525 0.1643487657611052
-0.75 -0.5 38 39 53.71472390574684 0.1571472319970964
-0.75 -0.5 39 40 52.51427660840403 0.1503412831787221
-0.75 -0.5 40 41 51.26729241386403 0.1439033738866462
-0.75 -0.5 41 42 49.98858664787321 0.1378083387610058
-0.75 -0.5 42 43 48.69041479596797 0.1320331455917184
-0.75 -0.5 43 44 47.38289384381358 0.1265566794790337
-0.75 -0.5 44 45 46.07435163311129 0.1213595516092053
-0.75 -0.5 45 46 44.77032429108732 0.1168176638957054
-0.75 -0.5 46 47 43.47880427036534 0.1143990619788696
-0.75 -0.5 47 48 42.20301210798561 0.1143172001697946
-0.75 -0.5 48 49 40.94658466476048 0.1164512371281592
-0.75 -0.5 49 50 39.71218710329424 0.1193614724534762
-0.5 -0.25 0 1 6958.245322718738 3.544690048176638
-0.5 -0.25 1 2 -924.5155742480583 2.581484273613596
-0.5 -0.25 2 3 -5878.694561531781 1.593997036562348
-0.5 -0.25 3 4 -4872.631424471727 1.585808104283814
-0.5 -0.25 4 5 -3634.669655066774 1.440520452637639
-0.5 -0.25 5 6 -2672.283375400628 1.360581410772762
-0.5 -0.25 6 7 -1972.447487376796 1.256188538856132
-0.5 -0.25 7 8 -1467.241355802982 1.152016378947293
-0.5 -0.25 8 9 -1099.492477309333 1.054891331220296
-0.5 -0.25 9 10 -828.3919241445346 0.9679799669434765
-0.5 -0.25 10 11 -625.823381416249 0.8893576289907388
-0.5 -0.25 11 12 -472.6378457765304 0.8196259403007514
-0.5 -0.25 12 13 -355.5112434780594 0.7572394539145563
-0.5 -0.25 13 14 -265.1072759831891 0.7013911062660171
-0.5 -0.25 14 15 -194.772996016763 0.6512489881335476
-0.5 -0.25 15 16 -139.6952124428558 0.6060847559964214
-0.5 -0.25 16 17 -96.34147590814587 0.5652700763165345
-0.5 -0.25 17 18 -62.08459295341436 0.5282662555435071
-0.5 -0.25 18 19 -34.94668020377685 0.4946122504628827
-0.5 -0.25 19 20 -13.42206639650431 0.4639131782746305
-0.5 -0.25 20 21 3.647055383546785 0.4358300915221618
-0.5 -0.25 21 22 17.15916563729616 0.4100711950879078
-0.5 -0.25 22 23 27.81729427239998 0.3863844357768401
-0.5 -0.25 23 24 36.17567382321681 0.3645513072300184
-0.5 -0.25 24 25 42.67420603121946 0.344381690077213
-0.5 -0.25 25 26 47.66419686895654 0.3257095602437089
-0.5 -0.25 26 27 51.42776215201263 0.308389415029064
-0.5 -0.25 27 28 54.1925944698279 0.2922932926395426
-0.5 -0.25 28 29 56.14329571706173 0.2773082777967806
-0.5 -0.25 29 30 57.43014234075736 0.2633344101612941
-0.5 -0.25 30 31 58.17591444238633 0.2502829223855538
-0.5 -0.25 31 32 58.48125246071754 0.2380747517199764
-0.5 -0.25 32 33 58.42888536425062 0.2266392784400007
-0.5 -0.25 33 34 58.08698766861471 0.2159132516477869
-0.5 -0.25 34 35 57.51185932042222 0.2058398729178796
-0.5 -0.25 35 36 56.75007594163765 0.1963680099966537
-0.5 -0.25 36 37 55.84022227595653 0.1874515220669412
-0.5 -0.25 37 38 54.81429586760436 0.1790486768669513
-0.5 -0.25 38 39 53.69884841157938 0.1711216468736445
-0.5 -0.25 39 40 52.51591736492713 0.1636360718389598
-0.5 -0.25 40 41 51.28378924274898 0.1565606782626926
-0.5 -0.25 41 42 50.01762696173819 0.1498669470077135
-0.5 -0.25 42 43 48.72998726173847 0.1435288226029759
-0.5 -0.25 43 44 47.4312486254409 0.1375224580481694
-0.5 -0.25 44 45 46.12996621314579 0.1318259901332607
-0.5 -0.25 45 46 44.83186258707201 0.1267900318740559
-0.5 -0.25 46 47 43.54512512336493 0.1237976072393649
-0.5 -0.25 47 48 42.27311344398458 0.1230647585277167
-0.5 -0.25 48 49 41.0195957915783 0.1245056585982746
-0.5 -0.25 49 50 39.78735286600437 0.1267683959027864
-0.25 0 0 1 7050.028942891785 3.786577796462042
-0.25 0 1 2 -840.0437647968952 3.342742041427758
-0.25 0 2 3 -5878.536962205375 1.613893055356894
-0.25 0 3 4 -4884.308892227111 1.5960057043256
-0.25 0 4 5 -3646.685627160039 1.439111490441974
-0.25 0 5 6 -2682.482263472989 1.281964644782397
-0.25 0 6 7 -1980.661772187848 1.144673625392646
-0.25 0 7 8 -1473.741774727941 1.034355106509503
-0.25 0 8 9 -1104.602501960449 0.9571232999415328
-0.25 0 9 10 -832.3975342451386 0.8842963319046545
-0.25 0 10 11 -628.9557278384605 0.8186073254514625
-0.25 0 11 12 -475.0761839064717 0.7581251051170277
-0.25 0 12 13 -357.39769429649 0.7035722634173827
-0.25 0 13 14 -266.5526902667823 0.654213184367479
-0.25 0 14 15 -195.8646712407624 0.6095101644071721
-0.25 0 15 16 -140.5023336918464 0.5689517921149642
-0.25 0 16 17 -96.91922476269792 0.5320727497196004
-0.25 0 17 18 -62.47724520366955 0.4984589028681085
-0.25 0 18 19 -35.18995186388315 0.4677458020277033
-0.25 0 19 20 -13.54490364833555 0.43961446820396
-0.25 0 20 21 3.621098797496643 0.4137863135609166
-0.25 0 21 22 17.21085919191796 0.3900180609373884
-0.25 0 22 23 27.93089364391631 0.3680970396257273
-0.25 0 23 24 36.33826048354751 0.3478369968539958
-0.25 0 24 25 42.87516242784568 0.3290744452889576
-0.25 0 25 26 47.89478663375883 0.311665516682086
-0.25 0 26 27 51.6807923516028 0.2954832688231384
-0.25 0 27 28 54.46214243688564 0.2804153877081718
-0.25 0 28 29 56.42448707632968 0.2663622298954306
-0.25 0 29 30 57.71896987671551 0.2532351531295341
-0.25 0 30 31 58.46908973359336 0.2409550924563594
-0.25 0 31 32 58.77608394196295 0.2294513426436876
-0.25 0 32 33 58.72317780112303 0.2186605150621621
-0.25 0 33 34 58.3789590525131 0.2085256426803158
-0.25 0 34 35 57.80007199460113 0.1989954085662234
-0.25 0 35 36 57.03337938833624 0.1900234809463036
-0.25 0 36 37 56.11770549287047 0.1815679372833453
-0.25 0 37 38 55.08524764954757 0.1735907648126417
-0.25 0 38 39 53.96272417072873 0.1660574257866021
-0.25 0 39 40 52.77231136739869 0.1589364788123423
-0.25 0 40 41 51.53241134707906 0.1521992469614103
-0.25 0 41 42 50.25828310430933 0.1458195277514448
-0.25 0 42 43 48.96256306726929 0.1397733376057327
-0.25 0 43 44 47.65569563131857 0.1340386870270146
-0.25 0 44 45 46.34629027959056 0.1285953823169627
-0.25 0 45 46 45.04010731945579 0.123809004319378
-0.25 0 46 47 43.74538407268091 0.1211121536725872
-0.25 0 47 48 42.46550262174372 0.12072138660839
-0.25 0 48 49 41.20425464457236 0.1225359935647913
-0.25 0 49 50 39.96443893809845 0.1251544456115053
0 0.25 0 1 7049.552753537879 3.786575488966
0 0.25 1 2 -840.9559240795465 3.34272299968123
0 0.25 2 3 -5879.17011805695 1.613824465882489
0 0.25 3 4 -4884.528908450905 1.595941017137991
0 0.25 4 5 -3646.652258889319 1.439069834360206
0 0.25 5 6 -2682.335195453233 1.281952593912805
0 0.25 6 7 -1980.47761736697 1.144686606575212
0 0.25 7 8 -1473.557689804243 1.034383832683733
0 0.25 8 9 -1104.433983612411 0.9571603559278871
0 0.25 9 10 -832.2492341738857 0.8843393744666
0 0.25 10 11 -628.8278611454016 0.8186446329064984
0 0.25 11 12 -474.9662555849445 0.7581618495307066
0 0.25 12 13 -357.3028235116549 0.7036057738422218
0 0.25 13 14 -266.4701198843641 0.654243263484218
0 0.25 14 15 -195.7920265972257 0.609536915205076
0 0.25 15 16 -140.4376852632724 0.56897546175754
0 0.25 16 17 -96.86105891935108 0.532093640783068
0 0.25 17 18 -62.42440033240837 0.4984773257048751
0 0.25 18 19 -35.14154785201367 0.4677620510358483
0 0.25 19 20 -13.50027724221263 0.4396288115202124
0 0.25 20 21 3.662448207399621 0.4137989898260988
0 0.25 21 22 17.24931269155763 0.3900292796412154
0 0.25 22 23 27.96674587644338 0.3681069836938659
0 0.25 23 24 36.37174434711653 0.347845825015657
0 0.25 24 25 42.90646711056104 0.3290822952219227
0 0.25 25 26 47.92407052577903 0.3116725079443448
0 0.25 26 27 51.70819212248409 0.2954895050131007
0 0.25 27 28 54.48777929846517 0.2804209590011843
0 0.25 28 29 56.44847102193967 0.2663672146023552
0 0.25 29 30 57.74140249025538 0.2532396196155836
0 0.25 30 31 58.49006600872019 0.2409591003587874
0 0.25 31 32 58.79569342922559 0.2294549441476839
0 0.25 32 33 58.74150531209409 0.2186637559058476
0 0.25 33 34 58.39608508008223 0.2085285628776462
0 0.25 34 35 57.81607295962874 0.1989980433905415
0 0.25 35 36 57.04832778790365 0.1900258613911639
0 0.25 36 37 56.13166999729583 0.1815700906520935
0 0.25 37 38 55.09829318027408 0.1735927152418325
0 0.25 38 39 53.97491197607008 0.1660591945454199
0 0.25 39 40 52.78369910782686 0.1589380847277595
0 0.25 40 41 51.54305319259248 0.1522007067892193
0 0.25 41 42 50.2682298468464 0.1458208561939654
0 0.25 42 43 48.97186224518276 0.1397745477843
0 0.25 43 44 47.66439166597155 0.1340397907157801
0 0.25 44 45 46.35442461948014 0.1285963899155463
0 0.25 45 46 45.04771853534857 0.1238099379270883
0 0.25 46 47 43.7525081662618 0.1211130805094559
0 0.25 47 48 42.47217301192438 0.1207223720561117
0 0.25 48 49 41.2105023904121 0.12253708931407
0 0.25 49 50 39.97029285373458 0.1251556547288008
0.25 0.5 0 1 6956.88526227831 3.544683241614735
0.25 0.5 1 2 -927.1160274645313 2.581422754479695
0.25 0.5 2 3 -5880.49240914059 1.593851382027085
0.25 0.5 3 4 -4873.251339063982 1.585697981539107
0.25 0.5 4 5 -3634.572497516224 1.440469017394724
0.25 0.5 5 6 -2671.867369983613 1.360584586299626
0.25 0.5 6 7 -1971.929173340662 1.256227556804296
0.25 0.5 7 8 -1466.7248908245 1.152073329536721
0.25 0.5 8 9 -1099.020741686747 1.054964785076741
0.25 0.5 9 10 -827.9773888197678 0.9680436344111006
0.25 0.5 10 11 -625.4662065172906 0.8894271485958045
0.25 0.5 11 12 -472.3306537664871 0.8196883260076663
0.25 0.5 12 13 -355.2457678916871 0.7572963514392927
0.25 0.5 13 14 -264.8756895203851 0.7014423761318195
0.25 0.5 14 15 -194.5686210064134 0.6512948712483234
0.25 0.5 15 16 -139.5126708672374 0.6061256715927786
0.25 0.5 16 17 -96.17658697719162 0.5653065072007729
0.25 0.5 17 18 -61.93417883411689 0.5282986862006027
0.25 0.5 18 19 -34.80835767723374 0.4946411367222955
0.25 0.5 19 20 -13.29405859848816 0.4639389344500287
0.25 0.5 20 21 3.766075263345328 0.4358530868683384
0.25 0.5 21 22 17.27019759196651 0.4100917552488165
0.25 0.5 22 23 27.92110521070663 0.386402846215225
0.25 0.5 23 24 36.27286690813594 0.3645678176309749
0.25 0.5 24 25 42.76527078203378 0.3443965186798104
0.25 0.5 25 26 47.74954458929881 0.3257228979505421
0.25 0.5 26 27 51.50775045228659 0.3084014289809434
0.25 0.5 27 28 54.26754385858385 0.2923041294185904
0.25 0.5 28 29 56.21350054329776 0.2773180661909424
0.25 0.5 29 30 57.49587779408307 0.2633432636551935
0.25 0.5 30 31 58.23744086275406 0.2502909407543694
0.25 0.5 31 32 58.53881786035151 0.2380820233391586
0.25 0.5 32 33 58.4827268022101 0.2266458812925319
0.25 0.5 33 34 58.13733191827941 0.2159192550691309
0.25 0.5 34 35 57.55892313433424 0.2058453379019324
0.25 0.5 35 36 56.79406611120788 0.1963729912195343
0.25 0.5 36 37 55.88133561403305 0.1874560678709632
0.25 0.5 37 38 54.85271919008778 0.1790528303109449
0.25 0.5 38 39 53.73475856282721 0.1711254462167479
0.25 0.5 39 40 52.5494813054114 0.163639551382976
0.25 0.5 40 41 51.31516420693708 0.1565638685474919
0.25 0.5 41 42 50.04696068255885 0.1498698753070191
0.25 0.5 42 43 48.75741825236958 0.1435315133456639
0.25 0.5 43 44 47.4569065122941 0.1375249330543248
0.25 0.5 44 45 46.15397210447293 0.1318282690780652
0.25 0.5 45 46 44.85432933370998 0.1267921664217867
0.25 0.5 46 47 43.566158112859 0.1237997701042893
0.25 0.5 47 48 42.29281061104524 0.1230671231809536
0.25 0.5 48 49 41.03804822287066 0.1245083678472121
0.25 0.5 49 50 39.80464512016908 0.1267714617335225
0.5 0.75 0 1 6776.616072795467 3.428240004263173
0.5 0.75 1 2 -1089.528488988966 2.902944502523219
0.5 0.75 2 3 -5876.358701170655 1.619392632125539
0.5 0.75 3 4 -4844.616315541814 1.591245596935045
0.5 0.75 4 5 -3604.624209426954 1.431012677081621
0.5 0.75 5 6 -2645.425980218575 1.272544106679493
0.5 0.75 6 7 -1949.654363197652 1.134703590631671
0.5 0.75 7 8 -1448.233839578862 1.017372420837158
0.5 0.75 8 9 -1083.721209901387 0.9200968514065889
0.5 0.75 9 10 -815.3059189206724 0.849443467236163
0.5 0.75 10 11 -614.9387907854812 0.7847775868589471
0.5 0.75 11 12 -463.5552110483595 0.7262549338558465
0.5 0.75 12 13 -347.9046964519853 0.6734679038244838
0.5 0.75 13 14 -258.7140770993612 0.6258008999064544
0.5 0.75 14 15 -189.3813696549685 0.5826947469016605
0.5 0.75 15 16 -135.1341299014477 0.5436303968817169
0.5 0.75 16 17 -92.47231377823823 0.5081424041271515
0.5 0.75 17 18 -58.79448559848925 0.475820462019086
0.5 0.75 18 19 -32.14327925124849 0.4463058924653467
0.5 0.75 19 20 -11.02942567044306 0.4192862921803651
0.5 0.75 20 21 5.691710784620682 0.3944898144742679
0.5 0.75 21 22 18.90798143028633 0.3716797398836216
0.5 0.75 22 23 29.31379401346408 0.3506495918672993
0.5 0.75 23 24 37.45635026664513 0.3312188654019498
0.5 0.75 24 25 43.76978892170405 0.313229348711152
0.5 0.75 25 26 48.60066805044244 0.2965419824725639
0.5 0.75 26 27 52.22717255850068 0.2810341897304224
0.5 0.75 27 28 54.87372508430769 0.2665976088446088
0.5 0.75 28 29 56.72219505539113 0.2531361705161513
0.5 0.75 29 30 57.92056574097114 0.240564463114486
0.5 0.75 30 31 58.58968486839956 0.2288063420101885
0.5 0.75 31 32 58.82855825796048 0.2177937436042701
0.5 0.75 32 33 58.71852711463259 0.2074656705600809
0.5 0.75 33 34 58.32658374681569 0.1977673226781594
0.5 0.75 34 35 57.70801778226439 0.1886493494265908
0.5 0.75 35 36 56.90853883534049 0.1800672051751454
0.5 0.75 36 37 55.96598726196021 0.1719805926072952
0.5 0.75 37 38 54.91171908442561 0.1643529794949359
0.5 0.75 38 39 53.77173177810147 0.1571511790680374
0.5 0.75 39 40 52.56758291195445 0.1503449843055779
0.5 0.75 40 41 51.31714259348797 0.1439068478094755
0.5 0.75 41 42 50.03521170291276 0.1378116022125474
0.5 0.75 42 43 48.7340316342449 0.1320362139676076
0.5 0.75 43 44 47.42370572793618 0.126559566617707
0.5 0.75 44 45 46.11254869671677 0.1213622701801914
0.5 0.75 45 46 44.8060839268241 0.1168202769248856
0.5 0.75 46 47 43.51229223983211 0.1144018194068424
0.5 0.75 47 48 42.23438261879494 0.1143203609080398
0.5 0.75 48 49 40.97598125974537 0.1164550190678063
0.5 0.75 49 50 39.73974313530169 0.1193658909197148
0.75 1 0 1 6509.158715503329 2.372789424871845
0.75 1 1 2 -1335.058617752713 2.125504166953843
0.75 1 2 3 -5875.167800473423 1.615664292576137
0.75 1 3 4 -4806.280156144877 1.577104837081372
0.75 1 4 5 -3563.31727832707 1.415910574585915
0.75 1 5 6 -2608.35245986792 1.259542364852752
0.75 1 6 7 -1917.955612912301 1.124538337275734
0.75 1 7 8 -1421.515356364717 1.009821262574941
0.75 1 8 9 -1061.257660958137 0.9121522051215902
0.75 1 9 10 -796.3810997265709 0.8285355175807048
0.75 1 10 11 -598.9298608951094 0.755642062363072
0.75 1 11 12 -449.9510655063959 0.692162911105926
0.75 1 12 13 -336.288581403503 0.6363309720816367
0.75 1 13 14 -248.7485203894257 0.5869084683884235
0.75 1 14 15 -180.7927848077454 0.5429067331314889
0.75 1 15 16 -127.699934198964 0.5035274530429177
0.75 1 16 17 -86.01057311316595 0.4681193917770914
0.75 1 17 18 -53.15573105580916 0.4361462675682515
0.75 1 18 19 -27.20407644812076 0.4071626386203048
0.75 1 19 20 -6.68732149195921 0.3807955844782716
0.75 1 20 21 9.522170645670712 0.3567306262313815
0.75 1 21 22 22.29840490785386 0.3347007936248658
0.75 1 22 23 32.32445091971931 0.3144780434380761
0.75 1 23 24 40.13817886557433 0.2958664673712572
0.75 1 24 25 46.16600997559067 0.2786968669960127
0.75 1 25 26 50.74809012822141 0.2628223882038418
0.75 1 26 27 54.15725317302702 0.2481149806297663
0.75 1 27 28 56.61343765137292 0.2344625075574655
0.75 1 28 29 58.29474059268034 0.2217663705339436
0.75 1 29 30 59.3459597668965 0.2099395457956423
0.75 1 30 31 59.88524347619284 0.1989049511568045
0.75 1 31 32 60.00930233756185 0.1885940804279945
0.75 1 32 33 59.79751981512891 0.1789458565603919
0.75 1 33 34 59.31521325022754 0.1699056623179082
0.75 1 34 35 58.6162350866453 0.1614245182268238
0.75 1 35 36 57.74505837675673 0.1534583829510054
0.75 1 36 37 56.73845672645274 0.1459675534366277
0.75 1 37 38 55.62686358117747 0.1389161512164838
0.75 1 38 39 54.43547660275061 0.1322716782562464
0.75 1 39 40 53.18515837394597 0.1260046345185384
0.75 1 40 41 51.89317376662984 0.1200881833367869
0.75 1 41 42 50.57379546789628 0.114497863677054
0.75 1 42 43 49.23880297418077 0.1092113355819287
0.75 1 43 44 47.89789491315452 0.1042081593438295
0.75 1 44 45 46.55903072415509 0.09946960061280738
0.75 1 45 46 45.22743803977903 0.09579486354245952
0.75 1 46 47 43.91079373982603 0.09616956077369171
0.75 1 47 48 42.61208007238565 0.1006954373119851
0.75 1 48 49 41.33470821762791 0.1086213076798103
0.75 1 49 50 40.08114419777445 0.1169951053204437
1 1.25 0 1 6169.280788337362 1.651628868436125
1 1.25 1 2 -1648.676477417102 0.7970638109839556
1 1.25 2 3 -5879.771478340615 2.220768767428326
1 1.25 3 4 -4766.943810739827 2.102292450229876
1 1.25 4 5 -3521.576570554269 1.846702969245901
1 1.25 5 6 -2572.124022223732 1.611370419774176
1 1.25 6 7 -1888.069978694813 1.413938578985049
1 1.25 7 8 -1397.210614976208 1.25043492097996
1 1.25 8 9 -1041.537479597334 1.114492730280771
1 1.25 9 10 -780.349725425855 1.000553819367087
1 1.25 10 11 -585.8473550429512 0.9034126178944595
1 1.25 11 12 -439.2353106684095 0.8202552768807807
1 1.25 12 13 -327.4787957964145 0.7482795881123004
1 1.25 13 14 -241.4810799292663 0.68546794838819
1 1.25 14 15 -174.7795299447989 0.6302503203803812
1 1.25 15 16 -122.711233920641 0.5813900086064495
1 1.25 16 17 -81.86234708955044 0.5379012199591569
1 1.25 17 18 -49.69954886618893 0.4989892823733446
1 1.25 18 19 -24.31958881615424 0.4640068807922252
1 1.25 19 20 -4.27644470733253 0.4324216513327412
1 1.25 20 21 11.53975213580156 0.403791897523793
1 1.25 21 22 23.98874073396951 0.3777481766589522
1 1.25 22 23 33.74207111301132 0.3539791785131801
1 1.25 23 24 41.32826201792773 0.3322207801588011
1 1.25 24 25 47.16610597453348 0.3122474765533946
1 1.25 25 26 51.58949726870333 0.2938656086323075
1 1.25 26 27 54.86612521994948 0.2769079655711059
1 1.25 27 28 57.21167850559561 0.2612294460436406
1 1.25 28 29 58.80073085932304 0.2467035449474903
1 1.25 29 30 59.77514950546379 0.2332194885954156
1 1.25 30 31 60.25063783580174 0.2206798812010867
1 1.25 31 32 60.32186101037598 0.2089987621783304
1 1.25 32 33 60.0664868184266 0.1980999900740194
1 1.25 33 34 59.54839012782793 0.1879158929566694
1 1.25 34 35 58.82020797335866 0.1783861348440136
1 1.25 35 36 57.92538728478132 0.1694567578016905
1 1.25 36 37 56.89983379173708 0.1610793709303059
1 1.25 37 38 55.77324571040049 0.1532104586618395
1 1.25 38 39 54.57019694271912 0.1458107893636894
1 1.25 39 40 53.31102020439357 0.1388449078656825
1 1.25 40 41 52.01252976193831 0.1322806975298067
1 1.25 41 42 50.68861474947909 0.1260890021883413
1 1.25 42 43 49.35072794190387 0.1202432973332167
1 1.25 43 44 48.00828950254419 0.1147194045922941
1 1.25 44 45 46.66902145265294 0.1094952415311732
1 1.25 45 46 45.33797376031907 0.1049415072889793
1 1.25 46 47 44.02260485146235 0.1025210338300435
1 1.25 47 48 42.72577471639809 0.1024537350732958
1 1.25 48 49 41.45076944644072 0.1046132405190755
1 1.25 49 50 40.1999549687265 0.1114753336718104
1.25 1.5 0 1 5778.360317754775 3.346571454053381
1.25 1.5 1 2 -1977.153340171387 3.990143391034485
1.25 1.5 2 3 -5846.525854968007 1.742686901584677
1.25 1.5 3 4 -4688.019790009979 1.683529348963594
1.25 1.5 4 5 -3445.807058957738 1.506162615033977
1.25 1.5 5 6 -2508.038352415216 1.331728693832869
1.25 1.5 6 7 -1835.717201735106 1.179320120269479
1.25 1.5 7 8 -1354.839848222655 1.049720551611571
1.25 1.5 8 9 -1007.266255186215 0.9396898875264174
1.25 1.5 9 10 -752.5600686816265 0.8456371584898529
1.25 1.5 10 11 -563.230911841993 0.7654495561486583
1.25 1.5 11 12 -420.7674419038935 0.6959617649367643
1.25 1.5 12 13 -312.3538253453473 0.6354627598998248
1.25 1.5 13 14 -229.0653344224525 0.5824232924271885
1.25 1.5 14 15 -164.571896713655 0.5356257624530842
1.25 1.5 15 16 -114.3128243167032 0.4940942287433624
1.25 1.5 16 17 -74.95347800709351 0.4570400811833119
1.25 1.5 17 18 -44.02231304782595 0.423820637517171
1.25 1.5 18 19 -19.66461170438311 0.3939077168783751
1.25 1.5 19 20 -0.4727610217116762 0.3668637244253247
1.25 1.5 20 21 14.6324932765458 0.3423233390475602
1.25 1.5 21 22 26.48632376877026 0.3199793913224361
1.25 1.5 22 23 35.74044241585625 0.2995718758693201
1.25 1.5 23 24 42.90725390451917 0.2813978326145753
1.25 1.5 24 25 48.39239025020993 0.266798388569785
1.25 1.5 25 26 52.51894317413064 0.2532234305612958
1.25 1.5 26 27 55.54569350089059 0.2405805198662619
1.25 1.5 27 28 57.680951624145 0.2287872599845743
1.25 1.5 28 29 59.09315587503113 0.2177700734501972
1.25 1.5 29 30 59.91905262431328 0.2074631318965885
1.25 1.5 30 31 60.27005643203495 0.1978074218113744
1.25 1.5 31 32 60.2372289276567 0.1887499315334247
1.25 1.5 32 33 59.89520111923036 0.1802429439930234
1.25 1.5 33 34 59.30528158608871 0.1722434203440208
1.25 1.5 34 35 58.51793305282132 0.1647124643008655
1.25 1.5 35 36 57.57475580587715 0.1576148537893697
1.25 1.5 36 37 56.51008370254118 0.15091863299374
1.25 1.5 37 38 55.35227419088983 0.1445947548351506
1.25 1.5 38 39 54.12475532757412 0.1386167682336862
1.25 1.5 39 40 52.84687882986356 0.1329605433793044
1.25 1.5 40 41 51.53461772515641 0.1276040298484259
1.25 1.5 41 42 50.20113868541313 0.1225270439719957
1.25 1.5 42 43 48.85727319341225 0.1177110810456369
1.25 1.5 43 44 47.51190647880003 0.1131391485820844
1.25 1.5 44 45 46.17229949538881 0.1087956195890263
1.25 1.5 45 46 44.84313299083311 0.1050175801532438
1.25 1.5 46 47 43.53146361613975 0.1031052270939015
1.25 1.5 47 48 42.23988333447565 0.1032352046948544
1.25 1.5 48 49 40.97142214379986 0.1053030878642057
1.25 1.5 49 50 39.72822135720577 0.1080340074324111
1.5 1.75 0 1 5314.812070093634 1.006818580384907
1.5 1.75 1 2 -2387.92539437427 0.8002077130221742
1.5 1.75 2 3 -5828.061850571565 1.803178742407406
1.5 1.75 3 4 -4607.576642174019 1.753697745270539
1.5 1.75 4 5 -3362.202850527299 1.569049475482539
1.5 1.75 5 6 -2433.371617262104 1.380354920199619
1.5 1.75 6 7 -1771.73294070904 1.213713686593287
1.5 1.75 7 8 -1300.671659964314 1.07225618402615
1.5 1.75 8 9 -961.496862647989 0.9529845179636363
1.5 1.75 9 10 -713.8054873884389 0.8519124738028676
1.5 1.75 10 11 -530.2857218908093 0.7665899794087073
1.5 1.75 11 12 -392.6386307277558 0.6932871567021992
1.5 1.75 12 13 -288.227553758732 0.629988336298424
1.5 1.75 13 14 -208.2791416388968 0.5749065543486409
1.5 1.75 14 15 -146.5860523471999 0.5266333329637615
1.5 1.75 15 16 -98.68611907690524 0.4840518993517215
1.5 1.75 16 17 -61.32362421127959 0.4462694519312992
1.5 1.75 17 18 -32.09035806197903 0.4125657711756376
1.5 1.75 18 19 -9.182621151715693 0.3823545568085552
1.5 1.75 19 20 8.765908881284531 0.3551543183299766
1.5 1.75 20 21 22.8008977522918 0.3305663343345108
1.5 1.75 21 22 33.73005269736291 0.3082578435391989
1.5 1.75 22 23 42.18251218583703 0.2879491070812362
1.5 1.75 23 24 48.65203596231709 0.269403366664037
1.5 1.75 24 25 53.52878275777709 0.2524189798408077
1.5 1.75 25 26 57.12294498090193 0.2368232072039959
1.5 1.75 26 27 59.68250364249195 0.2224672645074512
1.5 1.75 27 28 61.40669014414925 0.2092223511804151
1.5 1.75 28 29 62.45628082619032 0.1969764390315988
1.5 1.75 29 30 62.96153205896735 0.1856316572900801
1.5 1.75 30 31 63.02834183039965 0.1751021495554664
1.5 1.75 31 32 62.74306694692666 0.1653123059933028
1.5 1.75 32 33 62.17631309978935 0.1561952971355923
1.5 1.75 33 34 61.3859344278834 0.1476918509101061
1.5 1.75 34 35 60.4194204919666 0.1397492266868087
1.5 1.75 35 36 59.31580549899877 0.1323203521449497
1.5 1.75 36 37 58.10720264909691 0.125363090624568
1.5 1.75 37 38 56.82004272398211 0.1188396205943776
1.5 1.75 38 39 55.47607806068368 0.1127159037527208
1.5 1.75 39 40 54.09319946348273 0.1069612311267249
1.5 1.75 40 41 52.68610341071309 0.1015478306268396
1.5 1.75 41 42 51.26683867642708 0.09645052994619634
1.5 1.75 42 43 49.84525570566507 0.09164646390066593
1.5 1.75 43 44 48.42937704360048 0.0871148198519938
1.5 1.75 44 45 47.02570354227214 0.08283661603579073
1.5 1.75 45 46 45.63827322483871 0.07952581395891603
1.5 1.75 46 47 44.27350370558918 0.07985010446589344
1.5 1.75 47 48 42.93348875456974 0.08389068506895556
1.5 1.75 48 49 41.62079160190925 0.09097002361107671
1.5 1.75 49 50 40.33715101023745 0.09843985137784951
1.75 2 0 1 4825.678427023583 1.11187692771848
1.75 2 1 2 -2803.268320864206 2.798610766289873
1.75 2 2 3 -5799.7086598223 2.901188693218362
1.75 2 3 4 -4529.794756108532 2.38512275357843
1.75 2 4 5 -3290.542174590449 1.964088492793617
1.75 2 5 6 -2375.31854651962 1.648173825587732
1.75 2 6 7 -1726.13307099968 1.408127940954808
1.75 2 7 8 -1265.047911601401 1.22116573041958
1.75 2 8 9 -933.609683441925 1.071815938955031
1.75 2 9 10 -691.8820269136804 0.9508430346978092
1.75 2 10 11 -512.9693769622613 0.8498354902482734
1.75 2 11 12 -378.9190187300067 0.7650301294015044
1.75 2 12 13 -277.3341702330608 0.6927237833698933
1.75 2 13 14 -199.622342785234 0.6304027308540995
1.75 2 14 15 -139.7101997694967 0.5761860151551518
1.75 2 15 16 -93.23579611684613 0.5286381129090781
1.75 2 16 17 -57.01917998206795 0.4866440936771313
1.75 2 17 18 -28.71004126983075 0.4493244828861294
1.75 2 18 19 -6.54938233187795 0.41597592423431
1.75 2 19 20 10.79427985677739 0.3860289815311974
1.75 2 20 21 24.33922517218321 0.3590175686517547
1.75 2 21 22 34.87146790779332 0.3345564268294413
1.75 2 22 23 43.00284448073558 0.3123242739147509
1.75 2 23 24 49.21322963918669 0.2920510212378075
1.75 2 24 25 53.88157797689473 0.2735079507072808
1.75 2 25 26 57.30899655426765 0.2565000808314268
1.75 2 26 27 59.73606676876227 0.2408601686982338
1.75 2 27 28 61.35596970436427 0.2264439526295509
1.75 2 28 29 62.32451730026889 0.2131263447476956
1.75 2 29 30 62.76787982273959 0.2007983574001251
1.75 2 30 31 62.78858274365405 0.1893646045724847
1.75 2 31 32 62.47019251444937 0.178741254485421
1.75 2 32 33 61.88100120436718 0.1688543422664346
1.75 2 33 34 61.07694107498708 0.1596383696091049
1.75 2 34 35 60.10390273863101 0.1510351361806723
1.75 2 35 36 58.99958842661988 0.142992759681962
1.75 2 36 37 57.79500066478323 0.1354648488909369
1.75 2 37 38 56.51564345282247 0.1284098037744157
1.75 2 38 39 55.18249549224782 0.1217902186866236
1.75 2 39 40 53.81280175567258 0.1155723735349024
1.75 2 40 41 52.42071973839126 0.109725795982961
1.75 2 41 42 51.01784871649312 0.1042228850231444
1.75 2 42 43 49.61366468398722 0.09903858529603808
1.75 2 43 44 48.21587876301817 0.09415010422974227
1.75 2 44 45 46.83073337324925 0.08953666695543061
1.75 2 45 46 45.4620945396295 0.08558123145748917
1.75 2 46 47 44.11612213638651 0.08404816236240116
1.75 2 47 48 42.79480731352993 0.08774877736157802
1.75 2 48 49 41.50059531369237 0.09435455376217097
1.75 2 49 50 40.23512135992502 0.1013141210047437
2 2.25 0 1 4293.177606212997 1.088896514509574
2 2.25 1 2 -3235.308481893414 0.8370001391156304
2 2.25 2 3 -5744.0325506232 1.718712618868446
2 2.25 3 4 -4408.450439337728 1.596045987460942
2 2.25 4 5 -3169.462730448826 1.408792882627552
2 2.25 5 6 -2267.879450532753 1.243103419431947
2 2.25 6 7 -1633.993994597465 1.104159914666087
2 2.25 7 8 -1186.870492241743 0.987251805437074
2 2.25 8 9 -867.4059113914709 0.8885366372928087
2 2.25 9 10 -635.7121581122888 0.8046476791482554
2 2.25 10 11 -465.1675531614237 0.7310451132260235
2 2.25 11 12 -338.0738594967697 0.6674009850940219
2 2.25 12 13 -242.2896108949333 0.6115761322613525
2 2.25 13 14 -169.4325813606756 0.5622953105832317
2 2.25 14 15 -113.601525894996 0.5185404211573529
2 2.25 15 16 -70.57362902880368 0.4794895013780374
2 2.25 16 17 -37.28098775347553 0.4444722064428477
2 2.25 17 18 -11.46357968606389 0.4129368223156289
2 2.25 18 19 8.564630929888835 0.3844254712310429
2 2.25 19 20 24.0759248601546 0.3585552366327646
2 2.25 20 21 36.04031929329938 0.3350036256717886
2 2.25 21 22 45.20429040360978 0.3134972599141824
2 2.25 22 23 52.14712372102861 0.2938029877929323
2 2.25 23 24 57.32176547622521 0.2757208434986613
2 2.25 24 25 61.08478829491412 0.259078420973082
2 2.25 25 26 63.71861220832511 0.2437263452064976
2 2.25 26 27 65.44814918389045 0.2295346005848864
2 2.25 27 28 66.45338706748294 0.2163895347265793
2 2.25 28 29 66.87898582632192 0.2041913968511393
2 2.25 29 30 66.84165391497777 0.1928523052856218
2 2.25 30 31 66.4358603456746 0.1822945571435759
2 2.25 31 32 65.73828836167257 0.1724492180107691
2 2.25 32 33 64.81133008370404 0.1632549368098796
2 2.25 33 34 63.70584489470951 0.1546569470397346
2 2.25 34 35 62.46334867099102 0.1466062196342426
2 2.25 35 36 61.11776020761647 0.1390587432082768
2 2.25 36 37 59.69680102475212 0.1319749078307909
2 2.25 37 38 58.22312235460873 0.1253189780063575
2 2.25 38 39 56.71521622422074 0.1190586373910272
2 2.25 39 40 55.18815479272808 0.1131645971520981
2 2.25 40 41 53.65419256532795 0.1076102549114606
2 2.25 41 42 52.1232584103123 0.1023713999856709
2 2.25 42 43 50.60335890675702 0.0974259545335858
2 2.25 43 44 49.10090988709456 0.09275374853547716
2 2.25 44 45 47.62100968859676 0.08833632222955072
2 2.25 45 46 46.16654159509883 0.08482684578952167
2 2.25 46 47 44.74271295488984 0.08466384358606417
2 2.25 47 48 43.3507470657203 0.08790452598961543
2 2.25 48 49 41.99238020035432 0.0939090171911356
2 2.25 49 50 40.66862158632571 0.1002539016715979
2.25 2.5 0 1 3728.854800480302 1.961771050956179
2.25 2.5 1 2 -3672.158719070931 0.9514271551229401
2.25 2.5 2 3 -5653.306472265478 1.760446777565945
2.25 2.5 3 4 -4260.355557312707 1.640984374502063
2.25 2.5 4 5 -3033.995590863733 1.51860608777759
2.25 2.5 5 6 -2155.483603960336 1.366860352662788
2.25 2.5 6 7 -1543.095711250647 1.224511814171402
2.25 2.5 7 8 -1113.727962075101 1.098396574256191
2.25 2.5 8 9 -808.4086651818179 0.9897169586989175
2.25 2.5 9 10 -587.8520641491023 0.8950548387378573
2.25 2.5 10 11 -426.200306430841 0.8127377952274504
2.25 2.5 11 12 -306.1708319484687 0.7410302680892989
2.25 2.5 12 13 -216.0570886586152 0.6781354009153114
2.25 2.5 13 14 -147.7845973590993 0.6226761295146178
2.25 2.5 14 15 -95.68547728783233 0.5735207745735317
2.25 2.5 15 16 -55.71464185745481 0.5297397746842751
2.25 2.5 16 17 -24.94054191995338 0.4905672270863913
2.25 2.5 17 18 -1.208657877325095 0.4553690367176655
2.25 2.5 18 19 17.08469879492782 0.4236172994300107
2.25 2.5 19 20 31.14698655240545 0.394869939918877
2.25 2.5 20 21 41.89678298526053 0.3687545811077725
2.25 2.5 21 22 50.03943633764402 0.344955753246498
2.25 2.5 22 23 56.1211188068213 0.3232047178557942
2.25 2.5 23 24 60.56794399742046 0.3032713345690864
2.25 2.5 24 25 63.71461194493884 0.2849575269186166
2.25 2.5 25 26 65.82561541191012 0.2680920034380769
2.25 2.5 26 27 67.11109830769897 0.25252596851387
2.25 2.5 27 28 67.73882586329717 0.2381296179595983
2.25 2.5 28 29 67.84329816496006 0.2247892599951765
2.25 2.5 29 30 67.53274429194903 0.2124049365152316
2.25 2.5 30 31 66.89452980103044 0.2008884484532721
2.25 2.5 31 32 65.99936624472599 0.1901617078394771
2.25 2.5 32 33 64.90460902320251 0.1801553556565182
2.25 2.5 33 34 63.65685633006058 0.1708075981606101
2.25 2.5 34 35 62.29400858479897 0.162063221678458
2.25 2.5 35 36 60.84690871243077 0.1538727561896044
2.25 2.5 36 37 59.34065477759668 0.1461917614995856
2.25 2.5 37 38 57.7956550956826 0.1389802160399847
2.25 2.5 38 39 56.22847982618049 0.1322019918126505
2.25 2.5 39 40 54.65255090141608 0.1258244014487022
2.25 2.5 40 41 53.07870305734508 0.1198178064379751
2.25 2.5 41 42 51.51564142467709 0.1141552768207086
2.25 2.5 42 43 49.97031599898276 0.1088122954262345
2.25 2.5 43 44 48.44822889766789 0.1037664989071704
2.25 2.5 44 45 46.95368712819237 0.09899745154950645
2.25 2.5 45 46 45.48893302130014 0.09480547969378761
2.25 2.5 46 47 44.05849146345378 0.09236725380929439
2.25 2.5 47 48 42.6631132420612 0.09181661189335316
2.25 2.5 48 49 41.30408428176747 0.09300487856389524
2.25 2.5 49 50 39.98202293235218 0.09475607457278515
2.5 2.75 0 1 3104.423037763065 2.387440478904862
2.5 2.75 1 2 -4148.200189561247 1.111591944393781
2.5 2.75 2 3 -5559.856567658558 3.140535332770807
2.5 2.75 3 4 -4102.787274031226 2.979546272879178
2.5 2.75 4 5 -2885.943090502852 2.602472345973546
2.5 2.75 5 6 -2029.075714888379 2.253503754780612
2.5 2.75 6 7 -1437.913618946317 1.961149946320798
2.5 2.75 7 8 -1026.713875301256 1.720148231610423
2.5 2.75 8 9 -736.3199862711153 1.520588788334151
2.5 2.75 9 10 -527.8920047726888 1.35420719521748
2.5 2.75 10 11 -376.0800200526071 1.213681945561546
2.5 2.75 11 12 -264.0622089600406 1.094084596312426
2.5 2.75 12 13 -180.5060101969493 0.9913136330091339
2.5 2.75 13 14 -117.6324931926017 0.9022714147215849
2.5 2.75 14 15 -70.00495918779961 0.8245476360270623
2.5 2.75 15 16 -33.75895703744095 0.7562464877617142
2.5 2.75 16 17 -6.104545794883279 0.6958605947650498
2.5 2.75 17 18 15.00117793895197 0.6421788730050645
2.5 2.75 18 19 31.07336602079749 0.5942186854969924
2.5 2.75 19 20 43.24877906880113 0.5511754095785205
2.5 2.75 20 21 52.3891670466686 0.512384556709116
2.5 2.75 21 22 59.15390650271479 0.4772930205653938
2.5 2.75 22 23 64.05175255495772 0.4454370291509981
2.5 2.75 23 24 67.47818833583881 0.416425071658924
2.5 2.75 24 25 69.74270252557392 0.3899245528293187
2.5 2.75 25 26 71.08893068094187 0.3656512695520078
2.5 2.75 26 27 71.70967866511421 0.3433610432851599
2.5 2.75 27 28 71.7582338507649 0.3228430143298889
2.5 2.75 28 29 71.35695532952155 0.3039142283846902
2.5 2.75 29 30 70.60384996603148 0.2864152363024823
2.5 2.75 30 31 69.5776439821268 0.2702064930797213
2.5 2.75 31 32 68.34172115921081 0.2551653940857609
2.5 2.75 32 33 66.947200427567 0.241183820174746
2.5 2.75 33 34 65.43535514154763 0.2281660943477389
2.5 2.75 34 35 63.83952528996144 0.2160272715140862
2.5 2.75 35 36 62.18663661841481 0.2046917002533827
2.5 2.75 36 37 60.49841315703287 0.1940918076094295
2.5 2.75 37 38 58.79234929225248 0.1841670678717008
2.5 2.75 38 39 57.08249222782075 0.1748631240825984
2.5 2.75 39 40 55.38007415578289 0.1661310361902928
2.5 2.75 40 41 53.69402486758102 0.1579266355330508
2.5 2.75 41 42 52.03138863060539 0.1502099687967398
2.5 2.75 42 43 50.39766430750663 0.1429448165337789
2.5 2.75 43 44 48.79708355285695 0.1360982763399023
2.5 2.75 44 45 47.2328389253569 0.1296403992684389
2.5 2.75 45 46 45.70623711849024 0.1237664522830056
2.5 2.75 46 47 44.22085549881493 0.119290902089189
2.5 2.75 47 48 42.77672861603327 0.1163257057713279
2.5 2.75 48 49 41.37447141202784 0.1148108479583135
2.5 2.75 49 50 40.0141078727726 0.1139300851838726
2.75 3 0 1 2419.678554845313 1.656397612318429
2.75 3 1 2 -4609.075761552167 5.082008068813325
2.75 3 2 3 -5400.905784309092 6.544860473068785
2.75 3 3 4 -3885.421342144857 5.537248097392971
2.75 3 4 5 -2689.542374150654 4.579380689876611
2.75 3 5 6 -1864.937801430621 3.826397303654756
2.75 3 6 7 -1303.559718400277 3.242634863514036
2.75 3 7 8 -917.1389042564647 2.784194107235159
2.75 3 8 9 -646.7284955322325 2.418103326455981
2.75 3 9 10 -454.2915735137553 2.120440153069207
2.75 3 10 11 -315.2933535943787 1.875080851290415
2.75 3 11 12 -213.5935830856454 1.670009912315998
2.75 3 12 13 -138.3992602991304 1.496631127992371
2.75 3 13 14 -82.34822808927925 1.348546499253936
2.75 3 14 15 -40.32419024940327 1.220925703625325
2.75 3 15 16 -8.709481074878568 1.110063087544326
2.75 3 16 17 15.0947342452107 1.013074020850049
2.75 3 17 18 32.98233928843183 0.9276830703507435
2.75 3 18 19 46.35140535034338 0.8520736702071618
2.75 3 19 20 56.24600392354751 0.7847796902512394
2.75 3 20 21 63.45396017070857 0.7246060320329862
2.75 3 21 22 68.57527277469922 0.6705696600942804
2.75 3 22 23 72.0706834468175 0.6218552376172517
2.75 3 23 24 74.29660675949265 0.5777813475509415
2.75 3 24 25 75.53055377922078 0.5377744867688139
2.75 3 25 26 75.98984202007 0.501348838339444
2.75 3 26 27 75.84550546047217 0.4680903877538486
2.75 3 27 28 75.23273345867466 0.4376443397153231
2.75 3 28 29 74.2587729124856 0.4097050666841907
2.75 3 29 30 73.00895808625859 0.3840080189936558
2.75 3 30 31 71.55134590665307 0.3603231657326431
2.75 3 31 32 69.9403036780929 0.3384496414321896
2.75 3 32 33 68.21930358695136 0.3182113496999073
2.75 3 33 34 66.42311215424905 0.2994533300332463
2.75 3 34 35 64.57951496217021 0.2820387402624528
2.75 3 35 36 62.71068213183395 0.2658463352370724
2.75 3 36 37 60.83425439017805 0.2507683514481475
2.75 3 37 38 58.96421062737215 0.2367087224224544
2.75 3 38 39 57.11156364384138 0.2235815674964191
2.75 3 39 40 55.2849201104645 0.2113099061390019
2.75 3 40 41 53.4909328263241 0.199824559852833
2.75 3 41 42 51.73466699422727 0.1890632109893831
2.75 3 42 43 50.01989776335404 0.1789695926144049
2.75 3 43 44 48.34935250337023 0.1694927895528242
2.75 3 44 45 46.72490851001177 0.16058663233172
2.75 3 45 46 45.1467740482496 0.1523719308825197
2.75 3 46 47 43.61740781830028 0.1454301099619142
2.75 3 47 48 42.136010702146 0.1398434461791376
2.75 3 48 49 40.70241706065215 0.1355802732552169
2.75 3 49 50 39.31595968243337 0.1320398122933777
3 3.25 0 1 1682.435949435274 1.282522161271839
3 3.25 1 2 -4976.930986116848 9.813272093651586
3 3.25 2 3 -5121.682374064571 10.14191101837609
3 3.25 3 4 -3575.780168866734 8.212301761680262
3 3.25 4 5 -2425.877567135828 6.644018503304861
3 3.25 5 6 -1652.132046554266 5.471964262483742
3 3.25 6 7 -1133.870028105803 4.587524124725504
3 3.25 7 8 -781.7645864482101 3.90524287541767
3 3.25 8 9 -538.2173307942376 3.367170098939596
3 3.25 9 10 -366.7975555311737 2.934458186650088
3 3.25 10 11 -244.3283172652889 2.58062950027134
3 3.25 11 12 -155.7265363066556 2.287026421878764
3 3.25 12 13 -90.99605338628271 2.040338507236014
3 3.25 13 14 -43.37134468090903 1.830799270338436
3 3.25 14 15 -8.183874362424376 1.6511098509748
3 3.25 15 16 17.84575660572818 1.495718415158945
3 3.25 16 17 37.05865393908925 1.360334793447804
3 3.25 17 18 51.15053052360929 1.241596529589625
3 3.25 18 19 61.36567976097786 1.136834541758648
3 3.25 19 20 68.62778194858561 1.043905691795022
3 3.25 20 21 73.62961412120853 0.961071170898352
3 3.25 21 22 76.89554121363165 0.8869068238326381
3 3.25 22 23 78.82567579388819 0.8202361065408762
3 3.25 23 24 79.72749761329851 0.760079327106587
3 3.25 24 25 79.83876976830129 0.7056147665188242
3 3.25 25 26 79.34433272014343 0.6561485783258348
3 3.25 26 27 78.38853817165864 0.6110912532231799
3 3.25 27 28 77.08454172261872 0.5699390478615133
3 3.25 28 29 75.5213083049382 0.5322592050630646
3 3.25 29 30 73.768935592351 0.497678098582673
3 3.25 30 31 71.88272913478153 0.4658716526393575
3 3.25 31 32 69.90634313861614 0.4365575465513513
3 3.25 32 33 67.87421630345642 0.4094888304602721
3 3.25 33 34 65.8134718646923 0.3844486649901787
3 3.25 34 35 63.74540759295797 0.3612459621969779
3 3.25 35 36 61.68666996488417 0.3397117536990251
3 3.25 36 37 59.65018359969676 0.3196961497194341
3 3.25 37 38 57.64589001763846 0.3010657801123244
3 3.25 38 39 55.68133703734489 0.2837016316767557
3 3.25 39 40 53.76215058363124 0.2674972123937744
3 3.25 40 41 51.89241359851124 0.2523569864324924
3 3.25 41 42 50.07497108362938 0.2381950353332039
3 3.25 42 43 48.31167633870007 0.2249339082558921
3 3.25 43 44 46.60359012405235 0.2125036308557112
3 3.25 44 45 44.95114201922368 0.2008408484335967
3 3.25 45 46 43.35335296836308 0.1900036987682282
3 3.25 46 47 41.81143627604328 0.1803811802389799
3 3.25 47 48 40.32370942137084 0.172013752340954
3 3.25 48 49 38.88917213285153 0.1648685749986391
3 3.25 49 50 37.50642233775643 0.1585089595023673
3.25 3.5 0 1 921.4029648602884 1.446443352303581
3.25 3.5 1 2 -5140.699544537176 18.92950576983926
3.25 3.5 2 3 -4660.126332327231 15.06236836293871
3.25 3.5 3 4 -3140.504551372834 11.36811595053399
3.25 3.5 4 5 -2077.393956612528 8.855689373786033
3.25 3.5 5 6 -1382.005924482405 7.108723438831059
3.25 3.5 6 7 -925.3167067328945 5.844339768119767
3.25 3.5 7 8 -620.0628145292137 4.896271366530535
3.25 3.5 8 9 -412.0285671327235 4.164327901047293
3.25 3.5 9 10 -267.6862004218003 3.585588688674725
3.25 3.5 10 11 -166.048598090237 3.118907401684051
3.25 3.5 11 12 -93.63319927132306 2.736283057487117
3.25 3.5 12 13 -41.60160238099274 2.418158002919244
3.25 3.5 13 14 -4.02923772946906 2.150463333855036
3.25 3.5 14 15 23.13627704909095 1.922849157820063
3.25 3.5 15 16 42.71805227548759 1.727547194369362
3.25 3.5 16 17 56.71546951495509 1.558623295046187
3.25 3.5 17 18 66.56545975195502 1.411473354220784
3.25 3.5 18 19 73.31425493316863 1.282475464368654
3.25 3.5 19 20 77.73242910800445 1.168744918072516
3.25 3.5 20 21 80.39330270009066 1.067958448467561
3.25 3.5 21 22 81.72723563262718 0.9782260359166609
3.25 3.5 22 23 82.05977663847602 0.8979959967546303
3.25 3.5 23 24 81.63882917405539 0.8259837498180842
3.25 3.5 24 25 80.65423386057665 0.7611176851235224
3.25 3.5 25 26 79.25204305946806 0.7024975577325322
3.25 3.5 26 27 77.54503343349859 0.6493621719959494
3.25 3.5 27 28 75.62052096557522 0.601064038341687
3.25 3.5 28 29 73.54622092669433 0.5570493194266906
3.25 3.5 29 30 71.37467670438264 0.5168418300346038
3.25 3.5 30 31 69.14663141006821 0.4800301720628128
3.25 3.5 31 32 66.89361176860666 0.4462573158160726
3.25 3.5 32 33 64.63992043520909 0.4152121054455201
3.25 3.5 33 34 62.4041807768248 0.3866222892863043
3.25 3.5 34 35 60.20054076876033 0.360248767650395
3.25 3.5 35 36 58.0396155852232 0.3358808187568109
3.25 3.5 36 37 55.92922869261551 0.3133321156879758
3.25 3.5 37 38 53.87499673576363 0.2924373868771209
3.25 3.5 38 39 51.88079268851692 0.2730496030063753
3.25 3.5 39 40 49.9491136681921 0.2550375968681072
3.25 3.5 40 41 48.08137384527248 0.2382840409075966
3.25 3.5 41 42 46.27813812447272 0.2226837221905672
3.25 3.5 42 43 44.53930894776607 0.2081420651950956
3.25 3.5 43 44 42.86427580665614 0.1945738622933209
3.25 3.5 44 45 41.2520349907323 0.181902179216733
3.25 3.5 45 46 39.70047801095421 0.1701670242559716
3.25 3.5 46 47 38.20955444825444 0.1597303391110535
3.25 3.5 47 48 36.77677728867157 0.150633426157716
3.25 3.5 48 49 35.40036779741099 0.1428494158476529
3.25 3.5 49 50 34.07825070754953 0.1359612565326546
3.5 3.75 0 1 213.1959326829733 1.7391162688281
3.5 3.75 1 2 -4937.132236422958 25.22952318565562
3.5 3.75 2 3 -3953.149234447106 16.64749520907258
3.5 3.75 3 4 -2556.244685222252 11.75646792314105
3.5 3.75 4 5 -1638.380931717671 8.808175076009304
3.5 3.75 5 6 -1056.874084170178 6.87771636866932
3.5 3.75 6 7 -683.7981917407992 5.532826828470985
3.5 3.75 7 8 -439.3788755331545 4.551623409019464
3.5 3.75 8 9 -275.9049628802954 3.810109710896398
3.5 3.75 9 10 -164.5821035244096 3.233805244902296
3.5 3.75 10 11 -87.71552736520016 2.775880704396974
3.5 3.75 11 12 -34.10537454289874 2.405211462469675
3.5 3.75 12 13 3.495734448158373 2.10051811911254
3.5 3.75 13 14 29.88965162423949 1.846760585328969
3.5 3.75 14 15 48.32541580801603 1.633036584850855
3.5 3.75 15 16 61.04313848681988 1.451267012783129
3.5 3.75 16 17 69.61330226478594 1.295349168409027
3.5 3.75 17 18 75.15324137711048 1.160595323986728
3.5 3.75 18 19 78.46819957280559 1.043350933738046
3.5 3.75 19 20 80.14504825943379 0.9407291414797962
3.5 3.75 20 21 80.6156723975372 0.850422461537034
3.5 3.75 21 22 80.20054438980713 0.770566809748836
3.5 3.75 22 23 79.13912556670437 0.6996417527155012
3.5 3.75 23 24 77.61136526282212 0.6363962640711618
3.5 3.75 24 25 75.75309225510938 0.5797927360868006
3.5 3.75 25 26 73.66715761299116 0.5289642492557212
3.5 3.75 26 27 71.43158443588277 0.483181600965205
3.5 3.75 27 28 69.10558412239942 0.4418276062685044
3.5 3.75 28 29 66.73403552255525 0.4043768794986263
3.5 3.75 29 30 64.35084551319912 0.3703797904969586
3.5 3.75 30 31 61.98148814722677 0.3394496311449113
3.5 3.75 31 32 59.6449354313115 0.3112522734440958
3.5 3.75 32 33 57.35513399167655 0.2854977776847273
3.5 3.75 33 34 55.12214032092771 0.2619335390105773
3.5 3.75 34 35 52.95299761401571 0.2403386566189651
3.5 3.75 35 36 50.85241580489529 0.2205192818975144
3.5 3.75 36 37 48.82330086541674 0.2023047552058425
3.5 3.75 37 38 46.86716805827942 0.1855443825374746
3.5 3.75 38 39 44.98446540231359 0.1701047344324758
3.5 3.75 39 40 43.1748273499586 0.1558673743012851
3.5 3.75 40 41 41.43727406583768 0.1427269412326033
3.5 3.75 41 42 39.77036804368555 0.130589528900363
3.5 3.75 42 43 38.17233725021418 0.1193713122918981
3.5 3.75 43 44 36.64117189340625 0.1089973850053425
3.5 3.75 44 45 35.17470033868922 0.09940077699669624
3.5 3.75 45 46 33.76997897140043 0.09068090860786202
3.5 3.75 46 47 32.42586842937544 0.08342522763010973
3.5 3.75 47 48 31.13935332299063 0.0777746482541599
3.5 3.75 48 49 29.90810441704151 0.07374451849053552
3.5 3.75 49 50 28.72959653172951 0.07074463787630635
3.75 4 0 1 -333.5882211356553 1.958688029083126
3.75 4 1 2 -4234.201909137139 29.84322302900759
3.75 4 2 3 -2988.039242927045 13.78793374119176
3.75 4 3 4 -1834.800906553287 8.02270557959296
3.75 4 4 5 -1126.404906592309 5.206136685542119
3.75 4 5 6 -694.7348221156046 3.600738694772541
3.75 4 6 7 -425.9907090220593 2.594950151327779
3.75 4 7 8 -254.5732166894716 1.923172006806878
3.75 4 8 9 -142.8681906692086 1.453613269556514
3.75 4 9 10 -68.81873679193563 1.114085011927478
3.75 4 10 11 -19.16634537932919 0.8623335841485209
3.75 4 11 12 14.31989584519579 0.672476414145153
3.75 4 12 13 36.8806777963199 0.5277292194102993
3.75 4 13 14 51.93535066161235 0.4170609561214005
3.75 4 14 15 61.76432254943074 0.3330782739847427
3.75 4 15 16 67.91786691440655 0.292208330448113
3.75 4 16 17 71.46766980496972 0.2689694267073307
3.75 4 17 18 73.1653651139834 0.2481586014925052
3.75 4 18 19 73.5446803474365 0.2294476773150544
3.75 4 19 20 72.9885907965114 0.2125624724416131
3.75 4 20 21 71.77428512191199 0.1972725544387001
3.75 4 21 22 70.10377723478291 0.1833831440510381
3.75 4 22 23 68.12506130054794 0.1778630881028433
3.75 4 23 24 65.94693087937992 0.1824235812384493
3.75 4 24 25 63.64948776515871 0.186972610335297
3.75 4 25 26 61.29167717545076 0.1911512402954625
3.75 4 26 27 58.91674505323502 0.1947843471141444
3.75 4 27 28 56.55622627064477 0.1978039854155928
3.75 4 28 29 54.23288299229156 0.2002027716805869
3.75 4 29 30 51.96288534183086 0.2020061725457759
3.75 4 30 31 49.75744030670737 0.2032562324678077
3.75 4 31 32 47.62401548764035 0.2040021190809089
3.75 4 32 33 45.56726308378013 0.2042947145529916
3.75 4 33 34 43.58972054806412 0.2041836074640742
3.75 4 34 35 41.69234380710503 0.2037155080421018
3.75 4 35 36 39.8749142169893 0.2029335041445916
3.75 4 36 37 38.13634980657791 0.2018768083386261
3.75 4 37 38 36.47494363460623 0.2005807858299037
3.75 4 38 39 34.88854640106524 0.1990771361365359
3.75 4 39 40 33.37470625579793 0.1973941524141311
3.75 4 40 41 31.93077568327386 0.1955570124077038
3.75 4 41 42 30.5539929239584 0.1935880749078819
3.75 4 42 43 29.24154371700234 0.1915071658948615
3.75 4 43 44 27.99060780009909 0.1893318470381473
3.75 4 44 45 26.79839356501225 0.1870776622360416
3.75 4 45 46 25.6616684851065 0.1848111431015411
3.75 4 46 47 24.57860991215405 0.1827282474327382
3.75 4 47 48 23.54615169218217 0.1808420166405818
3.75 4 48 49 22.56182330074471 0.179133089455696
3.75 4 49 50 21.62304101929955 0.1774432622854859
4 5 0 1 -1059.963703208978 3.05303385554426
4 5 1 2 -4651.703183017858 7.638119139753045
4 5 2 3 -2692.519752587863 5.296803851362538
4 5 3 4 -1471.331615922462 4.013701919983941
4 5 4 5 -803.2809425100581 3.112422349179039
4 5 5 6 -428.8046892180814 2.27323229725133
4 5 6 7 -212.422348216819 1.765471379722033
4 5 7 8 -83.91814609766993 1.472037174273365
4 5 8 9 -6.097961405920614 1.245848303022505
4 5 9 10 41.05820618959422 1.05924022687495
4 5 10 11 69.31306977993654 0.9290165070690031
4 5 11 12 85.91734968415335 0.8264991461931922
4 5 12 13 95.01823892524271 0.7257796656939731
4 5 13 14 99.13987269109111 0.645853177117113
4 5 14 15 100.0637826207538 0.5914959061067036
4 5 15 16 98.99638098050775 0.545014431676356
4 5 16 17 96.6591952859095 0.4951459082458943
4 5 17 18 93.49473507986136 0.4481007022376066
4 5 18 19 89.82273251555796 0.4104984101813215
4 5 19 20 85.88643637840676 0.3811774151931782
4 5 20 21 81.85471723827618 0.355548573522844
4 5 21 22 77.83262017602931 0.3307319499383704
4 5 22 23 73.88307017012033 0.3066988191988498
4 5 23 24 70.04587090443638 0.2845415037275875
4 5 24 25 66.3479032815894 0.2648908551287362
4 5 25 26 62.80689823852802 0.2475983454422489
4 5 26 27 59.43289673514954 0.2321241536569566
4 5 27 28 56.22962799746847 0.2179512634379846
4 5 28 29 53.196176474208 0.2047664404463618
4 5 29 30 50.32858942619009 0.1924442914028308
4 5 30 31 47.62112247404575 0.1809561377025407
4 5 31 32 45.06705998261351 0.1702913852756265
4 5 32 33 42.65920185910201 0.1604198158281988
4 5 33 34 40.39014363435835 0.1512867119004398
4 5 34 35 38.25244745895262 0.1428231610058991
4 5 35 36 36.23875945220536 0.1349583398193859
4 5 36 37 34.34189779209164 0.1276278165513398
4 5 37 38 32.55491979046563 0.1207769960043864
4 5 38 39 30.87117038663181 0.1143610947932193
4 5 39 40 29.28431370826613 0.1083434125828538
4 5 40 41 27.78835009270944 0.1026932067530953
4 5 41 42 26.37762149031581 0.09738386804364306
4 5 42 43 25.0468082879876 0.09239162790511279
4 5 43 44 23.79092025191739 0.08769476544090965
4 5 44 45 22.60528369098758 0.08327318092947546
4 5 45 46 21.48504642601971 0.07949628102469908
4 5 46 47 20.42668915054295 0.07775273861964287
4 5 47 48 19.42596093418441 0.07801684079309466
4 5 48 49 18.47934549634909 0.07985594605074184
4 5 49 50 17.58310660600485 0.08205036319833965
-5 5 0 50 -564948.8999232143 96.19099346945728
