#ylo yhi qTlo qThi PDF0  uncertainty
-5 -4 50 51 16.8527780031065 0.01699468142301945
-5 -4 51 52 16.07835862036922 0.01634581110875372
-5 -4 52 53 15.34227673223553 0.01591369676969046
-5 -4 53 54 14.64242428141256 0.0153479826305199
-5 -4 54 55 13.97669313890153 0.01477067961298565
-5 -4 55 56 13.34310440638759 0.01433732744458653
-5 -4 56 57 12.73353810341528 0.00652946994331729
-5 -4 57 58 12.15933756017231 0.00631131993211013
-5 -4 58 59 11.61231850193419 0.006103306597893788
-5 -4 59 60 11.09104587789945 0.005903881249724728
-5 -4 60 61 10.59414630263106 0.005712795119310647
-5 -4 61 62 10.12034410680046 0.00552939012070286
-5 -4 62 63 9.66842553567359 0.005353119959191591
-5 -4 63 64 9.237239997507423 0.00518402998187749
-5 -4 64 65 8.825690768889856 0.005021580920299037
-5 -4 65 66 8.432722409125979 0.004865569367465426
-5 -4 66 67 8.058708687168098 0.004637633858186495
-5 -4 67 68 7.699656857380211 0.004490028378982507
-5 -4 68 69 7.357505464128624 0.002187042298826815
-5 -4 69 70 7.025628397417084 0.00212526357364932
-5 -4 70 71 6.704648178184461 0.002052549376679725
-5 -4 71 72 6.393325177318196 0.001971788623677534
-5 -4 72 73 6.092452927852334 0.001949576755472015
-5 -4 73 74 5.801348096541291 0.002068236085123111
-5 -4 74 75 5.519017848077509 0.00170003884923514
-5 -4 75 76 5.246542887105377 0.001059014329450808
-5 -4 76 77 4.984192751883436 0.001016665099173865
-5 -4 77 78 4.730817002613507 0.0006996999119033605
-5 -4 78 79 4.487108851564726 0.0006699638359605585
-5 -4 79 80 4.252448678368057 0.0005364186478229147
-5 -4 80 81 4.024277746322473 0.002052744026783643
-5 -4 81 82 3.807737797274688 0.0004686194116981431
-5 -4 82 83 3.602407302662374 0.002292904953187367
-5 -4 83 84 3.403280045226482 0.002132824645174118
-5 -4 84 85 3.212219342096802 0.001964682710609442
-5 -4 85 86 3.029367100979772 0.001747261322076208
-5 -4 86 87 2.855062651828245 0.001704514299638404
-5 -4 87 88 2.688044840438282 0.001500751593047783
-5 -4 88 89 2.528660839126139 0.00130930320743564
-5 -4 89 90 2.362631795177107 0.001549671204132417
-5 -4 90 91 2.231982696332404 0.0009829651202062188
-5 -4 91 92 2.094272778659652 0.0008602071293405682
-5 -4 92 93 1.962608706667034 0.001538424108613806
-5 -4 93 94 1.838331351286694 0.001455816676634663
-5 -4 94 95 1.720424494088903 0.001376375872915954
-5 -4 95 96 1.608670946471956 0.00130889571098653
-5 -4 96 97 1.502853346222853 0.001267075321677879
-5 -4 97 98 1.402754768760801 0.001233603871589392
-5 -4 98 99 1.308159302664038 0.001205189718616313
-5 -4 99 100 1.218852589229661 0.001179054061923488
-4 -3.75 50 51 19.82311954941351 0.00103894432635699
-4 -3.75 51 52 19.01853385860176 0.001075356789268706
-4 -3.75 52 53 18.24988899949076 0.001474714922865503
-4 -3.75 53 54 17.51528980407045 0.001533460924917477
-4 -3.75 54 55 16.81309066813624 0.001161713270577473
-4 -3.75 55 56 16.14173713264373 0.0006601196473532397
-4 -3.75 56 57 15.49963754232227 0.0006099835185013826
-4 -3.75 57 58 14.88539214741037 0.000600385285223331
-4 -3.75 58 59 14.29764238081895 0.0005852618642957333
-4 -3.75 59 60 13.735070117964 0.0005791271997808773
-4 -3.75 60 61 13.19646694200651 0.0005657779882555396
-4 -3.75 61 62 12.68064811283674 0.0005515597606016383
-4 -3.75 62 63 12.18649127798223 0.0005421986966139546
-4 -3.75 63 64 11.712920035295 0.0005303652644161413
-4 -3.75 64 65 11.25888037443837 0.0005198634827353325
-4 -3.75 65 66 10.8233269335084 0.0005010527237596876
-4 -3.75 66 67 10.4054480185646 0.01295041763350512
-4 -3.75 67 68 10.00327961620646 0.01314716498087639
-4 -3.75 68 69 9.615506350721088 0.01162485173861647
-4 -3.75 69 70 9.239262683105615 0.01020421577644005
-4 -3.75 70 71 8.872477145478333 0.008890207881898385
-4 -3.75 71 72 8.514415290983541 0.007671996997046479
-4 -3.75 72 73 8.159002791979564 0.005857567787513413
-4 -3.75 73 74 7.818848603381728 0.002652110158113441
-4 -3.75 74 75 7.489303892720387 0.005830239293493056
-4 -3.75 75 76 7.169273572599504 0.003428854221633574
-4 -3.75 76 77 6.853857094581137 0.003156952052462628
-4 -3.75 77 78 6.546191400330045 0.002589145784483036
-4 -3.75 78 79 6.24864892593175 0.002087121476517404
-4 -3.75 79 80 5.959938412227273 0.001618184536176066
-4 -3.75 80 81 5.680086143805415 0.001185687391617365
-4 -3.75 81 82 5.409095162607327 0.0007961130299511391
-4 -3.75 82 83 5.146931292670246 0.0006491309128532463
-4 -3.75 83 84 4.893557153494716 0.000644587843857034
-4 -3.75 84 85 4.648926783070412 0.0006545881615178146
-4 -3.75 85 86 4.414838020232907 0.0006548199264515029
-4 -3.75 86 87 4.185589431881581 0.0006623156837692
-4 -3.75 87 88 3.966750296646201 0.0006647237216532874
-4 -3.75 88 89 3.756353694450802 0.000694916834188488
-4 -3.75 89 90 3.55418446282682 0.0007174979069286496
-4 -3.75 90 91 3.360127323786695 0.0006648058083075759
-4 -3.75 91 92 3.174087409860614 0.0006564269820757991
-4 -3.75 92 93 2.995891955475502 0.0006457634522946408
-4 -3.75 93 94 2.825379298865658 0.0006330444063150966
-4 -3.75 94 95 2.662379521526595 0.0006184929097311363
-4 -3.75 95 96 2.506715367903029 0.0006059098945653034
-4 -3.75 96 97 2.358203161366399 0.0002727096144283211
-4 -3.75 97 98 2.216653615159748 0.0002553673177349588
-4 -3.75 98 99 2.081872783911569 0.0002404103764815432
-4 -3.75 99 100 1.953662820079085 0.0002280522564709752
-3.75 -3.5 50 51 26.08361697581334 0.06116927452085592
-3.75 -3.5 51 52 25.07830891008634 0.06076524421807788
-3.75 -3.5 52 53 24.11608389372167 0.03320110884424424
-3.75 -3.5 53 54 23.19282969424382 0.03126005473048006
-3.75 -3.5 54 55 22.30521240363272 0.05094854836722769
-3.75 -3.5 55 56 21.45699929420845 0.04585886612741773
-3.75 -3.5 56 57 20.6435882280009 0.04151747236824239
-3.75 -3.5 57 58 19.86342554152861 0.03817299023068989
-3.75 -3.5 58 59 19.11511716309469 0.03569393419490399
-3.75 -3.5 59 60 18.3973162281935 0.03394625276289632
-3.75 -3.5 60 61 17.70859090894072 0.03228876217461779
-3.75 -3.5 61 62 17.04749136507277 0.02994662862065818
-3.75 -3.5 62 63 16.41285571168076 0.02702263067940067
-3.75 -3.5 63 64 15.80340178535128 0.02426452086343156
-3.75 -3.5 64 65 15.21790365931007 0.02214360071546872
-3.75 -3.5 65 66 14.65512443612537 0.01988479374763136
-3.75 -3.5 66 67 14.11375137598536 0.01777600667658288
-3.75 -3.5 67 68 13.59222675869212 0.01643962013615928
-3.75 -3.5 68 69 13.08814869308113 0.01638058076872497
-3.75 -3.5 69 70 12.5987175888014 0.01213852375562131
-3.75 -3.5 70 71 12.11068006620677 0.01267987536644663
-3.75 -3.5 71 72 11.64776829435344 0.009601411469602064
-3.75 -3.5 72 73 11.18904220500422 0.008072125356125096
-3.75 -3.5 73 74 10.74028433898891 0.01342183267637508
-3.75 -3.5 74 75 10.30611789182458 0.006012731092069634
-3.75 -3.5 75 76 9.876878277571882 0.007387701786237123
-3.75 -3.5 76 77 9.456371719413015 0.003414544009217695
-3.75 -3.5 77 78 9.048788042905434 0.002829880178020202
-3.75 -3.5 78 79 8.651932255300402 0.002258553150024003
-3.75 -3.5 79 80 8.265929529326261 0.001682410837149184
-3.75 -3.5 80 81 7.890886175194708 0.001112105554563226
-3.75 -3.5 81 82 7.500151697246952 0.00328256193855572
-3.75 -3.5 82 83 7.173911699735239 0.000859060490878682
-3.75 -3.5 83 84 6.842306543544773 0.002932108056029245
-3.75 -3.5 84 85 6.510674014459066 0.002248874086736308
-3.75 -3.5 85 86 6.181373605621794 0.000907443261983023
-3.75 -3.5 86 87 5.872567054388032 0.0009166901798139767
-3.75 -3.5 87 88 5.574678060375743 0.0009214400704170051
-3.75 -3.5 88 89 5.287604612707723 0.0009238949948741241
-3.75 -3.5 89 90 5.011236187124693 0.0009229296774509757
-3.75 -3.5 90 91 4.745444947983769 0.000918582185694758
-3.75 -3.5 91 92 4.490084912348023 0.000911226790849308
-3.75 -3.5 92 93 4.247740483338973 0.0008890137010031831
-3.75 -3.5 93 94 4.009999370970846 0.0008879305601178282
-3.75 -3.5 94 95 3.784909064678386 0.0008724128412726973
-3.75 -3.5 95 96 3.56952261878196 0.0008546114670486719
-3.75 -3.5 96 97 3.363542044983292 0.0007889156398952523
-3.75 -3.5 97 98 3.166920221106313 0.0007705846326107164
-3.75 -3.5 98 99 2.97933003931069 0.0007463205558362077
-3.75 -3.5 99 100 2.789860547728723 0.0006616437334243404
-3.5 -3.25 50 51 30.65143898039089 0.07124119819319405
-3.5 -3.25 51 52 29.52882801012777 0.07070983073689137
-3.5 -3.25 52 53 28.44966265237954 0.06827827285462318
-3.5 -3.25 53 54 27.4124213746564 0.06423478946131859
-3.5 -3.25 54 55 26.41559242583482 0.05884598090976292
-3.5 -3.25 55 56 25.45759861767829 0.05271237394176996
-3.5 -3.25 56 57 24.53661168355683 0.04753785094709077
-3.5 -3.25 57 58 23.65115133449211 0.04363623672258712
-3.5 -3.25 58 59 22.79988322246611 0.04084638338388174
-3.5 -3.25 59 60 21.98150001415114 0.0390021734877655
-3.5 -3.25 60 61 21.19457708206878 0.03726565029405797
-3.5 -3.25 61 62 20.43764419175729 0.03461166095614368
-3.5 -3.25 62 63 19.70954163665874 0.0311651789059275
-3.5 -3.25 63 64 19.00895057438806 0.0279303686980704
-3.5 -3.25 64 65 18.3346017251407 0.02554713012366281
-3.5 -3.25 65 66 17.68519259430843 0.02294472951660002
-3.5 -3.25 66 67 17.05931261787475 0.02052397114479193
-3.5 -3.25 67 68 16.45524243597254 0.01821247269551712
-3.5 -3.25 68 69 15.87021643162587 0.0160564010388464
-3.5 -3.25 69 70 15.28865965815689 0.019832281055571
-3.5 -3.25 70 71 14.73867054257321 0.01671161760318665
-3.5 -3.25 71 72 14.19076152118371 0.009282383587638452
-3.5 -3.25 72 73 13.65306572340249 0.01477668515070745
-3.5 -3.25 73 74 13.12575078822088 0.02172476915327308
-3.5 -3.25 74 75 12.61393825572815 0.009871046371757152
-3.5 -3.25 75 76 12.10715696528732 0.01192375466600106
-3.5 -3.25 76 77 11.60930553521822 0.003941948847723657
-3.5 -3.25 77 78 11.12590678977493 0.003347737657972551
-3.5 -3.25 78 79 10.6536860080941 0.0093273228335702
-3.5 -3.25 79 80 10.19384478903468 0.007668739988639781
-3.5 -3.25 80 81 9.746085723649937 0.006115654560471151
-3.5 -3.25 81 82 9.310566896291888 0.004712945315553374
-3.5 -3.25 82 83 8.855151191959683 0.003490662229959819
-3.5 -3.25 83 84 8.476590549975848 0.00234353691715369
-3.5 -3.25 84 85 8.078283377813582 0.001396040862837813
-3.5 -3.25 85 86 7.692488587670997 0.0009797395047611488
-3.5 -3.25 86 87 7.259819253882192 0.005305716197186791
-3.5 -3.25 87 88 6.958421536724211 0.001879911244806841
-3.5 -3.25 88 89 6.610052251344453 0.002541188683725821
-3.5 -3.25 89 90 6.274026241442241 0.003169798460329924
-3.5 -3.25 90 91 5.903180866744264 0.006752019750445066
-3.5 -3.25 91 92 5.638849753918326 0.001004776700903741
-3.5 -3.25 92 93 5.339145664962449 0.001004139359661657
-3.5 -3.25 93 94 5.051250896702745 0.001001227475371224
-3.5 -3.25 94 95 4.765642014209298 0.002876840417767542
-3.5 -3.25 95 96 4.502227541648153 0.003003911543889592
-3.5 -3.25 96 97 4.256506334865835 0.0009706376630135077
-3.5 -3.25 97 98 4.013853388656504 0.0009541434477452093
-3.5 -3.25 98 99 3.78193795805997 0.0009349933390410032
-3.5 -3.25 99 100 3.56050714670785 0.001392027749685743
-3.25 -3 50 51 33.45889802472243 0.07848022979394902
-3.25 -3 51 52 32.28986006029805 0.07791908108710208
-3.25 -3 52 53 31.16269836223196 0.07521747156040857
-3.25 -3 53 54 30.07626183818125 0.0706915738003526
-3.25 -3 54 55 29.02935907725697 0.06463451783562287
-3.25 -3 55 56 28.02068675138412 0.05773043728995084
-3.25 -3 56 57 27.04864196929792 0.05195572895444956
-3.25 -3 57 58 26.11194686192751 0.04767838861772814
-3.25 -3 58 59 25.20944467927312 0.04471395319438717
-3.25 -3 59 60 24.33997972450966 0.04287075210489755
-3.25 -3 60 61 23.5022484980352 0.04114402864587467
-3.25 -3 61 62 22.69487245416133 0.03829440822702681
-3.25 -3 62 63 21.91678813292487 0.03446462172024856
-3.25 -3 63 64 21.16673908732472 0.03088206422325963
-3.25 -3 64 65 20.44350670277664 0.02833470056356653
-3.25 -3 65 66 19.74581628520498 0.02549032338008566
-3.25 -3 66 67 19.07225644069666 0.02285063805164361
-3.25 -3 67 68 18.42105855139689 0.0203230188120448
-3.25 -3 68 69 17.78926037815404 0.01796405902581027
-3.25 -3 69 70 17.1598228998459 0.02215841265666539
-3.25 -3 70 71 16.56404685024561 0.01951954837922648
-3.25 -3 71 72 15.96847506773613 0.01044264730375771
-3.25 -3 72 73 15.3827249725268 0.01570779678453051
-3.25 -3 73 74 14.8070553376207 0.02308539920376893
-3.25 -3 74 75 14.24720787935093 0.01081923494945701
-3.25 -3 75 76 13.6916649627631 0.0131130538689479
-3.25 -3 76 77 13.14760544872335 0.01516411269063279
-3.25 -3 77 78 12.61258445239488 0.004029342628597118
-3.25 -3 78 79 12.09247820615303 0.003380198709391468
-3.25 -3 79 80 11.58452829083942 0.00262618483893375
-3.25 -3 80 81 11.08902479290947 0.001793169719533116
-3.25 -3 81 82 10.60620840407564 0.001334218445859069
-3.25 -3 82 83 10.13623517790182 0.00134087888854436
-3.25 -3 83 84 9.645947762681192 0.01266698181109066
-3.25 -3 84 85 9.203927995578029 0.00187603110871261
-3.25 -3 85 86 8.775337242568851 0.005455701894247242
-3.25 -3 86 87 8.360168884717723 0.008653507694958941
-3.25 -3 87 88 7.958408869329631 0.008899081804609965
-3.25 -3 88 89 7.57003656696625 0.006718109085371623
-3.25 -3 89 90 7.194972860765693 0.002667319179827092
-3.25 -3 90 91 6.833091822318842 0.003259615729304551
-3.25 -3 91 92 6.499821989004342 0.00137251711002361
-3.25 -3 92 93 6.161626201504787 0.001362729652767593
-3.25 -3 93 94 5.836271404720252 0.001349648304820042
-3.25 -3 94 95 5.523593944241847 0.001333370648391238
-3.25 -3 95 96 5.223409077312637 0.001314037668378923
-3.25 -3 96 97 4.935457806683241 0.003334377935918457
-3.25 -3 97 98 4.660046810296241 0.006146588671508526
-3.25 -3 98 99 4.396001086570955 0.004713946711876403
-3.25 -3 99 100 4.143532587619641 0.003459163688451716
-3 -2.75 50 51 34.85399055077801 0.08439449462404838
-3 -2.75 51 52 33.68554755363917 0.08385850838692746
-3 -2.75 52 53 32.55572982031582 0.0809788935691043
-3 -2.75 53 54 31.4638096082557 0.07609398525154547
-3 -2.75 54 55 30.40896923217841 0.06951811898787533
-3 -2.75 55 56 29.39023465220585 0.06200475037514961
-3 -2.75 56 57 28.40629024362383 0.05575900910864143
-3 -2.75 57 58 27.45611427364912 0.05119541254656085
-3 -2.75 58 59 26.53877767653448 0.04811100599035646
-3 -2.75 59 60 25.65332566753557 0.04629359653231073
-3 -2.75 60 61 24.79862964106577 0.04459743357179412
-3 -2.75 61 62 23.97345827370073 0.04160073474879832
-3 -2.75 62 63 23.17688888856755 0.0374605164017369
-3 -2.75 63 64 22.40777882461693 0.03359471329176902
-3 -2.75 64 65 21.66500993857748 0.03091877073728445
-3 -2.75 65 66 20.94738755440132 0.02787652815890244
-3 -2.75 66 67 20.2535575012839 0.02505631276880558
-3 -2.75 67 68 19.58177605224272 0.02234841732530864
-3 -2.75 68 69 18.92901088075327 0.01981848889171958
-3 -2.75 69 70 18.27687562112491 0.02734270686047007
-3 -2.75 70 71 17.66005207472099 0.02318447502935617
-3 -2.75 71 72 17.04140083094246 0.01028143595128523
-3 -2.75 72 73 16.43186300454978 0.01377507878285109
-3 -2.75 73 74 15.83177610309944 0.0217697735139843
-3 -2.75 74 75 15.24168407442686 0.02758437556382022
-3 -2.75 75 76 14.66183832310224 0.03189774942686528
-3 -2.75 76 77 14.09663375296041 0.01638781125671566
-3 -2.75 77 78 13.53819478590784 0.01824462814913205
-3 -2.75 78 79 12.98846864936554 0.00411738201746301
-3 -2.75 79 80 12.45400004746894 0.003285094645770197
-3 -2.75 80 81 11.93188869301449 0.00233769087586549
-3 -2.75 81 82 11.42244316707333 0.001830346300939849
-3 -2.75 82 83 10.92587898192862 0.001696460607057784
-3 -2.75 83 84 10.44240880252552 0.001674359198464415
-3 -2.75 84 85 9.972225071740557 0.001688774080640187
-3 -2.75 85 86 9.5154797378047 0.001730020837638222
-3 -2.75 86 87 9.07228493035144 0.001707841438108322
-3 -2.75 87 88 8.642706307446876 0.001636640792107778
-3 -2.75 88 89 8.226761210889409 0.001601422082570351
-3 -2.75 89 90 7.824453119257893 0.001588367942332857
-3 -2.75 90 91 7.435754804188107 0.001573749477200227
-3 -2.75 91 92 7.060606325128466 0.001557735444911139
-3 -2.75 92 93 6.698919980993036 0.001539738412767431
-3 -2.75 93 94 6.350580943662418 0.001519566291685995
-3 -2.75 94 95 6.015391675901654 0.005763371523441972
-3 -2.75 95 96 5.693787060872612 0.009360067996884146
-3 -2.75 96 97 5.384506283851459 0.007325273021501229
-3 -2.75 97 98 5.087872910015538 0.005498925127788142
-3 -2.75 98 99 4.803661433255008 0.003877578250354548
-3 -2.75 99 100 4.531629316775319 0.00246476495098255
-2.75 -2.5 50 51 35.34285494604015 0.1056845107133442
-2.75 -2.5 51 52 34.1979395657165 0.1028778785384121
-2.75 -2.5 52 53 33.0879421722241 0.0988973540867684
-2.75 -2.5 53 54 32.012541402666 0.09389421339656022
-2.75 -2.5 54 55 30.97128127221275 0.08806605114549719
-2.75 -2.5 55 56 29.96350979355776 0.08189564792768143
-2.75 -2.5 56 57 28.98819711211428 0.07659801809733602
-2.75 -2.5 57 58 28.04457686913928 0.07232325912594252
-2.75 -2.5 58 59 27.13194847716336 0.06891065530636968
-2.75 -2.5 59 60 26.24956099682444 0.06622802366699947
-2.75 -2.5 60 61 25.39646827962559 0.06369390454193641
-2.75 -2.5 61 62 24.57159712924592 0.06056917903930668
-2.75 -2.5 62 63 23.77417232359184 0.05696087210508517
-2.75 -2.5 63 64 23.00317792830583 0.05360467617115657
-2.75 -2.5 64 65 22.25760989885545 0.05090545537223523
-2.75 -2.5 65 66 21.53695629626324 0.03030175239729317
-2.75 -2.5 66 67 20.83877522251159 0.02731199253371424
-2.75 -2.5 67 68 20.16196648184081 0.02443301223346723
-2.75 -2.5 68 69 19.50350536081112 0.02173863246658971
-2.75 -2.5 69 70 18.84358709965337 0.03570906940725949
-2.75 -2.5 70 71 18.22066840483528 0.03081598929185579
-2.75 -2.5 71 72 17.59402800886241 0.01363026544227072
-2.75 -2.5 72 73 16.97577975890233 0.00951833747904011
-2.75 -2.5 73 74 16.36632333560258 0.01764632841678124
-2.75 -2.5 74 75 15.7662680087231 0.0241242771247669
-2.75 -2.5 75 76 15.17591694172383 0.0290615066938188
-2.75 -2.5 76 77 14.59575978787118 0.0330408355342563
-2.75 -2.5 77 78 14.03054550243388 0.01820471373673947
-2.75 -2.5 78 79 13.47184280025179 0.01989243684540111
-2.75 -2.5 79 80 12.92202972629075 0.003953677198930338
-2.75 -2.5 80 81 12.38756746160206 0.002876362000233722
-2.75 -2.5 81 82 11.86556030198467 0.001711613185749025
-2.75 -2.5 82 83 11.35626827113391 0.0008169437748717085
-2.75 -2.5 83 84 10.85994804482071 0.0007737703499412287
-2.75 -2.5 84 85 10.37683428136309 0.0008457007572271483
-2.75 -2.5 85 86 9.907118696026835 0.000972060011384001
-2.75 -2.5 86 87 9.450950653800529 0.001012714230915244
-2.75 -2.5 87 88 9.008430318460476 0.001033497232270094
-2.75 -2.5 88 89 8.579606372434359 0.001086004404445189
-2.75 -2.5 89 90 8.164512362495802 0.001131723037704913
-2.75 -2.5 90 91 7.763148917860384 0.001170109729707636
-2.75 -2.5 91 92 7.375481651270238 0.001202183588569913
-2.75 -2.5 92 93 7.001446332614044 0.001227621681337667
-2.75 -2.5 93 94 6.640842887770772 0.007427505531604534
-2.75 -2.5 94 95 6.294248787733764 0.01149538806570705
-2.75 -2.5 95 96 5.960400085105546 0.009060457212047976
-2.75 -2.5 96 97 5.639648699461077 0.006848160224099962
-2.75 -2.5 97 98 5.331801589120159 0.004858801808219949
-2.75 -2.5 98 99 5.036645192877845 0.003094058367010454
-2.75 -2.5 99 100 4.753947253048014 0.001592250902711062
-2.5 -2.25 50 51 35.22504922314195 0.09470402305143065
-2.5 -2.25 51 52 34.11309091900813 0.09433301102352015
-2.5 -2.25 52 53 33.03253313982347 0.09126190515749871
-2.5 -2.25 53 54 31.98341028357729 0.08586583629629431
-2.5 -2.25 54 55 30.96558421295634 0.07849451157137899
-2.5 -2.25 55 56 29.97868688219661 0.07001745520162626
-2.5 -2.25 56 57 29.02194090029113 0.063023395023486
-2.5 -2.25 57 58 28.09480718140283 0.0586675960286147
-2.5 -2.25 58 59 27.1967895818501 0.05577573134148979
-2.5 -2.25 59 60 26.32732039050559 0.05381776075268857
-2.5 -2.25 60 61 25.485618925143 0.05198200083805771
-2.5 -2.25 61 62 24.67075657555243 0.04923123605381233
-2.5 -2.25 62 63 23.88209279304476 0.04570096871815642
-2.5 -2.25 63 64 23.11873025482427 0.04243146595491015
-2.5 -2.25 64 65 22.37977284309702 0.04003172276241724
-2.5 -2.25 65 66 21.66421838975418 0.03741895913517718
-2.5 -2.25 66 67 20.97087721944744 0.03501171812411166
-2.5 -2.25 67 68 20.29814420820652 0.03271801032415592
-2.5 -2.25 68 69 19.64305213471256 0.03059305101356065
-2.5 -2.25 69 70 18.9845901472717 0.04488058392043456
-2.5 -2.25 70 71 18.36504107916905 0.03590052112660907
-2.5 -2.25 71 72 17.73986276894879 0.02221346012886136
-2.5 -2.25 72 73 17.12252246050215 0.02252839807369137
-2.5 -2.25 73 74 16.51346488616479 0.02670230436922664
-2.5 -2.25 74 75 15.91334079745475 0.03042614113525756
-2.5 -2.25 75 76 15.3224884600404 0.03348088284970795
-2.5 -2.25 76 77 14.7414350170691 0.03606861067646972
-2.5 -2.25 77 78 14.17552376601351 0.01862098425850211
-2.5 -2.25 78 79 13.61520125631314 0.02056669686513258
-2.5 -2.25 79 80 13.06613256369332 0.02211984032595209
-2.5 -2.25 80 81 12.52631547870189 0.01485733831522966
-2.5 -2.25 81 82 12.00193328865594 0.01403778635071368
-2.5 -2.25 82 83 11.49005658966789 0.01331069620880289
-2.5 -2.25 83 84 10.99096723956688 0.01266455252530259
-2.5 -2.25 84 85 10.50492435357316 0.01204548716371195
-2.5 -2.25 85 86 10.03214266127811 0.01145364830034594
-2.5 -2.25 86 87 9.572793038961372 0.01087787516707065
-2.5 -2.25 87 88 9.126995354040677 0.01032121840680841
-2.5 -2.25 88 89 8.694815785529109 0.00978995757313935
-2.5 -2.25 89 90 8.27630530374616 0.00927973399441296
-2.5 -2.25 90 91 7.871480810795649 0.008790067746164061
-2.5 -2.25 91 92 7.480322914529307 0.008320661337556936
-2.5 -2.25 92 93 7.102748446188595 0.009817086934123545
-2.5 -2.25 93 94 6.738787404014824 0.008053988909912765
-2.5 -2.25 94 95 6.388260796018443 0.007008190241688102
-2.5 -2.25 95 96 6.051374204576367 0.01297229708187347
-2.5 -2.25 96 97 5.727169887819084 0.01103860807385138
-2.5 -2.25 97 98 5.415907621709151 0.009320478978974469
-2.5 -2.25 98 99 5.117381791096529 0.007824419233913802
-2.5 -2.25 99 100 4.831367248490871 0.006557868340166248
-2.25 -2 50 51 35.83274376638141 0.1005327394912395
-2.25 -2 51 52 34.71773488446794 0.1002607681563686
-2.25 -2 52 53 33.63264001510734 0.09712168865796954
-2.25 -2 53 54 32.57771376202047 0.09150748928913692
-2.25 -2 54 55 31.55301098426207 0.08378411044692823
-2.25 -2 55 56 30.55833281094232 0.07487356007908559
-2.25 -2 56 57 29.59304971059157 0.0675374103397349
-2.25 -2 57 58 28.65675214370077 0.06230622605697738
-2.25 -2 58 59 27.74905752175391 0.0589354863869767
-2.25 -2 59 60 26.86949716087307 0.05716627242762626
-2.25 -2 60 61 26.01737758288814 0.0555202533851538
-2.25 -2 61 62 25.19184230104149 0.05214206227073677
-2.25 -2 62 63 24.39231779328185 0.04722149412590301
-2.25 -2 63 64 23.61795951515536 0.0426260911108274
-2.25 -2 64 65 22.86791724549956 0.03957507949297147
-2.25 -2 65 66 22.14122221022402 0.03598720167524577
-2.25 -2 66 67 21.43670514008055 0.03265495661583726
-2.25 -2 67 68 20.75276445604835 0.02942860306907063
-2.25 -2 68 69 20.08638771838982 0.0263977637302992
-2.25 -2 69 70 19.43254672874386 0.02353572559980188
-2.25 -2 70 71 18.78329954074971 0.05298755835656579
-2.25 -2 71 72 18.1462461996344 0.030066146345567
-2.25 -2 72 73 17.51684176828625 0.0117166216195463
-2.25 -2 73 74 16.89557728187745 0.007379482165685708
-2.25 -2 74 75 16.28314772251733 0.01200754199588987
-2.25 -2 75 76 15.6799375905897 0.01903837778076215
-2.25 -2 76 77 15.08651545325703 0.02483434502942295
-2.25 -2 77 78 14.50351247405749 0.02959083988991622
-2.25 -2 78 79 13.93150752930305 0.03348503124323192
-2.25 -2 79 80 13.37102452358444 0.03667829657427996
-2.25 -2 80 81 12.82003283927953 0.03043789346061355
-2.25 -2 81 82 12.28749797069747 0.005062753051802427
-2.25 -2 82 83 11.76381989592185 0.004350951105810156
-2.25 -2 83 84 11.253126525097 0.003854343850594473
-2.25 -2 84 85 10.75569594895535 0.003518132214593523
-2.25 -2 85 86 10.27175990465724 0.003295692745606321
-2.25 -2 86 87 9.801504313962734 0.003091252731695124
-2.25 -2 87 88 9.345062346806483 0.002902324518252534
-2.25 -2 88 89 8.902511516820219 0.002731489469281653
-2.25 -2 89 90 8.473912501872157 0.002576035313319622
-2.25 -2 90 91 8.059290252166836 0.002434625502858042
-2.25 -2 91 92 7.658537162396506 0.01530053083914865
-2.25 -2 92 93 7.271760056714566 0.01263883301272526
-2.25 -2 93 94 6.898633950419672 0.01386306482335566
-2.25 -2 94 95 6.539461795262248 0.01092248874704743
-2.25 -2 95 96 6.19388557001704 0.008221108480781086
-2.25 -2 96 97 5.861744537801167 0.005778230934447817
-2.25 -2 97 98 5.542853631886732 0.003635494567538589
-2.25 -2 98 99 5.237005424976307 0.002373426107678569
-2.25 -2 99 100 4.943972072380902 0.001670256854490721
-2 -1.75 50 51 35.44160409183459 0.1020672119752278
-2 -1.75 51 52 34.37489439468314 0.1020177411935125
-2 -1.75 52 53 33.33380060181543 0.09892304512404521
-2 -1.75 53 54 32.31897365791195 0.09319291240921944
-2 -1.75 54 55 31.33082495825718 0.08521042107335584
-2 -1.75 55 56 30.36947520264712 0.07595064761316712
-2 -1.75 56 57 29.43457762934227 0.06834725085876116
-2 -1.75 57 58 28.52598352241674 0.06296732008660345
-2 -1.75 58 59 27.64354804489587 0.05955435343338264
-2 -1.75 59 60 26.78701743145608 0.05783634977493256
-2 -1.75 60 61 25.95590090976819 0.05624316675332865
-2 -1.75 61 62 25.14952618070753 0.05280177607478596
-2 -1.75 62 63 24.36748125564837 0.04771101867304709
-2 -1.75 63 64 23.60907786815658 0.04295691319738947
-2 -1.75 64 65 22.87360983053156 0.0398386072412709
-2 -1.75 65 66 22.16024075936375 0.03613916094898324
-2 -1.75 66 67 21.46792557108189 0.0327031487223754
-2 -1.75 67 68 20.79518429641143 0.02937300998128043
-2 -1.75 68 69 20.13911382547143 0.02624249707181666
-2 -1.75 69 70 19.47700833144675 0.05356534106954376
-2 -1.75 70 71 18.85601842423 0.04879609864518213
-2 -1.75 71 72 18.22681942968818 0.02544246271757247
-2 -1.75 72 73 17.6044996091677 0.012502799104649
-2 -1.75 73 74 16.98957971023203 0.01804119331187129
-2 -1.75 74 75 16.38278976336808 0.02373255437739004
-2 -1.75 75 76 15.78453216896047 0.028932893363678
-2 -1.75 76 77 15.19540620727258 0.03463527918041147
-2 -1.75 77 78 14.61607929782017 0.03935177895621193
-2 -1.75 78 79 14.04716575501282 0.04321896810468369
-2 -1.75 79 80 13.49292515064653 0.02408639700738647
-2 -1.75 80 81 12.9453995532723 0.02584170839555521
-2 -1.75 81 82 12.40793011802549 0.006636344064058726
-2 -1.75 82 83 11.88536899204991 0.005982871898862858
-2 -1.75 83 84 11.37536226078537 0.005497135002567081
-2 -1.75 84 85 10.87821766036783 0.005083007556083274
-2 -1.75 85 86 10.39419562641074 0.004707138550652835
-2 -1.75 86 87 9.923509758120293 0.004326898379566547
-2 -1.75 87 88 9.466320099497651 0.003940172459993821
-2 -1.75 88 89 9.022730043299703 0.003575116356215729
-2 -1.75 89 90 8.592825090480119 0.00326267093214341
-2 -1.75 90 91 8.176654009016513 0.002986222451158942
-2 -1.75 91 92 7.774226774209829 0.002735866936678255
-2 -1.75 92 93 7.385282744309567 0.01189066284318741
-2 -1.75 93 94 7.010297338515894 0.009833264664342291
-2 -1.75 94 95 6.649477397439583 0.01593309339905996
-2 -1.75 95 96 6.301426073669358 0.01281884892397644
-2 -1.75 96 97 5.966690645673491 0.009962915875982685
-2 -1.75 97 98 5.645103246268558 0.007373045499424758
-2 -1.75 98 99 5.336472727249724 0.005061238535272721
-2 -1.75 99 100 5.040586614596226 0.003130379538405775
-1.75 -1.5 50 51 35.50078075130776 0.09951577629147138
-1.75 -1.5 51 52 34.41824826434134 0.09971438575240932
-1.75 -1.5 52 53 33.36179490402662 0.09673783033309008
-1.75 -1.5 53 54 32.3321046994115 0.09100820387175015
-1.75 -1.5 54 55 31.32961320564371 0.08292224798907753
-1.75 -1.5 55 56 30.35445520874157 0.07350161358204971
-1.75 -1.5 56 57 29.40628259384334 0.06582666946656572
-1.75 -1.5 57 58 28.48494889347111 0.06049080996583086
-1.75 -1.5 58 59 27.59031062904117 0.05722311555440161
-1.75 -1.5 59 60 26.72211123230269 0.05573867873021372
-1.75 -1.5 60 61 25.87984563977017 0.05437949997619312
-1.75 -1.5 61 62 25.06281761136334 0.0510606166097762
-1.75 -1.5 62 63 24.27060713636702 0.04598874279099566
-1.75 -1.5 63 64 23.50250575062431 0.04126151843612719
-1.75 -1.5 64 65 22.75778755433851 0.03825039087046784
-1.75 -1.5 65 66 22.03559555596856 0.03461774814250056
-1.75 -1.5 66 67 21.33486303690481 0.03124804517311044
-1.75 -1.5 67 68 20.65409384961868 0.02798301558689371
-1.75 -1.5 68 69 19.99037907428026 0.02491443980562098
-1.75 -1.5 69 70 19.32433557262576 0.05536657237197964
-1.75 -1.5 70 71 18.69783544746238 0.05075256995108522
-1.75 -1.5 71 72 18.06213323392284 0.02616683750282719
-1.75 -1.5 72 73 17.43387409214812 0.01094848740648507
-1.75 -1.5 73 74 16.81359218507544 0.01672854051325753
-1.75 -1.5 74 75 16.20201674061408 0.02549012000852081
-1.75 -1.5 75 76 15.59955932311788 0.03273547310263984
-1.75 -1.5 76 77 15.00681717263116 0.03886519764368136
-1.75 -1.5 77 78 14.42444645507813 0.04395168200261838
-1.75 -1.5 78 79 13.85573124513954 0.02364843153986141
-1.75 -1.5 79 80 13.29509529713433 0.02608478419904994
-1.75 -1.5 80 81 12.74625480756728 0.02814580427251012
-1.75 -1.5 81 82 12.20753645545628 0.002164259774264383
-1.75 -1.5 82 83 11.68472796734496 0.001647235672227932
-1.75 -1.5 83 84 11.17493772075729 0.002011690990033417
-1.75 -1.5 84 85 10.67845202317205 0.00239015713464268
-1.75 -1.5 85 86 10.19550913383419 0.002571333171024873
-1.75 -1.5 86 87 9.726299813813938 0.002571078194028722
-1.75 -1.5 87 88 9.270961026148264 0.002457734154844465
-1.75 -1.5 88 89 8.829572776083342 0.00234885022274336
-1.75 -1.5 89 90 8.402196683003488 0.002258635006263025
-1.75 -1.5 90 91 7.988857468785842 0.002179587471257974
-1.75 -1.5 91 92 7.589541104678236 0.002085925639758847
-1.75 -1.5 92 93 7.204044243348722 0.01375238676758587
-1.75 -1.5 93 94 6.832648931982853 0.01150489363244872
-1.75 -1.5 94 95 6.475051779340795 0.00942395269872803
-1.75 -1.5 95 96 6.132096911572113 0.01579705119048924
-1.75 -1.5 96 97 5.801464916428696 0.01268350575315408
-1.75 -1.5 97 98 5.48412684567068 0.009847815256955458
-1.75 -1.5 98 99 5.179870110395948 0.007297395351022078
-1.75 -1.5 99 100 4.888461538464986 0.005060184579435696
-1.5 -1.25 50 51 34.944463658052 0.1072037470006971
-1.5 -1.25 51 52 33.89547501783855 0.107447072986808
-1.5 -1.25 52 53 32.86979408585242 0.1043618289501546
-1.5 -1.25 53 54 31.86836639613284 0.09838617736597478
-1.5 -1.25 54 55 30.89186220892387 0.08993075150889708
-1.5 -1.25 55 56 29.9406285163399 0.08327085403127291
-1.5 -1.25 56 57 29.01451280906912 0.07779381365354431
-1.5 -1.25 57 58 28.11354156332845 0.07373283700725429
-1.5 -1.25 58 59 27.23772563806929 0.0708551217238861
-1.5 -1.25 59 60 26.3869474001354 0.06896828212886646
-1.5 -1.25 60 61 25.5608351191668 0.0671905963882593
-1.5 -1.25 61 62 24.75881389224399 0.06439531910956095
-1.5 -1.25 62 63 23.98056668882151 0.06074672718723348
-1.5 -1.25 63 64 23.22548253609268 0.05738319412499985
-1.5 -1.25 64 65 22.49292497209107 0.05493746930357635
-1.5 -1.25 65 66 21.78211732776674 0.05225808385168405
-1.5 -1.25 66 67 21.09206794169701 0.04978846460566014
-1.5 -1.25 67 68 20.42135832707484 0.04743090899813888
-1.5 -1.25 68 69 19.76716591763193 0.04523894629517895
-1.5 -1.25 69 70 19.12467333751042 0.04317793315755897
-1.5 -1.25 70 71 18.48901096625066 0.06752702343458163
-1.5 -1.25 71 72 17.86192975169584 0.04683100657725585
-1.5 -1.25 72 73 17.24199488840594 0.03719442295492194
-1.5 -1.25 73 74 16.62975839247629 0.03461487521258132
-1.5 -1.25 74 75 16.02596126758162 0.03547706021057651
-1.5 -1.25 75 76 15.43102278744179 0.03754897415577376
-1.5 -1.25 76 77 14.84554982112363 0.04009550301089049
-1.5 -1.25 77 78 14.27020756250265 0.04266821560307359
-1.5 -1.25 78 79 13.70560565625667 0.04505463792008092
-1.5 -1.25 79 80 13.15229512118147 0.04717932786755862
-1.5 -1.25 80 81 12.61349362731772 0.02914878798815378
-1.5 -1.25 81 82 12.08074148972531 0.02627008988418571
-1.5 -1.25 82 83 11.56373398316493 0.0252506080789954
-1.5 -1.25 83 84 11.05954808313992 0.02428750541422407
-1.5 -1.25 84 85 10.56847524671117 0.02335716094588195
-1.5 -1.25 85 86 10.09075856543475 0.02244429352287085
-1.5 -1.25 86 87 9.626593296937791 0.02154097391805504
-1.5 -1.25 87 88 9.176120569469219 0.02064885305966102
-1.5 -1.25 88 89 8.739265372046205 0.00131583044481227
-1.5 -1.25 89 90 8.316404198298475 0.001274909783937535
-1.5 -1.25 90 91 7.907414052664713 0.00124548050557973
-1.5 -1.25 91 92 7.512284443358109 0.001249582724210818
-1.5 -1.25 92 93 7.130718016721993 0.01469922195181225
-1.5 -1.25 93 94 6.763201364452776 0.01236108728151577
-1.5 -1.25 94 95 6.410179058345712 0.01930561578788069
-1.5 -1.25 95 96 6.069685523490744 0.01592377882280646
-1.5 -1.25 96 97 5.742525885119605 0.01280340432302248
-1.5 -1.25 97 98 5.428513728820327 0.009953698364643562
-1.5 -1.25 98 99 5.127440041783178 0.007382901744268103
-1.5 -1.25 99 100 4.839075235959339 0.005107075474472299
-1.25 -1 50 51 35.40739006065905 0.1130148774724236
-1.25 -1 51 52 34.34929788521362 0.1132894680742306
-1.25 -1 52 53 33.31397472519842 0.1101061091935467
-1.25 -1 53 54 32.30248379772635 0.1039161113648616
-1.25 -1 54 55 31.31559692537022 0.09514256053168374
-1.25 -1 55 56 30.35374882148415 0.08488988062514675
-1.25 -1 56 57 29.41686277966176 0.07651747297068713
-1.25 -1 57 58 28.50502975251607 0.07074005428360194
-1.25 -1 58 59 27.61831562967214 0.0674853712171621
-1.25 -1 59 60 26.75664938805244 0.06545687499003233
-1.25 -1 60 61 25.91969705081155 0.06394047484611542
-1.25 -1 61 62 25.10691138375455 0.06028991060996779
-1.25 -1 62 63 24.31800444531785 0.05603303780622348
-1.25 -1 63 64 23.55238397416704 0.05207145907136673
-1.25 -1 64 65 22.80942906082723 0.04923164733542519
-1.25 -1 65 66 22.0883731938294 0.04605514794730874
-1.25 -1 66 67 21.38822921464387 0.04310988874234606
-1.25 -1 67 68 20.7075774751542 0.04027054911814918
-1.25 -1 68 69 20.04357180822073 0.03761590587077385
-1.25 -1 69 70 19.39134206614152 0.03510994945011667
-1.25 -1 70 71 18.74420038223538 0.07327763685781252
-1.25 -1 71 72 18.1075450913069 0.04398588854684806
-1.25 -1 72 73 17.47808713288299 0.02915164309758331
-1.25 -1 73 74 16.85639981925749 0.02365956523074962
-1.25 -1 74 75 16.24324616032878 0.0239394696522859
-1.25 -1 75 76 15.63906296097915 0.02658019827742647
-1.25 -1 76 77 15.04447635716679 0.03004236111260453
-1.25 -1 77 78 14.46016968619547 0.03527861298817878
-1.25 -1 78 79 13.88676915300967 0.04094508555195998
-1.25 -1 79 80 13.32484062864643 0.0457207812825763
-1.25 -1 80 81 12.77489116232244 0.04978189352991447
-1.25 -1 81 82 12.23763440877067 0.01610096287917457
-1.25 -1 82 83 11.71257056525369 0.01514039480547799
-1.25 -1 83 84 11.20055678762838 0.01429745385902714
-1.25 -1 84 85 10.70189175114744 0.01353236690644929
-1.25 -1 85 86 10.2168244576506 0.01280180321483194
-1.25 -1 86 87 9.70675825794563 0.03167384259207877
-1.25 -1 87 88 9.288227499218792 0.01141992836339577
-1.25 -1 88 89 8.844928833394775 0.01077516832910271
-1.25 -1 89 90 8.415725561181063 0.01015910843319549
-1.25 -1 90 91 8.000646378743042 0.009571029445245146
-1.25 -1 91 92 7.59968019548792 0.009010445815370877
-1.25 -1 92 93 7.212398292804437 0.01611887281459816
-1.25 -1 93 94 6.840170688123894 0.02236459024324282
-1.25 -1 94 95 6.481119798580696 0.01861009717143929
-1.25 -1 95 96 6.135804864006495 0.01510779503805213
-1.25 -1 96 97 5.804059925260287 0.01187032816525945
-1.25 -1 97 98 5.485693830351515 0.009424733107077636
-1.25 -1 98 99 5.180492351538714 0.007605838094028845
-1.25 -1 99 100 4.888220265750682 0.00613803185542479
-1 -0.75 50 51 35.30126491733878 0.1186528930632815
-1 -0.75 51 52 34.2395088935485 0.1189021436886855
-1 -0.75 52 53 33.20039446053852 0.1155841585898001
-1 -0.75 53 54 32.18503831713298 0.1091616616425835
-1 -0.75 54 55 31.19425754790413 0.100068685555334
-1 -0.75 55 56 30.22852320840005 0.0894436166309787
-1 -0.75 56 57 29.28778274928575 0.08075621883919935
-1 -0.75 57 58 28.372152953457 0.07468684113199306
-1 -0.75 58 59 27.48172334630496 0.07094078715814121
-1 -0.75 59 60 26.61644219082095 0.06920302944737705
-1 -0.75 60 61 25.77599131549786 0.0675943315175585
-1 -0.75 61 62 24.95983418786057 0.06373775773081397
-1 -0.75 62 63 24.16769445569781 0.05786181228118813
-1 -0.75 63 64 23.39898935556779 0.05236108588021448
-1 -0.75 64 65 22.65310651475268 0.04881255745077023
-1 -0.75 65 66 21.92928633789649 0.04453210843578128
-1 -0.75 66 67 21.22654826408505 0.04054283497776542
-1 -0.75 67 68 20.54348391986424 0.03665444406264166
-1 -0.75 68 69 19.87726764755696 0.03298191711574067
-1 -0.75 69 70 19.22307247959706 0.02949405938707272
-1 -0.75 70 71 18.57298440742308 0.07506609004984265
-1 -0.75 71 72 17.93504976547555 0.04458179112405773
-1 -0.75 72 73 17.30462977222949 0.02065057780095544
-1 -0.75 73 74 16.68230143098025 0.01452995380047777
-1 -0.75 74 75 16.06882387168085 0.01732471050917153
-1 -0.75 75 76 15.46463299405048 0.02279144531961496
-1 -0.75 76 77 14.8703499135289 0.0312547888961292
-1 -0.75 77 78 14.28664886585288 0.03836563198687942
-1 -0.75 78 79 13.71414596759431 0.04434205344112714
-1 -0.75 79 80 13.15339600265823 0.04938485693516083
-1 -0.75 80 81 12.609464103381 0.03305848338725997
-1 -0.75 81 82 12.06989529763497 0.01056608844952547
-1 -0.75 82 83 11.54673805795287 0.009814860536728649
-1 -0.75 83 84 11.03686511261901 0.009244749396671472
-1 -0.75 84 85 10.54056051915904 0.008792316761019393
-1 -0.75 85 86 10.05805835698938 0.008389122683059812
-1 -0.75 86 87 9.589543333359018 0.008003025419477236
-1 -0.75 87 88 9.135145080668892 0.007632686738515807
-1 -0.75 88 89 8.694934709328528 0.007279176633981059
-1 -0.75 89 90 8.268963700279997 0.006941126215889186
-1 -0.75 90 91 7.857245520286931 0.006617800543102188
-1 -0.75 91 92 7.459754048155045 0.006308876574145338
-1 -0.75 92 93 7.076429211829385 0.00601361784298461
-1 -0.75 93 94 6.706824310967153 0.01490791229310621
-1 -0.75 94 95 6.351961858002632 0.02127428113442194
-1 -0.75 95 96 6.010446021144098 0.01757297688537094
-1 -0.75 96 97 5.68254223405701 0.01414355832414164
-1 -0.75 97 98 5.368046734839695 0.01099371378829815
-1 -0.75 98 99 5.066733219437236 0.008126119715380012
-1 -0.75 99 100 4.778354950979807 0.006288042037894631
-0.75 -0.5 50 51 35.0006494680232 0.1197805288600315
-0.75 -0.5 51 52 33.95248067655515 0.1201479040865163
-0.75 -0.5 52 53 32.92582334206068 0.1168675804227169
-0.75 -0.5 53 54 31.92190866078971 0.110410487897285
-0.75 -0.5 54 55 30.94165570585534 0.1012185169446486
-0.75 -0.5 55 56 29.98562683166492 0.09345967286996608
-0.75 -0.5 56 57 29.05385230253782 0.08713307769643919
-0.75 -0.5 57 58 28.14652218329636 0.08239378911893527
-0.75 -0.5 58 59 27.26379109866835 0.07900520931568157
-0.75 -0.5 59 60 26.40566534198936 0.07676586545254502
-0.75 -0.5 60 61 25.57188127424007 0.07465635109833345
-0.75 -0.5 61 62 24.76195072116556 0.07135101495941593
-0.75 -0.5 62 63 23.9756395959065 0.0670168045859497
-0.75 -0.5 63 64 23.21240470805637 0.06298745231466618
-0.75 -0.5 64 65 22.47167007581599 0.06004119486717779
-0.75 -0.5 65 66 21.752709465744 0.05678975967936554
-0.75 -0.5 66 67 21.05457448617986 0.05377198647241956
-0.75 -0.5 67 68 20.37589283804333 0.05086936674014612
-0.75 -0.5 68 69 19.71388352634264 0.04815297955163359
-0.75 -0.5 69 70 19.06377811573709 0.04558531286867307
-0.75 -0.5 70 71 18.41794849044977 0.08209696694302752
-0.75 -0.5 71 72 17.78394645093361 0.05435123081954878
-0.75 -0.5 72 73 17.15741818475421 0.04029445166435046
-0.75 -0.5 73 74 16.5389469179615 0.03426444885807902
-0.75 -0.5 74 75 15.92929415663673 0.03341033963676191
-0.75 -0.5 75 76 15.32889857071829 0.0349013121483169
-0.75 -0.5 76 77 14.73838298493641 0.03750898451925375
-0.75 -0.5 77 78 14.15842165985009 0.04047386861878083
-0.75 -0.5 78 79 13.58963033205247 0.04339770801139581
-0.75 -0.5 79 80 13.03256295279727 0.0481563206280828
-0.75 -0.5 80 81 12.48771338010328 0.05279333500532083
-0.75 -0.5 81 82 11.95631010773644 0.02495158729115417
-0.75 -0.5 82 83 11.43674759348742 0.02377417461826461
-0.75 -0.5 83 84 10.93043244226129 0.0226971197742157
-0.75 -0.5 84 85 10.43764655374277 0.02169036539454378
-0.75 -0.5 85 86 9.958621731735491 0.02072739688924621
-0.75 -0.5 86 87 9.493540293642326 0.01979264919845449
-0.75 -0.5 87 88 9.042529456571565 0.01888585064015477
-0.75 -0.5 88 89 8.605657804695525 0.01800766030716106
-0.75 -0.5 89 90 8.18297435946873 0.01715769301820226
-0.75 -0.5 90 91 7.774490147996204 0.01633576979541202
-0.75 -0.5 91 92 7.380176663480697 0.0155418289952505
-0.75 -0.5 92 93 6.999576784155639 0.01782574997760777
-0.75 -0.5 93 94 6.633864148296251 0.02541140505499193
-0.75 -0.5 94 95 6.281554786663953 0.02181043295479011
-0.75 -0.5 95 96 5.942972203212808 0.01910597636511073
-0.75 -0.5 96 97 5.617935467692906 0.01666857644458085
-0.75 -0.5 97 98 5.306239119876022 0.01451754596418459
-0.75 -0.5 98 99 5.007655329533282 0.0126693634027476
-0.75 -0.5 99 100 4.721936012612073 0.01113674312692705
-0.5 -0.25 50 51 35.08680515571621 0.1253109465709968
-0.5 -0.25 51 52 34.0391800079081 0.1234982883883573
-0.5 -0.25 52 53 33.01260903835251 0.1196986353733367
-0.5 -0.25 53 54 32.00838818723921 0.1141411433676259
-0.5 -0.25 54 55 31.02749330835209 0.1071179056830967
-0.5 -0.25 55 56 30.07053649027128 0.09938157106457911
-0.5 -0.25 56 57 29.13759128521221 0.09291437994379903
-0.5 -0.25 57 58 28.22888597455764 0.08799423804534692
-0.5 -0.25 58 59 27.34460878474613 0.08438659830508614
-0.5 -0.25 59 60 26.48479532943867 0.08189644483395971
-0.5 -0.25 60 61 25.64920835489988 0.0795469081918294
-0.5 -0.25 61 62 24.83738183307125 0.07606377952750963
-0.5 -0.25 62 63 24.04910170054592 0.07160928775782242
-0.5 -0.25 63 64 23.28384177112309 0.06746463211896717
-0.5 -0.25 64 65 22.54104117865785 0.064369073360055
-0.5 -0.25 65 66 21.81998593297062 0.06099621624298277
-0.5 -0.25 66 67 21.11973742072851 0.05785930883307886
-0.5 -0.25 67 68 20.43893129759107 0.05484437989032636
-0.5 -0.25 68 69 19.7747875752801 0.05201689077461311
-0.5 -0.25 69 70 19.12253056685216 0.04933884885571153
-0.5 -0.25 70 71 18.47512674369418 0.08254729165943736
-0.5 -0.25 71 72 17.838920221816 0.05651170183955467
-0.5 -0.25 72 73 17.21017767254149 0.04304510733488985
-0.5 -0.25 73 74 16.58949139490549 0.0375265229326009
-0.5 -0.25 74 75 15.97763121964115 0.03683772060952029
-0.5 -0.25 75 76 15.37504246560371 0.03828252582289146
-0.5 -0.25 76 77 14.78235519145716 0.04076002076923207
-0.5 -0.25 77 78 14.20025033710871 0.04357817568489097
-0.5 -0.25 78 79 13.62934972787923 0.04636573181697631
-0.5 -0.25 79 80 13.07021275921235 0.04996207191513352
-0.5 -0.25 80 81 12.52333811823349 0.05468553516353488
-0.5 -0.25 81 82 11.98953747394562 0.02727356064798679
-0.5 -0.25 82 83 11.46806622837863 0.02598776548240959
-0.5 -0.25 83 84 10.95989739999032 0.02479997143159016
-0.5 -0.25 84 85 10.46531556473268 0.02368200842551813
-0.5 -0.25 85 86 9.984554749219328 0.02260312117797063
-0.5 -0.25 86 87 9.51779904251417 0.02155728118021179
-0.5 -0.25 87 88 9.065177063138378 0.02054415688477354
-0.5 -0.25 88 89 8.626758380584626 0.01956424781994851
-0.5 -0.25 89 90 8.20259265639946 0.01861711098686124
-0.5 -0.25 90 91 7.792691212682342 0.01770248672711153
-0.5 -0.25 91 92 7.397025532910142 0.01682021301483442
-0.5 -0.25 92 93 7.01553294181581 0.0159699133932597
-0.5 -0.25 93 94 6.647814054747879 0.01575600239004169
-0.5 -0.25 94 95 6.294974701592999 0.02319882596066822
-0.5 -0.25 95 96 5.955283511919177 0.02039695701838984
-0.5 -0.25 96 97 5.629199788786138 0.01786247064789374
-0.5 -0.25 97 98 5.316516705229837 0.01561305001535031
-0.5 -0.25 98 99 5.017004914597567 0.01366309939407434
-0.5 -0.25 99 100 4.73041468672988 0.0120232225038512
-0.25 0 50 51 35.26053183632908 0.1241615059547171
-0.25 0 51 52 34.20552984025403 0.1225227058990749
-0.25 0 52 53 33.17178487912349 0.1191241121346323
-0.25 0 53 54 32.16059721614613 0.1133429620399059
-0.25 0 54 55 31.17294521391779 0.1063400733884864
-0.25 0 55 56 30.20944147061942 0.09859709338468774
-0.25 0 56 57 29.2701571227542 0.09214344729466144
-0.25 0 57 58 28.35531878735176 0.08726606579978283
-0.25 0 58 59 27.46511282372228 0.08372576098649959
-0.25 0 59 60 26.59957217246716 0.08132245476866198
-0.25 0 60 61 25.7584554104084 0.07905483473474449
-0.25 0 61 62 24.94129086886255 0.0756191923289474
-0.25 0 62 63 24.14786080188426 0.07118254863028342
-0.25 0 63 64 23.3776335106472 0.06705696447577597
-0.25 0 64 65 22.63004266846302 0.06400036285070478
-0.25 0 65 66 21.90436823525431 0.06065500019108054
-0.25 0 66 67 21.19966477638002 0.05754711918717414
-0.25 0 67 68 20.51456024473917 0.05456098619599018
-0.25 0 68 69 19.84626244399549 0.0517646944975143
-0.25 0 69 70 19.18997831558195 0.04912001227723407
-0.25 0 70 71 18.53827260088595 0.08327873705199114
-0.25 0 71 72 17.89828491941979 0.05678138923470815
-0.25 0 72 73 17.26587492804696 0.04311489228560838
-0.25 0 73 74 16.6416375365648 0.03751435855120682
-0.25 0 74 75 16.02634524211292 0.03684585862962303
-0.25 0 75 76 15.42044485905663 0.03835550520665448
-0.25 0 76 77 14.82456828691306 0.04091275877516787
-0.25 0 77 78 14.23939793902608 0.04381097515044598
-0.25 0 78 79 13.66555663327762 0.04667298899515899
-0.25 0 79 80 13.10360425981246 0.05058553078551258
-0.25 0 80 81 12.55403952976956 0.05537317818411349
-0.25 0 81 82 12.01789848552419 0.02750092699809424
-0.25 0 82 83 11.49397471308447 0.0262454212623188
-0.25 0 83 84 10.98347707534904 0.02508620653868644
-0.25 0 84 85 10.48668858641978 0.02399445421741209
-0.25 0 85 86 10.00384138213035 0.02293918847427373
-0.25 0 86 87 9.490492141259701 0.03888518696897306
-0.25 0 87 88 9.038668472214127 0.03632091210076559
-0.25 0 88 89 8.640484155073658 0.0199566852095281
-0.25 0 89 90 8.214688578752721 0.01902377679052195
-0.25 0 90 91 7.803264095117981 0.01812124857223626
-0.25 0 91 92 7.406178870260668 0.01724903123269709
-0.25 0 92 93 7.023366760606674 0.01640684335851744
-0.25 0 93 94 6.654276143617142 0.0162722068391843
-0.25 0 94 95 6.30034480371387 0.02370887769194716
-0.25 0 95 96 5.959618044156691 0.0209009054397114
-0.25 0 96 97 5.63258355967087 0.01836268038411843
-0.25 0 97 98 5.319030684267751 0.01611155052446578
-0.25 0 98 99 5.018726216429915 0.01416104291610852
-0.25 0 99 100 4.731416573061598 0.01252020219191706
0 0.25 50 51 35.2657005571416 0.1241626640091887
0 0.25 51 52 34.21037724657177 0.1225238424285569
0 0.25 52 53 33.17633255495508 0.1191251719389703
0 0.25 53 54 32.16486519016956 0.1133439085295162
0 0.25 54 55 31.17695207102361 0.1063408726578979
0 0.25 55 56 30.21320444599473 0.09859773408031515
0 0.25 56 57 29.27369216677499 0.092143966225142
0 0.25 57 58 28.35864070081192 0.08726650432197493
0 0.25 58 59 27.46823535714623 0.08372615228994398
0 0.25 59 60 26.60250810360878 0.08132282512295984
0 0.25 60 61 25.76121659630377 0.07905518668285436
0 0.25 61 62 24.94388830762102 0.07561950072087752
0 0.25 62 63 24.15030472783366 0.07118279381983586
0 0.25 63 64 23.37993342864459 0.06705715506224662
0 0.25 64 65 22.63220740929118 0.06400052186139651
0 0.25 65 66 21.90640599902542 0.06065512325196593
0 0.25 66 67 21.20158316383775 0.05754721196890781
0 0.25 67 68 20.51636626250341 0.0545610521437332
0 0.25 68 69 19.8479624356185 0.05176473812038445
0 0.25 69 70 19.1915778513337 0.04912003736625868
0 0.25 70 71 18.53977661890536 0.0832780270100443
0 0.25 71 72 17.8996980894249 0.05678066772440467
0 0.25 72 73 17.267201637989 0.04311441453527331
0 0.25 73 74 16.64288199277112 0.0375142641820493
0 0.25 74 75 16.02751149721398 0.03684607855527202
0 0.25 75 76 15.42153679799762 0.03835592608203032
0 0.25 76 77 14.82558964794832 0.04091328999351712
0 0.25 77 78 14.24035232627354 0.04381155190377863
0 0.25 78 79 13.66644751941517 0.04667357086105382
0 0.25 79 80 13.10443498869022 0.05058608028621709
0 0.25 80 81 12.55481331902135 0.05537367562314976
0 0.25 81 82 12.01861833129372 0.0275009165803
0 0.25 82 83 11.4946436742085 0.0262454150972841
0 0.25 83 84 10.98409800070661 0.02508620414201362
0 0.25 84 85 10.48726420975722 0.0239944549726746
0 0.25 85 86 10.00437432450023 0.02293918958170388
0 0.25 86 87 9.490984757813081 0.03887921726222989
0 0.25 87 88 9.0391233737367 0.03631559988241357
0 0.25 88 89 8.640903688557501 0.0199566873101214
0 0.25 89 90 8.215074834726977 0.01902377920622179
0 0.25 90 91 7.803619167265431 0.01812125128469544
0 0.25 91 92 7.406504754743281 0.01724903422619295
0 0.25 92 93 7.023665358700818 0.01640684661332258
0 0.25 93 94 6.654549264323393 0.01627221018863539
0 0.25 94 95 6.300594206787093 0.0237088093663542
0 0.25 95 96 5.959845316701013 0.02090082858219046
0 0.25 96 97 5.632790249947721 0.01836260080941821
0 0.25 97 98 5.319218258828499 0.01611147375878512
0 0.25 98 99 5.018896062740708 0.01416097409569283
0 0.25 99 100 4.731570002185407 0.01252014584341589
0.25 0.5 50 51 35.10206472748141 0.1253139650566554
0.25 0.5 51 52 34.05349341326345 0.1235012777323913
0.25 0.5 52 53 33.02603965539217 0.1197014424082881
0.25 0.5 53 54 32.02099485082513 0.1141436456148765
0.25 0.5 54 55 31.03933063181537 0.1071200106208168
0.25 0.5 55 56 30.08165513716611 0.09938324414481733
0.25 0.5 56 57 29.14803815627093 0.09291572389231602
0.25 0.5 57 58 28.23870460163241 0.0879953682407624
0.25 0.5 58 59 27.35383962001572 0.08438760698399912
0.25 0.5 59 60 26.49347597134499 0.08189740501960122
0.25 0.5 60 61 25.65737369947749 0.07954782606160324
0.25 0.5 61 62 24.8450642542532 0.07606458264481925
0.25 0.5 62 63 24.05633132881863 0.07160991948333596
0.25 0.5 63 64 23.29064659376871 0.06746511613928434
0.25 0.5 64 65 22.54744720169481 0.06436947409683863
0.25 0.5 65 66 21.82601730752634 0.06099652048430591
0.25 0.5 66 67 21.12541653362925 0.05785953221230811
0.25 0.5 67 68 20.44427878439294 0.05484453174366911
0.25 0.5 68 69 19.7798221134406 0.05201698353673321
0.25 0.5 69 70 19.1272685485669 0.0493388929398368
0.25 0.5 70 71 18.47958275146651 0.08254274024593451
0.25 0.5 71 72 17.84310793551847 0.05650752653977918
0.25 0.5 72 73 17.21411000639536 0.04304253271815443
0.25 0.5 73 74 16.59318073136201 0.03752605164655379
0.25 0.5 74 75 15.98108949102948 0.03683888152995955
0.25 0.5 75 76 15.37828111296338 0.03828471839260954
0.25 0.5 76 77 14.78538522602307 0.04076278418382019
0.25 0.5 77 78 14.2030823768098 0.0435811860892981
0.25 0.5 78 79 13.63199400526584 0.04636878893263915
0.25 0.5 79 80 13.07267912898892 0.04996499904583046
0.25 0.5 80 81 12.52563606474128 0.05468821155487266
0.25 0.5 81 82 11.99167582521946 0.02727352940063239
0.25 0.5 82 83 11.47005401150292 0.02598774710670936
0.25 0.5 83 84 10.96174301648388 0.02479996427418608
0.25 0.5 84 85 10.46702707799141 0.023682010702027
0.25 0.5 85 86 9.9861398916483 0.02260312450023198
0.25 0.5 86 87 9.519265222638346 0.02155728553312668
0.25 0.5 87 88 9.066531371467093 0.02054416219286385
0.25 0.5 88 89 8.628007595371216 0.01956425411615939
0.25 0.5 89 90 8.203743254066772 0.01861711823466686
0.25 0.5 90 91 7.793749375544735 0.01770249487561058
0.25 0.5 91 92 7.397997156404998 0.0168202220208149
0.25 0.5 92 93 7.016423642239584 0.0159699232005661
0.25 0.5 93 94 6.648629176862439 0.01575601253323273
0.25 0.5 94 95 6.295719427217563 0.02319896157140287
0.25 0.5 95 96 5.955962549690391 0.02039701691735413
0.25 0.5 96 97 5.62981771596273 0.01786247408550212
0.25 0.5 97 98 5.317077858372002 0.01561301526526292
0.25 0.5 98 99 5.017513397336884 0.01366304370784103
0.25 0.5 99 100 4.73087437753124 0.01202316184872793
0.5 0.75 50 51 35.02494780003872 0.1197849219509525
0.5 0.75 51 52 33.97527871810254 0.1201522406878656
0.5 0.75 52 53 32.94722109482461 0.1168716726580845
0.5 0.75 53 54 31.94199901249851 0.1104141838459072
0.5 0.75 54 55 30.9605249265104 0.1012216968355105
0.5 0.75 55 56 30.00335499218178 0.09346219818969749
0.5 0.75 56 57 29.07051356000537 0.08713510138172774
0.5 0.75 57 58 28.1621853987786 0.08239549095739884
0.5 0.75 58 59 27.27852028899605 0.07900673375748937
0.5 0.75 59 60 26.41952003173867 0.07676732728217289
0.5 0.75 60 61 25.5849167298345 0.07465775787958731
0.5 0.75 61 62 24.77421823206723 0.07135224734705979
0.5 0.75 62 63 23.98718691338408 0.06701776832178273
0.5 0.75 63 64 23.22327619984536 0.06298818363240435
0.5 0.75 64 65 22.48190698024065 0.06004179740665447
0.5 0.75 65 66 21.76235008973387 0.0567902104770043
0.5 0.75 66 67 21.06365434669264 0.05377230986790951
0.5 0.75 67 68 20.38444468021437 0.05086957699752161
0.5 0.75 68 69 19.72193699036805 0.04815309624730764
0.5 0.75 69 70 19.07135920914057 0.04558535246477937
0.5 0.75 70 71 18.4250804059175 0.08208968048857547
0.5 0.75 71 72 17.79065081466528 0.05434427617620238
0.5 0.75 72 73 17.1637154812416 0.04028992238018631
0.5 0.75 73 74 16.54485679236025 0.03426334387885009
0.5 0.75 74 75 15.93483554530791 0.03341199799637334
0.5 0.75 75 76 15.33408963384073 0.03490469881862691
0.5 0.75 76 77 14.74324120490142 0.03751328233220533
0.5 0.75 77 78 14.16296389951015 0.04047851939135918
0.5 0.75 78 79 13.59387284677518 0.04340238061006902
0.5 0.75 79 80 13.03652140206746 0.04816063894267247
0.5 0.75 80 81 12.4914028389835 0.0527972449762209
0.5 0.75 81 82 11.95974459244543 0.02495152573283454
0.5 0.75 82 83 11.43994148103612 0.02377413587075183
0.5 0.75 83 84 10.93339909663004 0.02269710085034186
0.5 0.75 84 85 10.440398804443 0.02169036945595817
0.5 0.75 85 86 9.961171884844916 0.02072740272499901
0.5 0.75 86 87 9.495900142850225 0.01979265677912275
0.5 0.75 87 88 9.044710292176781 0.01888585983405532
0.5 0.75 88 89 8.607670422550271 0.01800767116635341
0.5 0.75 89 90 8.184829077347025 0.01715770547657431
0.5 0.75 90 91 7.776196817663397 0.01633578376270447
0.5 0.75 91 92 7.38174468198121 0.01554184439479411
0.5 0.75 92 93 7.001015105940802 0.01782576384761824
0.5 0.75 93 94 6.63518148192091 0.02541142580460157
0.5 0.75 94 95 6.282759025873087 0.02181032369638016
0.5 0.75 95 96 5.944071048211061 0.01910577274055973
0.5 0.75 96 97 5.618936224245004 0.01666831372578416
0.5 0.75 97 98 5.307148711511591 0.0145172586738798
0.5 0.75 98 99 5.008480309714269 0.01266908517385153
0.5 0.75 99 100 4.722682577019153 0.01113650574927445
0.75 1 50 51 35.33333693979583 0.1186570647943947
0.75 1 51 52 34.26959688889909 0.1189063457626356
0.75 1 52 53 33.22863093245533 0.1155881354318785
0.75 1 53 54 32.21154631662827 0.1091652061790078
0.75 1 54 55 31.21915133651993 0.1000716339216735
0.75 1 55 56 30.2519088174719 0.08944589205299568
0.75 1 56 57 29.30975836173954 0.08075797837255379
0.75 1 57 58 28.39280972612147 0.07468827698172319
0.75 1 58 59 27.50114601107185 0.07094206150769114
0.75 1 59 60 26.63470952289558 0.06920427447904841
0.75 1 60 61 25.79317644505161 0.0675955541154641
0.75 1 61 62 24.97600497392349 0.06373881497623529
0.75 1 62 63 24.18291406882534 0.05786258392352418
0.75 1 63 64 23.4133164836197 0.05236160360863263
0.75 1 64 65 22.66659570042917 0.04881294607627879
0.75 1 65 66 21.94198824241877 0.0445323292269056
0.75 1 66 67 21.23850985582388 0.04054291122672071
0.75 1 67 68 20.55474850045086 0.03665438488516688
0.75 1 68 69 19.88787441502342 0.03298174006543654
0.75 1 69 70 19.23305583480177 0.02949377798273415
0.75 1 70 71 18.5823754485908 0.07505926160123784
0.75 1 71 72 17.94387664396254 0.04457463775306434
0.75 1 72 73 17.31291958772056 0.02064400976708096
0.75 1 73 74 16.69008016906822 0.01452992249937637
0.75 1 74 75 16.07611657623414 0.01733006695727738
0.75 1 75 76 15.47146367919233 0.0227980956815509
0.75 1 76 77 14.87674169342431 0.03126088500552512
0.75 1 77 78 14.29262403176782 0.03837119348117221
0.75 1 78 79 13.71972600416395 0.04434709650935006
0.75 1 79 80 13.15860160354334 0.04938940304037669
0.75 1 80 81 12.61431445877828 0.03305838276143411
0.75 1 81 82 12.07441027737194 0.01056587374711282
0.75 1 82 83 11.55093604170128 0.009814726729725535
0.75 1 83 84 11.04076374792776 0.009244686416340079
0.75 1 84 85 10.5441767452495 0.008792330605334943
0.75 1 85 86 10.06140841953948 0.008389142222580704
0.75 1 86 87 9.592642799335074 0.008003050554913786
0.75 1 87 88 9.138008850444514 0.007632717036006277
0.75 1 88 89 8.697577028676761 0.007279212233989962
0.75 1 89 90 8.271398182174288 0.006941166873953989
0.75 1 90 91 7.859485161029447 0.006617845929719585
0.75 1 91 92 7.461811242435363 0.006308926393575219
0.75 1 92 93 7.07831576885906 0.00601367172726771
0.75 1 93 94 6.708551470434969 0.01490793441925733
0.75 1 94 95 6.353540516174089 0.02127376992173224
0.75 1 95 96 6.011886081564548 0.01757235283176923
0.75 1 96 97 5.683853326698717 0.01414284646383958
0.75 1 97 98 5.36923798448511 0.01099293541465414
0.75 1 98 99 5.067813261913486 0.008125291423210898
0.75 1 99 100 4.779331949426354 0.006287276510979167
1 1.25 50 51 35.44589183161131 0.1130247960615297
1 1.25 51 52 34.38540270684015 0.1132991188473065
1 1.25 52 53 33.34784375980939 0.1101151980067477
1 1.25 53 54 32.33426659660236 0.1039244022497215
1 1.25 54 55 31.34543225909312 0.09514986938589794
1 1.25 55 56 30.38176537965541 0.0848961286382445
1 1.25 56 57 29.44317965085386 0.07652286440009487
1 1.25 57 58 28.52975743829367 0.07074483110921602
1 1.25 58 59 27.64155678697836 0.06748972473738292
1 1.25 59 60 26.7784994078213 0.06546102312226304
1 1.25 60 61 25.94024444524368 0.06394441343528644
1 1.25 61 62 25.12623824749164 0.06029347708529711
1 1.25 62 63 24.33618716782981 0.0560360257859425
1 1.25 63 64 23.56949349679221 0.05207393226379553
1 1.25 64 65 22.8255312903888 0.04923380539923488
1 1.25 65 66 22.10352932682025 0.04605694447455787
1 1.25 66 67 21.4024959705314 0.04311137005310817
1 1.25 67 68 20.7210071348005 0.04027174118319686
1 1.25 68 69 20.05621170024085 0.03761684630021506
1 1.25 69 70 19.4032337507314 0.03511066999530163
1 1.25 70 71 18.75537994432561 0.07326696071031807
1 1.25 71 72 18.11804819289586 0.04397478824629433
1 1.25 72 73 17.48794652207219 0.02914406986858476
1 1.25 73 74 16.8656468867126 0.02365954248753981
1 1.25 74 75 16.25191114520771 0.02394393940565197
1 1.25 75 76 15.64717484927911 0.02658747127009773
1 1.25 76 77 15.05206303672659 0.03005076980319686
1 1.25 77 78 14.46725803915636 0.03528683049765605
1 1.25 78 79 13.89338507662941 0.04095265344843228
1 1.25 79 80 13.33100905520607 0.04572770949217039
1 1.25 80 81 12.78063607881102 0.04978820650084628
1 1.25 81 82 12.2429785651657 0.01610091740679248
1 1.25 82 83 11.71753632004584 0.01514036684056879
1 1.25 83 84 11.20516537024334 0.0142974458521678
1 1.25 84 85 10.7061635297049 0.01353237819575205
1 1.25 85 86 10.22077895756382 0.01280182239155504
1 1.25 86 87 9.710410802774952 0.0316232475134497
1 1.25 87 88 9.291602736955632 0.01141995287024791
1 1.25 88 89 8.848040485351909 0.0107751972763357
1 1.25 89 90 8.41858995953573 0.0101591417278067
1 1.25 90 91 8.003279108780042 0.009571066929544415
1 1.25 91 92 7.602096114322077 0.009010487360216311
1 1.25 92 93 7.214611549330119 0.01611889669756373
1 1.25 93 94 6.84219484151248 0.02236484703655811
1 1.25 94 95 6.482967512746722 0.01861014241123963
1 1.25 95 96 6.137488283075996 0.01510766529080954
1 1.25 96 97 5.805590564245385 0.01187005634952059
1 1.25 97 98 5.487082594997133 0.00942436932634725
1 1.25 98 99 5.181749558203766 0.007605450601957957
1 1.25 99 100 4.889355661353417 0.006137693175633622
1.25 1.5 50 51 34.98742436073013 0.107215922937812
1.25 1.5 51 52 33.93576679191449 0.1074589798792386
1.25 1.5 52 53 32.90759587912345 0.1043731245526645
1.25 1.5 53 54 31.90384434174271 0.09839658669588179
1.25 1.5 54 55 30.92517052780551 0.08994005934399654
1.25 1.5 55 56 29.97191027864503 0.08327865166224173
1.25 1.5 56 57 29.04390045462918 0.07780041745871065
1.25 1.5 57 58 28.14115801813585 0.07373862610646828
1.25 1.5 58 59 27.26368513107732 0.07086041027187755
1.25 1.5 59 60 26.41135609969274 0.06897332356132513
1.25 1.5 60 61 25.58379155616225 0.06719541047433462
1.25 1.5 61 62 24.78040946765698 0.06439965138790779
1.25 1.5 62 63 24.00088646547358 0.06075037384176476
1.25 1.5 63 64 23.24460551865573 0.05738623180169638
1.25 1.5 64 65 22.51092456510163 0.05494012877274797
1.25 1.5 65 66 21.79906169470731 0.05226031536600532
1.25 1.5 66 67 21.10802026270633 0.04979032391667623
1.25 1.5 67 68 20.43637683968024 0.04743242902364272
1.25 1.5 68 69 19.78130334076397 0.04524017261260613
1.25 1.5 69 70 19.13797595721512 0.04317890441538372
1.25 1.5 70 71 18.50151810018231 0.06751736210289697
1.25 1.5 71 72 17.87368202821793 0.04682271565057689
1.25 1.5 72 73 17.25302877120302 0.03719051576939142
1.25 1.5 73 74 16.64010883612026 0.03461587747011419
1.25 1.5 74 75 16.03566194770757 0.035481199012607
1.25 1.5 75 76 15.4401059867219 0.03755479029633749
1.25 1.5 76 77 14.85404660209143 0.04010208021705085
1.25 1.5 77 78 14.27814787050778 0.04267496333342253
1.25 1.5 78 79 13.71301834240306 0.04506120292026256
1.25 1.5 79 80 13.15920796428712 0.04718550965665001
1.25 1.5 80 81 12.61993351517354 0.02914880289729187
1.25 1.5 81 82 12.08673385152721 0.02627009298346464
1.25 1.5 82 83 11.56930347467621 0.02525060775452989
1.25 1.5 83 84 11.06471837005099 0.0242875069257281
1.25 1.5 84 85 10.57326903680627 0.02335716552226785
1.25 1.5 85 86 10.09519762920014 0.02244430008292336
1.25 1.5 86 87 9.63069848811746 0.02154098046519295
1.25 1.5 87 88 9.179911842202522 0.02064885817670407
1.25 1.5 88 89 8.74276179776831 0.001315885183510563
1.25 1.5 89 90 8.31962399515151 0.001274943638578262
1.25 1.5 90 91 7.910374607645174 0.001245494625508129
1.25 1.5 91 92 7.515002333076936 0.001249911866856118
1.25 1.5 92 93 7.133209029509906 0.01469925065016591
1.25 1.5 93 94 6.765480522173412 0.01236112186320499
1.25 1.5 94 95 6.41226056996349 0.0193044228203296
1.25 1.5 95 96 6.071582992925602 0.01592241656171903
1.25 1.5 96 97 5.744252167629217 0.01280190558958619
1.25 1.5 97 98 5.430081001236577 0.009952089355734777
1.25 1.5 98 99 5.128859824615411 0.007381200492320322
1.25 1.5 99 100 4.840358415514341 0.005105291264783488
1.5 1.75 50 51 35.54551060025835 0.0995300014416589
1.5 1.75 51 52 34.46019327180795 0.09972832210619707
1.5 1.75 52 53 33.40114209254727 0.0967510945106233
1.5 1.75 53 54 32.36902767276015 0.09102048761026404
1.5 1.75 54 55 31.36427309761248 0.0829333085251361
1.5 1.75 55 56 30.38700148226155 0.07351133742061011
1.5 1.75 56 57 29.43685358545872 0.06583529228565149
1.5 1.75 57 58 28.51367298882181 0.0604986234982034
1.5 1.75 58 59 27.6173071202266 0.05723036972875409
1.5 1.75 59 60 26.74749098449186 0.05574557943177218
1.5 1.75 60 61 25.90371153643918 0.05438606993686577
1.5 1.75 61 62 25.08526508674272 0.05106665731849607
1.5 1.75 62 63 24.29172500097395 0.04599408940037285
1.5 1.75 63 64 23.52237648581517 0.04126622841199947
1.5 1.75 64 65 22.77648779132166 0.03825465884037503
1.5 1.75 65 66 22.05319645090646 0.03462152712347949
1.5 1.75 66 67 21.35143054085871 0.03125138300878301
1.5 1.75 67 68 20.66968875284033 0.02798593365978884
1.5 1.75 68 69 20.00505641088304 0.02491697678501169
1.5 1.75 69 70 19.33814035048466 0.05535743760104138
1.5 1.75 70 71 18.71081450155707 0.05074603956509686
1.5 1.75 71 72 18.07432664526283 0.02616186484130769
1.5 1.75 72 73 17.4453199484812 0.01095401410096987
1.5 1.75 73 74 16.82432699200308 0.01674035274917026
1.5 1.75 74 75 16.2120756605439 0.02550089705305259
1.5 1.75 75 76 15.60897605731079 0.03274516664298349
1.5 1.75 76 77 15.01562414142535 0.03887391506421261
1.5 1.75 77 78 14.43267490566048 0.04395949933587152
1.5 1.75 78 79 13.86341206202647 0.02364852072128793
1.5 1.75 79 80 13.30225653399219 0.02608483244551808
1.5 1.75 80 81 12.75292432725807 0.02814582181514082
1.5 1.75 81 82 12.21374104012299 0.002164237716752508
1.5 1.75 82 83 11.69049331815459 0.001647077389108667
1.5 1.75 83 84 11.18028850125707 0.002011554810861978
1.5 1.75 84 85 10.68341189340456 0.002390066861251203
1.5 1.75 85 86 10.20010077224169 0.002571272208729718
1.5 1.75 86 87 9.730544939117635 0.002571029230578212
1.5 1.75 87 88 9.274880415641789 0.002457685649821761
1.5 1.75 88 89 8.833186283711409 0.002348799955861437
1.5 1.75 89 90 8.405523270308642 0.002258582447476303
1.5 1.75 90 91 7.991915228338744 0.002179532192948163
1.5 1.75 91 92 7.592347282056679 0.002085866380048749
1.5 1.75 92 93 7.2066152604969 0.01375237759580136
1.5 1.75 93 94 6.835000410270624 0.01150488266862171
1.5 1.75 94 95 6.477198562518865 0.009423999246703781
1.5 1.75 95 96 6.134052973140278 0.01579569290713912
1.5 1.75 96 97 5.803243720322918 0.01268202150849397
1.5 1.75 97 98 5.4857410427459 0.009846232576399759
1.5 1.75 98 99 5.18133166704154 0.007295734610421576
1.5 1.75 99 100 4.889781759890258 0.005058464172399219
1.75 2 50 51 35.48670398080057 0.1020786664463356
1.75 2 51 52 34.41716011592311 0.102028938650357
1.75 2 52 53 33.37342442438765 0.09893362423075627
1.75 2 53 54 32.35613387078959 0.09320258311341913
1.75 2 54 55 31.36568688099848 0.08521895686943416
1.75 2 55 56 30.40219203843893 0.07595794944451872
1.75 2 56 57 29.46529105487139 0.06835355999618875
1.75 2 57 58 28.55482491037478 0.06297292808182717
1.75 2 58 59 27.67063936120678 0.05955950748748891
1.75 2 59 60 26.81247193581805 0.0578412527658279
1.75 2 60 61 25.97982362536909 0.05624783983094857
1.75 2 61 62 25.17201445154757 0.05280602148983066
1.75 2 62 63 24.38862560490074 0.04771467174129337
1.75 2 63 64 23.62896230829639 0.04296002883997759
1.75 2 64 65 22.89231236186838 0.0398413741649193
1.75 2 65 66 22.17783376251822 0.03614153307549817
1.75 2 66 67 21.48447609155221 0.03270516906326084
1.75 2 67 68 20.81075410227245 0.02937469924696542
1.75 2 68 69 20.15375882675436 0.02624388975852831
1.75 2 69 70 19.49077618890719 0.05355820337727162
1.75 2 70 71 18.86895473818713 0.04879046148593024
1.75 2 71 72 18.23896499204177 0.02543760548772255
1.75 2 72 73 17.61589317370515 0.01250543859600062
1.75 2 73 74 17.00025840214332 0.01804958810783196
1.75 2 74 75 16.39278931764034 0.02374187188408643
1.75 2 75 76 15.79388682128324 0.02894194237270503
1.75 2 76 77 15.20414887208391 0.03464348544303714
1.75 2 77 78 14.62424167582623 0.03935919289908692
1.75 2 78 79 14.05477836016709 0.04322562780539645
1.75 2 79 80 13.50001716239669 0.02408637032866074
1.75 2 80 81 12.95199929332007 0.0258416835345035
1.75 2 81 82 12.41406467978545 0.006636273688875149
1.75 2 82 83 11.89106435972886 0.005982842995437433
1.75 2 83 84 11.380643353807 0.005497164081889593
1.75 2 84 85 10.88310836878173 0.005083068556400418
1.75 2 85 86 10.39871883448122 0.004707224358486561
1.75 2 86 87 9.927687367815285 0.004326990193928494
1.75 2 87 88 9.470173050455028 0.003940257274432994
1.75 2 88 89 9.026278332491238 0.003575193415172648
1.75 2 89 90 8.596087804181352 0.003262790639354671
1.75 2 90 91 8.179649347467205 0.002986359152682936
1.75 2 91 92 7.776972074864084 0.002736020726041418
1.75 2 92 93 7.387794506306641 0.01189069885660975
1.75 2 93 94 7.012591246826673 0.009833308499570313
1.75 2 94 95 6.651568412147132 0.01593188878714754
1.75 2 95 96 6.303328228934173 0.01281748801434889
1.75 2 96 97 5.968417330935189 0.009961430745796515
1.75 2 97 98 5.646667133392235 0.007371460334532638
1.75 2 98 99 5.337885794609644 0.005059567455066745
1.75 2 99 100 5.041860171126132 0.003128669568973085
2 2.25 50 51 35.87487323206452 0.1005411690062168
2 2.25 51 52 34.75721238664445 0.1002691330049445
2 2.25 52 53 33.66964551854292 0.09712961503109074
2 2.25 53 54 32.61241414790197 0.09151467522677059
2 2.25 54 55 31.58556099690017 0.08379031786468577
2 2.25 55 56 30.58887585191812 0.07487867784756749
2 2.25 56 57 29.62171837694754 0.06754166531102092
2 2.25 57 58 28.68366939037868 0.06230989598931602
2 2.25 58 59 27.77433750647138 0.05893880603429637
2 2.25 59 60 26.89324589853204 0.05716943373004375
2 2.25 60 61 26.03969338179471 0.05552327281319085
2 2.25 61 62 25.21281628361409 0.05214474652369715
2 2.25 62 63 24.41203470261935 0.04722368182213375
2 2.25 63 64 23.63649800584834 0.04262782909889394
2 2.25 64 65 22.88535034987537 0.03957654196147442
2 2.25 65 66 22.15761770693034 0.0359883425936399
2 2.25 66 67 21.45212582173751 0.03265581286669711
2 2.25 67 68 20.76726818644589 0.02942919236370023
2 2.25 68 69 20.10002689623776 0.02639811561947853
2 2.25 69 70 19.44536743341816 0.02353586378801343
2 2.25 70 71 18.7953429423319 0.05297317623686584
2 2.25 71 72 18.15755074542875 0.03005122466726682
2 2.25 72 73 17.52744381347515 0.01170213918389046
2 2.25 73 74 16.90551164688561 0.007383899893906485
2 2.25 74 75 16.29244791719567 0.0120207078696861
2 2.25 75 76 15.68863571029139 0.01905098886489923
2 2.25 76 77 15.09464234765041 0.02484620781859593
2 2.25 77 78 14.51109784920282 0.02960188502942262
2 2.25 78 79 13.93857997328534 0.03349523529160629
2 2.25 79 80 13.37761153110495 0.03668766339376073
2 2.25 80 81 12.82616083577407 0.03044893988725251
2 2.25 81 82 12.29319139973448 0.005062262064173218
2 2.25 82 83 11.76910397676755 0.004350584154779923
2 2.25 83 84 11.25802457713144 0.003854110694461174
2 2.25 84 85 10.76023032316656 0.003518194530428644
2 2.25 85 86 10.27595200611478 0.003295771853346519
2 2.25 86 87 9.805374624131645 0.00309134856499867
2 2.25 87 88 9.348630442666991 0.002902436033762983
2 2.25 88 89 8.905796089698562 0.002731616997864705
2 2.25 89 90 8.476931387547701 0.002576178025183737
2 2.25 90 91 8.062060454279042 0.002434782205809942
2 2.25 91 92 7.661075345560427 0.01530226466720151
2 2.25 92 93 7.274081099843944 0.01264007829338831
2 2.25 93 94 6.900752498930888 0.01386366971319377
2 2.25 94 95 6.541391753793221 0.01092282890270282
2 2.25 95 96 6.195640125119976 0.008221237409547463
2 2.25 96 97 5.863336180718518 0.005778204632549
2 2.25 97 98 5.544294181288633 0.003635386996625225
2 2.25 98 99 5.238306049737727 0.002373575300012129
2 2.25 99 100 4.945143314287263 0.001670641931466522
2.25 2.5 50 51 35.26339232198595 0.09471255478369869
2.25 2.5 51 52 34.1490128692698 0.09434147348481761
2.25 2.5 52 53 33.06619864647035 0.09126994873463197
2.25 2.5 53 54 32.01497207635288 0.08587317879078245
2.25 2.5 54 55 30.9951839074497 0.0785009309514659
2.25 2.5 55 56 30.00645570310057 0.0700228474371504
2.25 2.5 56 57 29.04800017162566 0.06302796661239403
2.25 2.5 57 58 28.11926939093146 0.05867155477181271
2.25 2.5 58 59 27.21975915453748 0.05577931277370553
2.25 2.5 59 60 26.3488942877446 0.05382117524476156
2.25 2.5 60 61 25.50588704561746 0.05198526374332454
2.25 2.5 61 62 24.68980223306754 0.04923413288454768
2.25 2.5 62 63 23.89999345426276 0.04570332770233011
2.25 2.5 63 64 23.13555780749219 0.04243334782104477
2.25 2.5 64 65 22.39559402368441 0.04003331535725505
2.25 2.5 65 66 21.6790951217472 0.03742022235517419
2.25 2.5 66 67 20.98486685959338 0.03501269729344293
2.25 2.5 67 68 20.31129960084563 0.03271873344661254
2.25 2.5 68 69 19.65542112635947 0.03059355656001796
2.25 2.5 69 70 18.99621424280721 0.04486936453197533
2.25 2.5 70 71 18.37595863591875 0.03589243315027738
2.25 2.5 71 72 17.75010873242531 0.02221040359939186
2.25 2.5 72 73 17.13213001815397 0.02253415190829609
2.25 2.5 73 74 16.52246581577504 0.02671225132605115
2.25 2.5 74 75 15.92176567071245 0.03043730555680582
2.25 2.5 75 76 15.33036655303567 0.03349221756246056
2.25 2.5 76 77 14.74879446146991 0.036079658152778
2.25 2.5 77 78 14.18239105786858 0.01862083560984519
2.25 2.5 78 79 13.62160301644794 0.02056657675764553
2.25 2.5 79 80 13.07209382679004 0.02211974606551811
2.25 2.5 80 81 12.53186029962266 0.01485723169739458
2.25 2.5 81 82 12.00708476148039 0.01403771794556676
2.25 2.5 82 83 11.4948368523808 0.01331066888135168
2.25 2.5 83 84 10.99539751189664 0.01266456637968889
2.25 2.5 84 85 10.50902496755775 0.01204550494913402
2.25 2.5 85 86 10.0359330824029 0.0114536940335761
2.25 2.5 86 87 9.576291887136694 0.01087792351178199
2.25 2.5 87 88 9.130220421862472 0.0103212473184084
2.25 2.5 88 89 8.697784056273264 0.009789990023159948
2.25 2.5 89 90 8.279032978763539 0.009279769807894819
2.25 2.5 90 91 7.873983331240783 0.008790106699706667
2.25 2.5 91 92 7.482614981976152 0.008320703235784627
2.25 2.5 92 93 7.104844044140552 0.00981712269654037
2.25 2.5 93 94 6.740699819122691 0.008054032383312794
2.25 2.5 94 95 6.390002639159469 0.007008239633151649
2.25 2.5 95 96 6.052957600449936 0.01297163725256366
2.25 2.5 96 97 5.728605953698088 0.0110378194053575
2.25 2.5 97 98 5.417207071051793 0.00931962380741647
2.25 2.5 98 99 5.118554745999472 0.007823561722963061
2.25 2.5 99 100 4.832423260596101 0.006557076370291716
2.5 2.75 50 51 35.37531761474429 0.1056913034570353
2.5 2.75 51 52 34.22833678485938 0.1028847580254709
2.5 2.75 52 53 33.1164154115981 0.09890393557541602
2.5 2.75 53 54 32.03922176344427 0.09390018157677923
2.5 2.75 54 55 30.99629024241774 0.08807116357063705
2.5 2.75 55 56 29.98695988107211 0.08189980230771908
2.5 2.75 56 57 29.01019227261479 0.07660143443421918
2.5 2.75 57 58 28.06521343591649 0.07232618914979588
2.5 2.75 58 59 27.15131583503356 0.06891329996873907
2.5 2.75 59 60 26.26774210293669 0.06623054208894429
2.5 2.75 60 61 25.4135400120052 0.06369630808084964
2.5 2.75 61 62 24.58763070142707 0.06057130536839384
2.5 2.75 62 63 23.78923392342129 0.0569625951914119
2.5 2.75 63 64 23.01732895161695 0.05360604575935692
2.5 2.75 64 65 22.27090731932836 0.05090661020130378
2.5 2.75 65 66 21.54945295931284 0.0303032051664016
2.5 2.75 66 67 20.85052006039183 0.02731317631806941
2.5 2.75 67 68 20.17300456721946 0.02443394364161251
2.5 2.75 68 69 19.51387750819728 0.02173933783237964
2.5 2.75 69 70 18.85332858310228 0.03569785220984689
2.5 2.75 70 71 18.22981218283729 0.03080871511757531
2.5 2.75 71 72 17.60260394468571 0.01362739341331637
2.5 2.75 72 73 16.9838162063223 0.00953146478971491
2.5 2.75 73 74 16.37384743114884 0.01765979505541717
2.5 2.75 74 75 15.77330584303052 0.02413665643461262
2.5 2.75 75 76 15.18249348856132 0.02907289227944752
2.5 2.75 76 77 14.60189903077124 0.03305129308620784
2.5 2.75 77 78 14.03627004181194 0.01820460545114155
2.5 2.75 78 79 13.47717526583241 0.01989234720088932
2.5 2.75 79 80 12.9269914219456 0.003953294698255482
2.5 2.75 80 81 12.39217884414821 0.002875966028922462
2.5 2.75 81 82 11.86984099867566 0.00171122618650276
2.5 2.75 82 83 11.3602370854173 0.0008171077442519018
2.5 2.75 83 84 10.86362298898556 0.0007739866395077085
2.5 2.75 84 85 10.38023260318063 0.00084593340802831
2.5 2.75 85 86 9.910256897709164 0.0009725437414399381
2.5 2.75 86 87 9.453844510755623 0.001013174225736178
2.5 2.75 87 88 9.011094895774004 0.00103374743043916
2.5 2.75 88 89 8.582056041133882 0.00108625490410581
2.5 2.75 89 90 8.166760823340876 0.001131972048800907
2.5 2.75 90 91 7.765209220502065 0.001170355820247209
2.5 2.75 91 92 7.377366212487408 0.001202425704975426
2.5 2.75 92 93 7.003166955223334 0.001227858935151815
2.5 2.75 93 94 6.642410779250257 0.007427544419889978
2.5 2.75 94 95 6.295674766441396 0.01149520523865414
2.5 2.75 95 96 5.961694000473411 0.009060078402317978
2.5 2.75 96 97 5.640820086422789 0.006847619862379305
2.5 2.75 97 98 5.332859461188731 0.004858127910687719
2.5 2.75 98 99 5.037598060381596 0.003093268912385466
2.5 2.75 99 100 4.754803141261796 0.001591357063523901
2.75 3 50 51 34.87970717986138 0.08440140612890044
2.75 3 51 52 33.7096152712061 0.08386537511509858
2.75 3 52 53 32.5782622930757 0.08098544890413832
2.75 3 53 54 31.48491211547592 0.07610001403567783
2.75 3 54 55 30.42873928299051 0.06952345190932359
2.75 3 55 56 29.40876250138766 0.06200930611630801
2.75 3 56 57 28.42365923805221 0.05576293506982829
2.75 3 57 58 27.47240161251324 0.05119889071719459
2.75 3 58 59 26.55405496001872 0.04811418990874056
2.75 3 59 60 25.66765931927472 0.04629661163996892
2.75 3 60 61 24.81208119061083 0.04460029205646053
2.75 3 61 62 23.98608469251607 0.04160331359233229
2.75 3 62 63 23.18874310735313 0.03746271396575538
2.75 3 63 64 22.41890992330391 0.03359656080018492
2.75 3 64 65 21.67546344533704 0.03092038014607919
2.75 3 65 66 20.95720568430973 0.02787787401923095
2.75 3 66 67 20.26277933193175 0.02505742144984191
2.75 3 67 68 19.59043757224622 0.02234930333418144
2.75 3 68 69 18.93714468402521 0.0198191746595671
2.75 3 69 70 18.2845097679585 0.02733343169341361
2.75 3 70 71 17.66721308651678 0.02317963156795584
2.75 3 71 72 17.04811260044436 0.01028482081971567
2.75 3 72 73 16.43814821051035 0.01378697616099298
2.75 3 73 74 15.83765643984076 0.02178130869174129
2.75 3 74 75 15.24718038685217 0.02759512831019484
2.75 3 75 76 14.66697055439747 0.03190773344232545
2.75 3 76 77 14.1014207074699 0.01638772989241061
2.75 3 77 78 13.54265517329764 0.01824455819979273
2.75 3 78 79 12.99262014751621 0.004117100024422486
2.75 3 79 80 12.45785962580833 0.003284798196338123
2.75 3 80 81 11.93547263509579 0.002337389657154723
2.75 3 81 82 11.42576708561395 0.001830151636912115
2.75 3 82 83 10.92895782502449 0.001696535363958957
2.75 3 83 84 10.44525687991878 0.001674448710850839
2.75 3 84 85 9.974856076492827 0.00168900295476573
2.75 3 85 86 9.517906762191608 0.001730282770264907
2.75 3 86 87 9.074520481566328 0.001708100518209771
2.75 3 87 88 8.644762321623361 0.001636877986155057
2.75 3 88 89 8.228649066882944 0.001601558050607238
2.75 3 89 90 7.826183657901586 0.001588508351471927
2.75 3 90 91 7.43733834411505 0.001573892883809114
2.75 3 91 92 7.062052677895419 0.001557880641699945
2.75 3 92 93 6.700238466635801 0.001539884285040925
2.75 3 93 94 6.351780406028563 0.001519711855018106
2.75 3 94 95 6.016480497842213 0.005763409033502163
2.75 3 95 96 5.694773313390561 0.009359800260908649
2.75 3 96 97 5.385397312029813 0.007324861763750262
2.75 3 97 98 5.088675806579904 0.005498397340030934
2.75 3 98 99 4.804382890160528 0.003876955555643513
2.75 3 99 100 4.532275639971873 0.002464062618079995
3 3.25 50 51 33.47772063005185 0.07848564143520601
3 3.25 51 52 32.30746519568392 0.07792448073735823
3 3.25 52 53 31.17917052369012 0.07522264524217294
3 3.25 53 54 30.09167924413461 0.07069634867281743
3 3.25 54 55 29.0437941352684 0.06463875769328983
3 3.25 55 56 28.03420644666416 0.05773407513826595
3 3.25 56 57 27.06130812322826 0.05195887603175293
3 3.25 57 58 26.1238167084488 0.04768118340715372
3 3.25 58 59 25.22057127856733 0.044716512428938
3 3.25 59 60 24.35041227992471 0.04287317108748893
3 3.25 60 61 23.51203256751306 0.04114631645958729
3 3.25 61 62 22.70405020198872 0.03829647126287881
3 3.25 62 63 21.92539871774372 0.03446638285528422
3 3.25 63 64 21.17481880482602 0.03088354663576771
3 3.25 64 65 20.45108920929994 0.02833598848793436
3 3.25 65 66 19.75293277710809 0.02549139860450556
3 3.25 66 67 19.07893578701751 0.02285152085861343
3 3.25 67 68 18.42732733422761 0.02032372098823851
3 3.25 68 69 17.79514267716527 0.01796459827710567
3 3.25 69 70 17.16533944994944 0.02215107375058665
3 3.25 70 71 16.56921731721967 0.01951673505112865
3 3.25 71 72 15.97331714360888 0.01044804689919752
3 3.25 72 73 15.38725544600197 0.01571757189402936
3 3.25 73 74 14.81129026013783 0.02309490524542027
3 3.25 74 75 14.25116250260332 0.01081915654545298
3 3.25 75 76 13.69535409808386 0.01311297538937371
3 3.25 76 77 13.15104326843544 0.01516404516868252
3 3.25 77 78 12.61578455906823 0.004029103619139334
3 3.25 78 79 12.09545363653951 0.003379946143106059
3 3.25 79 80 11.58729154966939 0.002625922777423569
3 3.25 80 81 11.0915878701393 0.001792910459857935
3 3.25 81 82 10.60858278687438 0.00133428821942561
3 3.25 82 83 10.13843185660178 0.001340960110490084
3 3.25 83 84 9.647973333244227 0.01261224381181306
3 3.25 84 85 9.205796997044519 0.001835118304220606
3 3.25 85 86 8.777059244650738 0.00550272643908738
3 3.25 86 87 8.36175301627148 0.008697526983138802
3 3.25 87 88 7.959863832042902 0.008939507132471214
3 3.25 88 89 7.571370648673712 0.006754778746640888
3 3.25 89 90 7.196193948525718 0.002698637504341541
3 3.25 90 91 6.834207414413857 0.003230766972839164
3 3.25 91 92 6.500839633732944 0.001372633655322063
3 3.25 92 93 6.162551975673559 0.001362845176661493
3 3.25 93 94 5.837111754523778 0.001349762238096291
3 3.25 94 95 5.524354974819675 0.001333482506830265
3 3.25 95 96 5.224096564275391 0.001314147042541756
3 3.25 96 97 4.936077207570485 0.003334419214871749
3 3.25 97 98 4.660603355781184 0.00614616143491739
3 3.25 98 99 4.396499533207149 0.004713440872600262
3 3.25 99 100 4.1439775085087 0.003458596710805498
3.25 3.5 50 51 30.66399571226763 0.07124516832312737
3.25 3.5 51 52 29.54056463724989 0.07071382010183516
3.25 3.5 52 53 28.46063645915289 0.06828212078466402
3.25 3.5 53 54 27.42268536539068 0.06423836592743828
3.25 3.5 54 55 26.42519564571036 0.05884918312149708
3.25 3.5 55 56 25.46658641852338 0.05271514951289954
3.25 3.5 56 57 24.54502589835152 0.04754027569365542
3.25 3.5 57 58 23.65903067631616 0.04363840642420823
3.25 3.5 58 59 22.80726356866038 0.04084837868198656
3.25 3.5 59 60 21.98841462261269 0.03900406013902415
3.25 3.5 60 61 21.20105673495258 0.03726743387534261
3.25 3.5 61 62 20.44371736713541 0.03461327550485651
3.25 3.5 62 63 19.71523477390451 0.03116657019593159
3.25 3.5 63 64 19.01428817161847 0.02793155206225172
3.25 3.5 64 65 18.33960649155363 0.02554816336537608
3.25 3.5 65 66 17.68988557304329 0.02294560055167231
3.25 3.5 66 67 17.06371327736785 0.02052469413729428
3.25 3.5 67 68 16.45936870043929 0.01821305632725871
3.25 3.5 68 69 15.87408454365379 0.01605685810532489
3.25 3.5 69 70 15.29228353542333 0.01982677727867152
3.25 3.5 70 71 14.74206358823057 0.01670952154926693
3.25 3.5 71 72 14.19393570407863 0.00928689936473171
3.25 3.5 72 73 13.65603239854591 0.01478409809066438
3.25 3.5 73 74 13.12852080596576 0.0217319868385728
3.25 3.5 74 75 12.61652194199072 0.009871005490099451
3.25 3.5 75 76 12.10956428658156 0.01192370682410062
3.25 3.5 76 77 11.61154605251108 0.003941798071069314
3.25 3.5 77 78 11.12798967225419 0.003347568895935998
3.25 3.5 78 79 10.65562003694791 0.009327269308278072
3.25 3.5 79 80 10.19563837991708 0.007668688259167189
3.25 3.5 80 81 9.747746938710042 0.006115612109544665
3.25 3.5 81 82 9.312103452883626 0.004712961041045891
3.25 3.5 82 83 8.856566935037218 0.003500318197434569
3.25 3.5 83 84 8.477899595721341 0.002343574808863505
3.25 3.5 84 85 8.079488929399522 0.001396213059473562
3.25 3.5 85 86 7.693597074416374 0.0009800189409818977
3.25 3.5 86 87 7.260802344292076 0.005504166123410086
3.25 3.5 87 88 6.959353998697451 0.001880046162782441
3.25 3.5 88 89 6.610905181635726 0.002541278891975903
3.25 3.5 89 90 6.274804927839273 0.003169862813701386
3.25 3.5 90 91 5.903725007498845 0.006571746724309892
3.25 3.5 91 92 5.639494770083467 0.001004876068455642
3.25 3.5 92 93 5.33973075252405 0.001004236207910319
3.25 3.5 93 94 5.051780338909587 0.00100132144035664
3.25 3.5 94 95 4.766119984583892 0.002890380811255936
3.25 3.5 95 96 4.502657860177932 0.002992203913774703
3.25 3.5 96 97 4.256892273881299 0.0009707222292562441
3.25 3.5 97 98 4.014198588599852 0.0009542247212499212
3.25 3.5 98 99 3.782245628477658 0.0009350712776712998
3.25 3.5 99 100 3.560780305922467 0.001392076692962889
3.5 3.75 50 51 26.09118839871189 0.06117185656570674
3.5 3.75 51 52 25.08537976049315 0.06076786446034717
3.5 3.75 52 53 24.12268954861406 0.03320111531520355
3.5 3.75 53 54 23.19900254032802 0.03126006212539114
3.5 3.75 54 55 22.3109823942757 0.05095069847965551
3.5 3.75 55 56 21.46239443724271 0.04586074407375452
3.5 3.75 56 57 20.64863418963074 0.04151912455775864
3.5 3.75 57 58 19.86814606507294 0.03817447649931933
3.5 3.75 58 59 19.11953424567561 0.03569530483138067
3.5 3.75 59 60 18.40145025430655 0.03394754869308299
3.5 3.75 60 61 17.71246073884465 0.0322899860827938
3.5 3.75 61 62 17.05111444078551 0.02994773787401429
3.5 3.75 62 63 16.41624822131154 0.02702359033235618
3.5 3.75 63 64 15.8065787234985 0.02426533987310049
3.5 3.75 64 65 15.22087892108229 0.02214431497582485
3.5 3.75 65 66 14.65791089345318 0.0198853958983287
3.5 3.75 66 67 14.11636093478257 0.01777650562266989
3.5 3.75 67 68 13.59467037986728 0.01644000525990164
3.5 3.75 68 69 13.09043631460295 0.01638084583504969
3.5 3.75 69 70 12.60085800165765 0.01213875484549248
3.5 3.75 70 71 12.11268097367381 0.01267540445101586
3.5 3.75 71 72 11.64963732375166 0.009600806908185017
3.5 3.75 72 73 11.19078632947064 0.008077015575130558
3.5 3.75 73 74 10.74191021744068 0.01342727445387972
3.5 3.75 74 75 10.30763183400608 0.006012677338307891
3.5 3.75 75 76 9.878286407570597 0.007387645136745678
3.5 3.75 76 77 9.457679890662126 0.003414419077298427
3.5 3.75 77 78 9.050001863457684 0.002829739672639616
3.5 3.75 78 79 8.653057090908314 0.002258400143702738
3.5 3.75 79 80 8.2669705169845 0.001682248164291284
3.5 3.75 80 81 7.891848230788614 0.001111938279955167
3.5 3.75 81 82 7.501036559635532 0.00331238808442926
3.5 3.75 82 83 7.174729781187442 0.0008591213750389967
3.5 3.75 83 84 6.843059167913789 0.002932126700808381
3.5 3.75 84 85 6.51136527098959 0.002248899147573203
3.5 3.75 85 86 6.182007392995668 0.0009075065295107497
3.5 3.75 86 87 5.87314708637998 0.0009167532996167155
3.5 3.75 87 88 5.575207871092406 0.0009215026431846138
3.5 3.75 88 89 5.288087561747996 0.0009239567997365137
3.5 3.75 89 90 5.011675465810792 0.0009229904674121845
3.5 3.75 90 91 4.745843584838132 0.0009186417485086385
3.5 3.75 91 92 4.490445778380731 0.0009112849584575132
3.5 3.75 92 93 4.248066297380159 0.0008890710872965819
3.5 3.75 93 94 4.01029270491652 0.0008879855240717514
3.5 3.75 94 95 3.785172348655244 0.0008724660465152108
3.5 3.75 95 96 3.569758146272962 0.0008546628351708281
3.5 3.75 96 97 3.363751977896679 0.0007889679823338747
3.5 3.75 97 98 3.167106594771031 0.0007706347783694023
3.5 3.75 98 99 2.979494767435189 0.0007463687594911802
3.5 3.75 99 100 2.789971842816034 0.0006616734904979264
3.75 4 50 51 19.82723500884003 0.001039033580704317
3.75 4 51 52 19.0223720085428 0.001075442877494741
3.75 4 52 53 18.25346957571558 0.001474816327339763
3.75 4 53 54 17.51863101032256 0.001533558949246242
3.75 4 54 55 16.8162093268294 0.001161786511000706
3.75 4 55 56 16.14464879389239 0.000660259079344973
3.75 4 56 57 15.50235656242306 0.0006101304273689126
3.75 4 57 58 14.88793180434216 0.0006005274285676037
3.75 4 58 59 14.30001495328231 0.0005853980738440328
3.75 4 59 60 13.73728696075372 0.00057925799308572
3.75 4 60 61 13.19853856587816 0.0005659024500824147
3.75 4 61 62 12.68258424595981 0.0005516777431015273
3.75 4 62 63 12.18830092863315 0.0005423106014216466
3.75 4 63 64 11.71461154720214 0.0005304703493559338
3.75 4 64 65 11.26046147540759 0.0005199608677032326
3.75 4 65 66 10.82480477831537 0.0005011424742208068
3.75 4 66 67 10.40682923799056 0.01295074804763011
3.75 4 67 68 10.00457028286655 0.01314739405940875
3.75 4 68 69 9.616711988617475 0.0116250251416346
3.75 4 69 70 9.240388190737423 0.0102043379705146
3.75 4 70 71 8.873526930229994 0.008890283701487325
3.75 4 71 72 8.515393465901706 0.007672030802865368
3.75 4 72 73 8.159913260519756 0.005854241701583131
3.75 4 73 74 7.81969511808756 0.002653433570711413
3.75 4 74 75 7.490090009393232 0.005833684429659858
3.75 4 75 76 7.17000258567408 0.0034287561979822
3.75 4 76 77 6.854532327761197 0.003156847406857597
3.75 4 77 78 6.546815965335596 0.002589029008746105
3.75 4 78 79 6.249225795812176 0.002086995489201212
3.75 4 79 80 5.960470428801345 0.001618051000654414
3.75 4 80 81 5.680576022159752 0.001185548164102782
3.75 4 81 82 5.409545494664682 0.0007959706493359277
3.75 4 82 83 5.147344549801513 0.000649172665072436
3.75 4 83 84 4.893935691193366 0.0006446304653293006
3.75 4 84 85 4.649272845095995 0.0006546302880380528
3.75 4 85 86 4.415153742067067 0.0006548618224440192
3.75 4 86 87 4.185876844150055 0.0006623565515218868
3.75 4 87 88 3.967011328308311 0.0006647635590845392
3.75 4 88 89 3.756590175974584 0.0006949538986983213
3.75 4 89 90 3.554398129783603 0.0007175325913722967
3.75 4 90 91 3.360319820109261 0.0006648417470107224
3.75 4 91 92 3.174260291002764 0.0006564617187575974
3.75 4 92 93 2.996046691549467 0.0006457969589737597
3.75 4 93 94 2.825517277751787 0.0006330766589475456
3.75 4 94 95 2.662502051911203 0.000618523892786098
3.75 4 95 96 2.506823682292734 0.0006059394219216495
3.75 4 96 97 2.358298419050148 0.0002727460546448427
3.75 4 97 98 2.216736905128717 0.0002553949189487392
3.75 4 98 99 2.081945127737303 0.0002404301916571693
3.75 4 99 100 1.953725174751791 0.0002280655719715132
4 5 50 51 16.85555502948634 0.01699798310475638
4 5 51 52 16.08093255976195 0.01634896189150687
4 5 52 53 15.34466293815534 0.01591670772195662
4 5 53 54 14.64463685440529 0.01535085411475733
4 5 54 55 13.97874503724183 0.01477341740860573
4 5 55 56 13.34500754284922 0.01433994174749251
4 5 56 57 12.73530230759972 0.006530576897486382
4 5 57 58 12.16097409826033 0.006312372293367306
4 5 58 59 11.61383665519495 0.006104307466799318
4 5 59 60 11.09245419632784 0.005904833524060269
4 5 60 61 10.59545266686472 0.005713701550131285
4 5 61 62 10.12155578418272 0.005530253297341431
4 5 62 63 9.669549230964698 0.005353942308079347
4 5 63 64 9.238281899333675 0.005184813818945738
4 5 64 65 8.826656591691066 0.005022328407359079
4 5 65 66 8.43361743013925 0.004866282547940152
4 5 66 67 8.059537777230673 0.00463832559331004
4 5 67 68 7.700424492413405 0.004490688082863166
4 5 68 69 7.358216023445094 0.002187358616350741
4 5 69 70 7.02628517328941 0.002125563270373721
4 5 70 71 6.705254448472582 0.00205283468017868
4 5 71 72 6.393883998475284 0.001972061291912765
4 5 72 73 6.092967187845767 0.001949829588881565
4 5 73 74 5.801820535735912 0.002068454275338913
4 5 74 75 5.519450953064361 0.001700100108604694
4 5 75 76 5.246939257330499 0.001059104105376376
4 5 76 77 4.98455474106059 0.001016750349109349
4 5 77 78 4.731146797594833 0.0006997282508637629
4 5 78 79 4.487408630772831 0.0006699907380518913
4 5 79 80 4.252720448676451 0.0005364205563676323
4 5 80 81 4.024523429496999 0.002052744139861478
4 5 81 82 3.807959210096097 0.000468626587421744
4 5 82 83 3.602606190629724 0.002292910238884276
4 5 83 84 3.403458053807086 0.0021328450362793
4 5 84 85 3.212377974779919 0.001964695362964308
4 5 85 86 3.029507814958598 0.001747274889001588
4 5 86 87 2.855186883658283 0.001704587719000452
4 5 87 88 2.688153823998685 0.001500826338664317
4 5 88 89 2.528755797664769 0.001309379881039233
4 5 89 90 2.362713880092123 0.001549729087379069
4 5 90 91 2.232052990132612 0.0009830465249450878
4 5 91 92 2.094332297851305 0.0008602899778269062
4 5 92 93 1.962658320905625 0.001538588037157473
4 5 93 94 1.838372042249121 0.001455970537748316
4 5 94 95 1.720457096568148 0.00137652018344085
4 5 95 96 1.608696240075054 0.001309030053517777
4 5 96 97 1.50287205790214 0.001267197977013999
4 5 97 98 1.402767575282948 0.001233715035750368
4 5 98 99 1.308166833014123 0.001205289951867267
4 5 99 100 1.218855426948716 0.001179144163468366
-5 5 50 100 26060.07372907967 1.784714425761354
